0.2   0.563711937029   0.41022238005
0.296   0.559742942428   0.455592608381
0.392   0.556310179236   0.48526953203
0.488   0.553394082679   0.505022339561
0.584   0.550960475312   0.517967934639
0.68   0.548964978979   0.526254855663
0.776   0.547357062216   0.531498971871
0.872   0.546084245348   0.534833703517
0.968   0.54509551538   0.536983391758
1.064   0.544343786463   0.538387836275
1.16   0.543787190027   0.539311441602
1.256   0.543389211307   0.539915848398
1.352   0.543116843541   0.540304133288
1.448   0.542940376496   0.540545385945
1.544   0.542832388745   0.540690575698
1.64   0.542770267607   0.540773069352
1.736   0.54273481332   0.54081948991
1.832   0.542715517647   0.540844957339
1.928   0.542705183005   0.540858761022
2.024   0.542699696009   0.540866186645
2.12   0.542696796759   0.540870163558
2.216   0.542695268826   0.540872288145
2.312   0.542694464716   0.540873421614
2.408   0.542694041852   0.540874025876
2.504   0.542693819566   0.540874347887
2.6   0.542693702742   0.540874519452
2.696   0.542693641351   0.54087461085
2.792   0.542693609092   0.540874659538
2.888   0.542693592142   0.540874685473
2.984   0.542693583236   0.540874699289
3.08   0.542693578556   0.540874706648
3.176   0.542693576097   0.540874710568
3.272   0.542693574805   0.540874712656
3.368   0.542693574126   0.540874713768
3.464   0.54269357377   0.54087471436
3.56   0.542693573582   0.540874714676
3.656   0.542693573484   0.540874714844
3.752   0.542693573432   0.540874714933
3.848   0.542693573405   0.540874714981
3.944   0.54269357339   0.540874715007
4.04   0.542693573383   0.54087471502
4.136   0.542693573379   0.540874715027
4.232   0.542693573377   0.540874715031
4.328   0.542693573376   0.540874715033
4.424   0.542693573375   0.540874715034
4.52   0.542693573375   0.540874715035
4.616   0.542693573375   0.540874715035
4.712   0.542693573375   0.540874715035
4.808   0.542693573375   0.540874715035
4.904   0.542693573375   0.540874715035
5.0   0.542693573375   0.540874715035
5.096   0.542693573375   0.540874715035
5.192   0.542693573375   0.540874715035
5.288   0.542693573375   0.540874715035
5.384   0.542693573375   0.540874715036
5.48   0.542693573375   0.540874715036
5.576   0.542693573375   0.540874715036
5.672   0.542693573375   0.540874715036
5.768   0.542693573375   0.540874715036
5.864   0.542693573375   0.540874715036
5.96   0.542693573375   0.540874715036
6.056   0.542693573375   0.540874715036
6.152   0.542693573375   0.540874715036
6.248   0.542693573375   0.540874715036
6.344   0.542693573375   0.540874715036
6.44   0.542693573375   0.540874715036
6.536   0.542693573375   0.540874715036
6.632   0.542693573375   0.540874715036
6.728   0.542693573375   0.540874715036
6.824   0.542693573375   0.540874715036
6.92   0.542693573375   0.540874715036
7.016   0.542693573375   0.540874715036
7.112   0.542693573375   0.540874715036
7.208   0.542693573375   0.540874715036
7.304   0.542693573375   0.540874715036
7.4   0.542693573375   0.540874715036
7.496   0.542693573375   0.540874715036
7.592   0.542693573375   0.540874715036
7.688   0.542693573375   0.540874715036
7.784   0.542693573375   0.540874715036
7.88   0.542693573375   0.540874715036
7.976   0.542693573375   0.540874715036
8.072   0.542693573375   0.540874715036
8.168   0.542693573375   0.540874715036
8.264   0.542693573375   0.540874715036
8.36   0.542693573375   0.540874715036
8.456   0.542693573375   0.540874715036
8.552   0.542693573375   0.540874715036
8.648   0.542693573375   0.540874715036
8.744   0.542693573375   0.540874715036
8.84   0.542693573375   0.540874715036
8.936   0.542693573375   0.540874715036
9.032   0.542693573375   0.540874715036
9.128   0.542693573375   0.540874715036
9.224   0.542693573375   0.540874715036
9.32   0.542693573375   0.540874715036
9.416   0.542693573375   0.540874715036
9.512   0.542693573375   0.540874715036
9.608   0.542693573375   0.540874715036
9.704   0.542693573375   0.540874715036
