0.2   0.562952522435   0.399848585397
0.296   0.558670980201   0.445409039636
0.392   0.554978952309   0.475546674028
0.488   0.551867967806   0.495901712482
0.584   0.549315366751   0.509502639969
0.68   0.547287341983   0.518375601348
0.776   0.545739860403   0.524031772773
0.872   0.54461742432   0.527570225994
0.968   0.543851069691   0.529742922083
1.064   0.543360622299   0.531048563425
1.16   0.543065269208   0.531815827747
1.256   0.542896164333   0.53225797503
1.352   0.542802162281   0.532509654873
1.448   0.542751273496   0.532651506151
1.544   0.542724080289   0.532731114005
1.64   0.542709657617   0.532775688779
1.736   0.542702040343   0.532800619131
1.832   0.542698026706   0.532814555111
1.928   0.542695914582   0.532822343514
2.024   0.542694803884   0.532826695856
2.12   0.542694220026   0.532829127994
2.216   0.542693913175   0.532830487103
2.312   0.542693751924   0.532831246598
2.408   0.542693667192   0.532831671021
2.504   0.54269362267   0.532831908201
2.6   0.542693599276   0.532832040744
2.696   0.542693586984   0.532832114814
2.792   0.542693580525   0.532832156206
2.888   0.542693577132   0.532832179338
2.984   0.542693575349   0.532832192265
3.08   0.542693574412   0.532832199489
3.176   0.54269357392   0.532832203526
3.272   0.542693573661   0.532832205782
3.368   0.542693573525   0.532832207043
3.464   0.542693573454   0.532832207747
3.56   0.542693573416   0.532832208141
3.656   0.542693573396   0.532832208361
3.752   0.542693573386   0.532832208484
3.848   0.542693573381   0.532832208553
3.944   0.542693573378   0.532832208591
4.04   0.542693573376   0.532832208613
4.136   0.542693573376   0.532832208625
4.232   0.542693573375   0.532832208631
4.328   0.542693573375   0.532832208635
4.424   0.542693573375   0.532832208637
4.52   0.542693573375   0.532832208638
4.616   0.542693573375   0.532832208639
4.712   0.542693573375   0.532832208639
4.808   0.542693573375   0.53283220864
4.904   0.542693573375   0.53283220864
5.0   0.542693573375   0.53283220864
5.096   0.542693573375   0.53283220864
5.192   0.542693573375   0.53283220864
5.288   0.542693573375   0.53283220864
5.384   0.542693573375   0.53283220864
5.48   0.542693573375   0.53283220864
5.576   0.542693573375   0.53283220864
5.672   0.542693573375   0.53283220864
5.768   0.542693573375   0.53283220864
5.864   0.542693573375   0.53283220864
5.96   0.542693573375   0.53283220864
6.056   0.542693573375   0.53283220864
6.152   0.542693573375   0.53283220864
6.248   0.542693573375   0.53283220864
6.344   0.542693573375   0.53283220864
6.44   0.542693573375   0.53283220864
6.536   0.542693573375   0.53283220864
6.632   0.542693573375   0.53283220864
6.728   0.542693573375   0.53283220864
6.824   0.542693573375   0.53283220864
6.92   0.542693573375   0.53283220864
7.016   0.542693573375   0.53283220864
7.112   0.542693573375   0.53283220864
7.208   0.542693573375   0.53283220864
7.304   0.542693573375   0.53283220864
7.4   0.542693573375   0.53283220864
7.496   0.542693573375   0.53283220864
7.592   0.542693573375   0.53283220864
7.688   0.542693573375   0.53283220864
7.784   0.542693573375   0.53283220864
7.88   0.542693573375   0.53283220864
7.976   0.542693573375   0.53283220864
8.072   0.542693573375   0.53283220864
8.168   0.542693573375   0.53283220864
8.264   0.542693573375   0.53283220864
8.36   0.542693573375   0.53283220864
8.456   0.542693573375   0.53283220864
8.552   0.542693573375   0.53283220864
8.648   0.542693573375   0.53283220864
8.744   0.542693573375   0.53283220864
8.84   0.542693573375   0.53283220864
8.936   0.542693573375   0.53283220864
9.032   0.542693573375   0.53283220864
9.128   0.542693573375   0.53283220864
9.224   0.542693573375   0.53283220864
9.32   0.542693573375   0.53283220864
9.416   0.542693573375   0.53283220864
9.512   0.542693573375   0.53283220864
9.608   0.542693573375   0.53283220864
9.704   0.542693573375   0.53283220864
