0.2   0.562495038708   0.398391920005
0.296   0.558053469228   0.441874631393
0.392   0.554252770642   0.47106284862
0.488   0.55109059593   0.491005305431
0.584   0.54854826948   0.504472990916
0.68   0.546590287992   0.513333650675
0.776   0.545160791038   0.518996401628
0.872   0.544180688427   0.522518910965
0.968   0.543551797429   0.524656891568
1.064   0.543172357357   0.525927202511
1.16   0.542954687084   0.526669646404
1.256   0.542833638218   0.527098824731
1.352   0.542768038425   0.527345483883
1.448   0.542732957881   0.527486723706
1.544   0.54271434271   0.527567498387
1.64   0.542704508097   0.527613672484
1.736   0.542699325115   0.527640065388
1.832   0.542696597324   0.527655152446
1.928   0.542695162767   0.527663777613
2.024   0.542694408638   0.527668709051
2.12   0.542694012289   0.527671528825
2.216   0.542693804006   0.527673141254
2.312   0.542693694559   0.527674063327
2.408   0.542693637049   0.527674590631
2.504   0.542693606832   0.527674892185
2.6   0.542693590954   0.52767506464
2.696   0.542693582611   0.527675163266
2.792   0.542693578228   0.527675219669
2.888   0.542693575925   0.527675251926
2.984   0.542693574715   0.527675270373
3.08   0.542693574079   0.527675280923
3.176   0.542693573745   0.527675286957
3.272   0.542693573569   0.527675290407
3.368   0.542693573477   0.527675292381
3.464   0.542693573428   0.527675293509
3.56   0.542693573403   0.527675294155
3.656   0.542693573389   0.527675294524
3.752   0.542693573382   0.527675294735
3.848   0.542693573379   0.527675294856
3.944   0.542693573377   0.527675294925
4.04   0.542693573376   0.527675294964
4.136   0.542693573375   0.527675294987
4.232   0.542693573375   0.527675295
4.328   0.542693573375   0.527675295007
4.424   0.542693573375   0.527675295011
4.52   0.542693573375   0.527675295014
4.616   0.542693573375   0.527675295015
4.712   0.542693573375   0.527675295016
4.808   0.542693573375   0.527675295016
4.904   0.542693573375   0.527675295017
5.0   0.542693573375   0.527675295017
5.096   0.542693573375   0.527675295017
5.192   0.542693573375   0.527675295017
5.288   0.542693573375   0.527675295017
5.384   0.542693573375   0.527675295017
5.48   0.542693573375   0.527675295017
5.576   0.542693573375   0.527675295017
5.672   0.542693573375   0.527675295017
5.768   0.542693573375   0.527675295017
5.864   0.542693573375   0.527675295017
5.96   0.542693573375   0.527675295017
6.056   0.542693573375   0.527675295017
6.152   0.542693573375   0.527675295017
6.248   0.542693573375   0.527675295017
6.344   0.542693573375   0.527675295017
6.44   0.542693573375   0.527675295017
6.536   0.542693573375   0.527675295017
6.632   0.542693573375   0.527675295017
6.728   0.542693573375   0.527675295017
6.824   0.542693573375   0.527675295017
6.92   0.542693573375   0.527675295017
7.016   0.542693573375   0.527675295017
7.112   0.542693573375   0.527675295017
7.208   0.542693573375   0.527675295017
7.304   0.542693573375   0.527675295017
7.4   0.542693573375   0.527675295017
7.496   0.542693573375   0.527675295017
7.592   0.542693573375   0.527675295017
7.688   0.542693573375   0.527675295017
7.784   0.542693573375   0.527675295017
7.88   0.542693573375   0.527675295017
7.976   0.542693573375   0.527675295017
8.072   0.542693573375   0.527675295017
8.168   0.542693573375   0.527675295017
8.264   0.542693573375   0.527675295017
8.36   0.542693573375   0.527675295017
8.456   0.542693573375   0.527675295017
8.552   0.542693573375   0.527675295017
8.648   0.542693573375   0.527675295017
8.744   0.542693573375   0.527675295017
8.84   0.542693573375   0.527675295017
8.936   0.542693573375   0.527675295017
9.032   0.542693573375   0.527675295017
9.128   0.542693573375   0.527675295017
9.224   0.542693573375   0.527675295017
9.32   0.542693573375   0.527675295017
9.416   0.542693573375   0.527675295017
9.512   0.542693573375   0.527675295017
9.608   0.542693573375   0.527675295017
9.704   0.542693573375   0.527675295017
