0.2   0.564216121584   0.425827719658
0.296   0.560497729221   0.466946747919
0.392   0.55731117202   0.494077576318
0.488   0.554633130624   0.512071403795
0.584   0.552427106326   0.523699249124
0.68   0.550648080104   0.530991581117
0.776   0.549246585349   0.535503086011
0.872   0.548172520983   0.538301182477
0.968   0.547377432272   0.540047147446
1.064   0.546814936584   0.541134139953
1.16   0.546438670192   0.541799614146
1.256   0.546202890586   0.542195058303
1.352   0.54606419723   0.542421728236
1.448   0.5459871381   0.542547710615
1.544   0.545945219385   0.542616014981
1.64   0.545923191634   0.542652556135
1.736   0.545911764382   0.542671947408
1.832   0.545905877546   0.542682190177
1.928   0.545902856247   0.542687586857
2.024   0.545901308704   0.542690426431
2.12   0.545900516863   0.542691919493
2.216   0.545900111919   0.542692704275
2.312   0.545899904891   0.542693116697
2.408   0.545899799064   0.542693333416
2.504   0.545899744972   0.542693447291
2.6   0.545899717325   0.542693507126
2.696   0.545899703194   0.542693538566
2.792   0.545899695972   0.542693555085
2.888   0.545899692281   0.542693563765
2.984   0.545899690395   0.542693568325
3.08   0.54589968943   0.542693570722
3.176   0.545899688938   0.542693571981
3.272   0.545899688686   0.542693572642
3.368   0.545899688557   0.54269357299
3.464   0.545899688491   0.542693573172
3.56   0.545899688458   0.542693573268
3.656   0.545899688441   0.542693573319
3.752   0.545899688432   0.542693573345
3.848   0.545899688427   0.542693573359
3.944   0.545899688425   0.542693573367
4.04   0.545899688424   0.54269357337
4.136   0.545899688423   0.542693573372
4.232   0.545899688423   0.542693573373
4.328   0.545899688423   0.542693573374
4.424   0.545899688423   0.542693573374
4.52   0.545899688423   0.542693573374
4.616   0.545899688423   0.542693573375
4.712   0.545899688423   0.542693573375
4.808   0.545899688423   0.542693573375
4.904   0.545899688423   0.542693573375
5.0   0.545899688423   0.542693573375
5.096   0.545899688423   0.542693573375
5.192   0.545899688423   0.542693573375
5.288   0.545899688423   0.542693573375
5.384   0.545899688423   0.542693573375
5.48   0.545899688423   0.542693573375
5.576   0.545899688423   0.542693573375
5.672   0.545899688423   0.542693573375
5.768   0.545899688423   0.542693573375
5.864   0.545899688423   0.542693573375
5.96   0.545899688423   0.542693573375
6.056   0.545899688423   0.542693573375
6.152   0.545899688423   0.542693573375
6.248   0.545899688423   0.542693573375
6.344   0.545899688423   0.542693573375
6.44   0.545899688423   0.542693573375
6.536   0.545899688423   0.542693573375
6.632   0.545899688423   0.542693573375
6.728   0.545899688423   0.542693573375
6.824   0.545899688423   0.542693573375
6.92   0.545899688423   0.542693573375
7.016   0.545899688423   0.542693573375
7.112   0.545899688423   0.542693573375
7.208   0.545899688423   0.542693573375
7.304   0.545899688423   0.542693573375
7.4   0.545899688423   0.542693573375
7.496   0.545899688423   0.542693573375
7.592   0.545899688423   0.542693573375
7.688   0.545899688423   0.542693573375
7.784   0.545899688423   0.542693573375
7.88   0.545899688423   0.542693573375
7.976   0.545899688423   0.542693573375
8.072   0.545899688423   0.542693573375
8.168   0.545899688423   0.542693573375
8.264   0.545899688423   0.542693573375
8.36   0.545899688423   0.542693573375
8.456   0.545899688423   0.542693573375
8.552   0.545899688423   0.542693573375
8.648   0.545899688423   0.542693573375
8.744   0.545899688423   0.542693573375
8.84   0.545899688423   0.542693573375
8.936   0.545899688423   0.542693573375
9.032   0.545899688423   0.542693573375
9.128   0.545899688423   0.542693573375
9.224   0.545899688423   0.542693573375
9.32   0.545899688423   0.542693573375
9.416   0.545899688423   0.542693573375
9.512   0.545899688423   0.542693573375
9.608   0.545899688423   0.542693573375
9.704   0.545899688423   0.542693573375
