0.2   0.564337609269   0.436903650629
0.296   0.560702563035   0.473888944886
0.392   0.557610992314   0.498684441314
0.488   0.555037611945   0.515233991911
0.584   0.552945229258   0.525926412205
0.68   0.551289375179   0.532599756715
0.776   0.550021648159   0.53668689381
0.872   0.549091562767   0.539173666207
0.968   0.548445851035   0.540674468281
1.064   0.548026200591   0.541563316072
1.16   0.547772217535   0.542075015269
1.256   0.547628559768   0.542360650301
1.352   0.547550078935   0.542516409682
1.448   0.547508981114   0.542599883341
1.544   0.547487848647   0.542644176823
1.64   0.547477091469   0.542667574758
1.736   0.547471645459   0.542679901693
1.832   0.547468896275   0.542686387077
1.928   0.547467510565   0.542689796803
2.024   0.547466812657   0.542691588891
2.12   0.5474664613   0.542692530631
2.216   0.547466284451   0.542693025477
2.312   0.547466195445   0.542693285491
2.408   0.547466150653   0.542693422112
2.504   0.547466128113   0.542693493897
2.6   0.547466116769   0.542693531614
2.696   0.547466111061   0.542693551433
2.792   0.547466108188   0.542693561846
2.888   0.547466106743   0.542693567317
2.984   0.547466106016   0.542693570192
3.08   0.547466105649   0.542693571702
3.176   0.547466105465   0.542693572496
3.272   0.547466105373   0.542693572913
3.368   0.547466105326   0.542693573132
3.464   0.547466105302   0.542693573247
3.56   0.547466105291   0.542693573308
3.656   0.547466105285   0.542693573339
3.752   0.547466105282   0.542693573356
3.848   0.54746610528   0.542693573365
3.944   0.547466105279   0.54269357337
4.04   0.547466105279   0.542693573372
4.136   0.547466105279   0.542693573373
4.232   0.547466105279   0.542693573374
4.328   0.547466105279   0.542693573374
4.424   0.547466105279   0.542693573374
4.52   0.547466105279   0.542693573375
4.616   0.547466105279   0.542693573375
4.712   0.547466105279   0.542693573375
4.808   0.547466105279   0.542693573375
4.904   0.547466105279   0.542693573375
5.0   0.547466105279   0.542693573375
5.096   0.547466105279   0.542693573375
5.192   0.547466105279   0.542693573375
5.288   0.547466105279   0.542693573375
5.384   0.547466105279   0.542693573375
5.48   0.547466105279   0.542693573375
5.576   0.547466105279   0.542693573375
5.672   0.547466105279   0.542693573375
5.768   0.547466105279   0.542693573375
5.864   0.547466105279   0.542693573375
5.96   0.547466105279   0.542693573375
6.056   0.547466105279   0.542693573375
6.152   0.547466105279   0.542693573375
6.248   0.547466105279   0.542693573375
6.344   0.547466105279   0.542693573375
6.44   0.547466105279   0.542693573375
6.536   0.547466105279   0.542693573375
6.632   0.547466105279   0.542693573375
6.728   0.547466105279   0.542693573375
6.824   0.547466105279   0.542693573375
6.92   0.547466105279   0.542693573375
7.016   0.547466105279   0.542693573375
7.112   0.547466105279   0.542693573375
7.208   0.547466105279   0.542693573375
7.304   0.547466105279   0.542693573375
7.4   0.547466105279   0.542693573375
7.496   0.547466105279   0.542693573375
7.592   0.547466105279   0.542693573375
7.688   0.547466105279   0.542693573375
7.784   0.547466105279   0.542693573375
7.88   0.547466105279   0.542693573375
7.976   0.547466105279   0.542693573375
8.072   0.547466105279   0.542693573375
8.168   0.547466105279   0.542693573375
8.264   0.547466105279   0.542693573375
8.36   0.547466105279   0.542693573375
8.456   0.547466105279   0.542693573375
8.552   0.547466105279   0.542693573375
8.648   0.547466105279   0.542693573375
8.744   0.547466105279   0.542693573375
8.84   0.547466105279   0.542693573375
8.936   0.547466105279   0.542693573375
9.032   0.547466105279   0.542693573375
9.128   0.547466105279   0.542693573375
9.224   0.547466105279   0.542693573375
9.32   0.547466105279   0.542693573375
9.416   0.547466105279   0.542693573375
9.512   0.547466105279   0.542693573375
9.608   0.547466105279   0.542693573375
9.704   0.547466105279   0.542693573375
