0.2   0.562165301288   0.20078634075
0.296   0.55760739   0.433785028648
0.392   0.553732364004   0.463932635878
0.488   0.55054530072   0.484522856431
0.584   0.548029895863   0.498448643922
0.68   0.546144087202   0.507625947843
0.776   0.544814525681   0.513490466594
0.872   0.543938086677   0.517131259278
0.968   0.543396626805   0.519337784231
1.064   0.543079933421   0.520651362964
1.16   0.542902172975   0.521424299999
1.256   0.542804842277   0.521876127003
1.352   0.542752537976   0.522139500268
1.448   0.542724703033   0.522292797308
1.544   0.542709973035   0.522382023714
1.64   0.542702202782   0.522433961151
1.736   0.542698111143   0.522464203928
1.832   0.542695958696   0.522481819035
1.928   0.542694826994   0.522492081421
2.024   0.54269423215   0.522498061212
2.12   0.542693919539   0.522501546004
2.216   0.542693755267   0.522503576978
2.312   0.542693668948   0.522504760719
2.408   0.542693623593   0.522505450682
2.504   0.542693599761   0.522505852847
2.6   0.542693587239   0.522506087265
2.696   0.542693580659   0.522506223907
2.792   0.542693577202   0.522506303555
2.888   0.542693575386   0.522506349982
2.984   0.542693574431   0.522506377044
3.08   0.54269357393   0.522506392819
3.176   0.542693573666   0.522506402014
3.272   0.542693573528   0.522506407374
3.368   0.542693573455   0.522506410498
3.464   0.542693573417   0.52250641232
3.56   0.542693573397   0.522506413381
3.656   0.542693573386   0.522506414
3.752   0.542693573381   0.522506414361
3.848   0.542693573378   0.522506414571
3.944   0.542693573376   0.522506414694
4.04   0.542693573376   0.522506414765
4.136   0.542693573375   0.522506414807
4.232   0.542693573375   0.522506414831
4.328   0.542693573375   0.522506414845
4.424   0.542693573375   0.522506414853
4.52   0.542693573375   0.522506414858
4.616   0.542693573375   0.522506414861
4.712   0.542693573375   0.522506414863
4.808   0.542693573375   0.522506414864
4.904   0.542693573375   0.522506414864
5.0   0.542693573375   0.522506414864
5.096   0.542693573375   0.522506414865
5.192   0.542693573375   0.522506414865
5.288   0.542693573375   0.522506414865
5.384   0.542693573375   0.522506414865
5.48   0.542693573375   0.522506414865
5.576   0.542693573375   0.522506414865
5.672   0.542693573375   0.522506414865
5.768   0.542693573375   0.522506414865
5.864   0.542693573375   0.522506414865
5.96   0.542693573375   0.522506414865
6.056   0.542693573375   0.522506414865
6.152   0.542693573375   0.522506414865
6.248   0.542693573375   0.522506414865
6.344   0.542693573375   0.522506414865
6.44   0.542693573375   0.522506414865
6.536   0.542693573375   0.522506414865
6.632   0.542693573375   0.522506414865
6.728   0.542693573375   0.522506414865
6.824   0.542693573375   0.522506414865
6.92   0.542693573375   0.522506414865
7.016   0.542693573375   0.522506414865
7.112   0.542693573375   0.522506414865
7.208   0.542693573375   0.522506414865
7.304   0.542693573375   0.522506414865
7.4   0.542693573375   0.522506414865
7.496   0.542693573375   0.522506414865
7.592   0.542693573375   0.522506414865
7.688   0.542693573375   0.522506414865
7.784   0.542693573375   0.522506414865
7.88   0.542693573375   0.522506414865
7.976   0.542693573375   0.522506414865
8.072   0.542693573375   0.522506414865
8.168   0.542693573375   0.522506414865
8.264   0.542693573375   0.522506414865
8.36   0.542693573375   0.522506414865
8.456   0.542693573375   0.522506414865
8.552   0.542693573375   0.522506414865
8.648   0.542693573375   0.522506414865
8.744   0.542693573375   0.522506414865
8.84   0.542693573375   0.522506414865
8.936   0.542693573375   0.522506414865
9.032   0.542693573375   0.522506414865
9.128   0.542693573375   0.522506414865
9.224   0.542693573375   0.522506414865
9.32   0.542693573375   0.522506414865
9.416   0.542693573375   0.522506414865
9.512   0.542693573375   0.522506414865
9.608   0.542693573375   0.522506414865
9.704   0.542693573375   0.522506414865
