0.2   0.562623378734   0.393685983668
0.296   0.558218147844   0.439731390872
0.392   0.554436752046   0.470257237309
0.488   0.551277578162   0.490948299926
0.584   0.548723248407   0.504840848794
0.68   0.54674084799   0.513941270421
0.776   0.545279115617   0.519741405038
0.872   0.544265279466   0.523345992866
0.968   0.543607053362   0.525534281477
1.064   0.543205843576   0.526834831104
1.16   0.542973955851   0.527594507177
1.256   0.542844282863   0.528032911543
1.352   0.54277379343   0.528284257528
1.448   0.542736030406   0.528427791342
1.544   0.542715971408   0.528509493151
1.64   0.54270536801   0.528556062934
1.736   0.542699778132   0.528582582059
1.832   0.542696835694   0.528597683513
1.928   0.542695288112   0.528606283762
2.024   0.542694474525   0.528611181998
2.12   0.542694046917   0.528613971967
2.216   0.542693822202   0.528615561181
2.312   0.54269370412   0.528616466461
2.408   0.542693642073   0.528616982157
2.504   0.542693609471   0.528617275931
2.6   0.542693592341   0.528617443286
2.696   0.54269358334   0.528617538624
2.792   0.542693578611   0.528617592936
2.888   0.542693576126   0.528617623876
2.984   0.54269357482   0.528617641502
3.08   0.542693574134   0.528617651544
3.176   0.542693573774   0.528617657264
3.272   0.542693573584   0.528617660523
3.368   0.542693573485   0.528617662379
3.464   0.542693573433   0.528617663437
3.56   0.542693573405   0.528617664039
3.656   0.542693573391   0.528617664383
3.752   0.542693573383   0.528617664578
3.848   0.542693573379   0.528617664689
3.944   0.542693573377   0.528617664753
4.04   0.542693573376   0.528617664789
4.136   0.542693573375   0.52861766481
4.232   0.542693573375   0.528617664821
4.328   0.542693573375   0.528617664828
4.424   0.542693573375   0.528617664832
4.52   0.542693573375   0.528617664834
4.616   0.542693573375   0.528617664835
4.712   0.542693573375   0.528617664836
4.808   0.542693573375   0.528617664836
4.904   0.542693573375   0.528617664837
5.0   0.542693573375   0.528617664837
5.096   0.542693573375   0.528617664837
5.192   0.542693573375   0.528617664837
5.288   0.542693573375   0.528617664837
5.384   0.542693573375   0.528617664837
5.48   0.542693573375   0.528617664837
5.576   0.542693573375   0.528617664837
5.672   0.542693573375   0.528617664837
5.768   0.542693573375   0.528617664837
5.864   0.542693573375   0.528617664837
5.96   0.542693573375   0.528617664837
6.056   0.542693573375   0.528617664837
6.152   0.542693573375   0.528617664837
6.248   0.542693573375   0.528617664837
6.344   0.542693573375   0.528617664837
6.44   0.542693573375   0.528617664837
6.536   0.542693573375   0.528617664837
6.632   0.542693573375   0.528617664837
6.728   0.542693573375   0.528617664837
6.824   0.542693573375   0.528617664837
6.92   0.542693573375   0.528617664837
7.016   0.542693573375   0.528617664837
7.112   0.542693573375   0.528617664837
7.208   0.542693573375   0.528617664837
7.304   0.542693573375   0.528617664837
7.4   0.542693573375   0.528617664837
7.496   0.542693573375   0.528617664837
7.592   0.542693573375   0.528617664837
7.688   0.542693573375   0.528617664837
7.784   0.542693573375   0.528617664837
7.88   0.542693573375   0.528617664837
7.976   0.542693573375   0.528617664837
8.072   0.542693573375   0.528617664837
8.168   0.542693573375   0.528617664837
8.264   0.542693573375   0.528617664837
8.36   0.542693573375   0.528617664837
8.456   0.542693573375   0.528617664837
8.552   0.542693573375   0.528617664837
8.648   0.542693573375   0.528617664837
8.744   0.542693573375   0.528617664837
8.84   0.542693573375   0.528617664837
8.936   0.542693573375   0.528617664837
9.032   0.542693573375   0.528617664837
9.128   0.542693573375   0.528617664837
9.224   0.542693573375   0.528617664837
9.32   0.542693573375   0.528617664837
9.416   0.542693573375   0.528617664837
9.512   0.542693573375   0.528617664837
9.608   0.542693573375   0.528617664837
9.704   0.542693573375   0.528617664837
