0.2   0.56455393648   0.425222238304
0.296   0.560989883827   0.468002106503
0.392   0.557953638876   0.495816611127
0.488   0.555425780785   0.513984548984
0.584   0.553374754204   0.525497415251
0.68   0.55176098201   0.532542331409
0.776   0.550539389075   0.536771478441
0.872   0.549659929656   0.539291977926
0.968   0.549065756526   0.540779363488
1.064   0.548692314639   0.541639563846
1.16   0.548473885734   0.542123823226
1.256   0.548353819398   0.542389449072
1.352   0.548289887774   0.542532529099
1.448   0.548256977937   0.542608621252
1.544   0.548240277944   0.542648851738
1.64   0.548231869258   0.542670054569
1.736   0.548227652864   0.542681211089
1.832   0.54822554321   0.542687076809
1.928   0.548224488842   0.542690159674
2.024   0.548223962195   0.542691779678
2.12   0.548223699219   0.542692630909
2.216   0.548223567925   0.542693078175
2.312   0.548223502379   0.542693313183
2.408   0.548223469659   0.542693436662
2.504   0.548223453325   0.542693501542
2.6   0.548223445171   0.542693535632
2.696   0.548223441101   0.542693553543
2.792   0.548223439069   0.542693562955
2.888   0.548223438055   0.5426935679
2.984   0.548223437549   0.542693570498
3.08   0.548223437296   0.542693571863
3.176   0.54822343717   0.54269357258
3.272   0.548223437107   0.542693572957
3.368   0.548223437075   0.542693573155
3.464   0.54822343706   0.542693573259
3.56   0.548223437052   0.542693573314
3.656   0.548223437048   0.542693573343
3.752   0.548223437046   0.542693573358
3.848   0.548223437045   0.542693573366
3.944   0.548223437044   0.54269357337
4.04   0.548223437044   0.542693573372
4.136   0.548223437044   0.542693573373
4.232   0.548223437044   0.542693573374
4.328   0.548223437044   0.542693573374
4.424   0.548223437044   0.542693573374
4.52   0.548223437044   0.542693573375
4.616   0.548223437044   0.542693573375
4.712   0.548223437044   0.542693573375
4.808   0.548223437044   0.542693573375
4.904   0.548223437044   0.542693573375
5.0   0.548223437044   0.542693573375
5.096   0.548223437044   0.542693573375
5.192   0.548223437044   0.542693573375
5.288   0.548223437044   0.542693573375
5.384   0.548223437044   0.542693573375
5.48   0.548223437044   0.542693573375
5.576   0.548223437044   0.542693573375
5.672   0.548223437044   0.542693573375
5.768   0.548223437044   0.542693573375
5.864   0.548223437044   0.542693573375
5.96   0.548223437044   0.542693573375
6.056   0.548223437044   0.542693573375
6.152   0.548223437044   0.542693573375
6.248   0.548223437044   0.542693573375
6.344   0.548223437044   0.542693573375
6.44   0.548223437044   0.542693573375
6.536   0.548223437044   0.542693573375
6.632   0.548223437044   0.542693573375
6.728   0.548223437044   0.542693573375
6.824   0.548223437044   0.542693573375
6.92   0.548223437044   0.542693573375
7.016   0.548223437044   0.542693573375
7.112   0.548223437044   0.542693573375
7.208   0.548223437044   0.542693573375
7.304   0.548223437044   0.542693573375
7.4   0.548223437044   0.542693573375
7.496   0.548223437044   0.542693573375
7.592   0.548223437044   0.542693573375
7.688   0.548223437044   0.542693573375
7.784   0.548223437044   0.542693573375
7.88   0.548223437044   0.542693573375
7.976   0.548223437044   0.542693573375
8.072   0.548223437044   0.542693573375
8.168   0.548223437044   0.542693573375
8.264   0.548223437044   0.542693573375
8.36   0.548223437044   0.542693573375
8.456   0.548223437044   0.542693573375
8.552   0.548223437044   0.542693573375
8.648   0.548223437044   0.542693573375
8.744   0.548223437044   0.542693573375
8.84   0.548223437044   0.542693573375
8.936   0.548223437044   0.542693573375
9.032   0.548223437044   0.542693573375
9.128   0.548223437044   0.542693573375
9.224   0.548223437044   0.542693573375
9.32   0.548223437044   0.542693573375
9.416   0.548223437044   0.542693573375
9.512   0.548223437044   0.542693573375
9.608   0.548223437044   0.542693573375
9.704   0.548223437044   0.542693573375
