0.2   0.570217195078   0.478438594684
0.296   0.569747293393   0.509549856685
0.392   0.569613174952   0.526656626833
0.488   0.569582929309   0.535100985114
0.584   0.569576533586   0.539030343362
0.68   0.569575250566   0.540877010538
0.776   0.569574994151   0.541773189413
0.872   0.569574942949   0.542220544687
0.968   0.569574932727   0.542448283779
1.064   0.569574930687   0.542565687339
1.16   0.569574930279   0.542626681693
1.256   0.569574930198   0.542658518364
1.352   0.569574930182   0.542675182078
1.448   0.569574930179   0.542683918313
1.544   0.569574930178   0.54268850278
1.64   0.569574930178   0.542690909862
1.736   0.569574930178   0.5426921741
1.832   0.569574930178   0.542692838217
1.928   0.569574930178   0.542693187119
2.024   0.569574930178   0.54269337043
2.12   0.569574930178   0.542693466743
2.216   0.569574930178   0.542693517348
2.312   0.569574930178   0.542693543936
2.408   0.569574930178   0.542693557907
2.504   0.569574930178   0.542693565247
2.6   0.569574930178   0.542693569104
2.696   0.569574930178   0.542693571131
2.792   0.569574930178   0.542693572196
2.888   0.569574930178   0.542693572755
2.984   0.569574930178   0.542693573049
3.08   0.569574930178   0.542693573204
3.176   0.569574930178   0.542693573285
3.272   0.569574930178   0.542693573327
3.368   0.569574930178   0.54269357335
3.464   0.569574930178   0.542693573362
3.56   0.569574930178   0.542693573368
3.656   0.569574930178   0.542693573371
3.752   0.569574930178   0.542693573373
3.848   0.569574930178   0.542693573374
3.944   0.569574930178   0.542693573374
4.04   0.569574930178   0.542693573374
4.136   0.569574930178   0.542693573375
4.232   0.569574930178   0.542693573375
4.328   0.569574930178   0.542693573375
4.424   0.569574930178   0.542693573375
4.52   0.569574930178   0.542693573375
4.616   0.569574930178   0.542693573375
4.712   0.569574930178   0.542693573375
4.808   0.569574930178   0.542693573375
4.904   0.569574930178   0.542693573375
5.0   0.569574930178   0.542693573375
5.096   0.569574930178   0.542693573375
5.192   0.569574930178   0.542693573375
5.288   0.569574930178   0.542693573375
5.384   0.569574930178   0.542693573375
5.48   0.569574930178   0.542693573375
5.576   0.569574930178   0.542693573375
5.672   0.569574930178   0.542693573375
5.768   0.569574930178   0.542693573375
5.864   0.569574930178   0.542693573375
5.96   0.569574930178   0.542693573375
6.056   0.569574930178   0.542693573375
6.152   0.569574930178   0.542693573375
6.248   0.569574930178   0.542693573375
6.344   0.569574930178   0.542693573375
6.44   0.569574930178   0.542693573375
6.536   0.569574930178   0.542693573375
6.632   0.569574930178   0.542693573375
6.728   0.569574930178   0.542693573375
6.824   0.569574930178   0.542693573375
6.92   0.569574930178   0.542693573375
7.016   0.569574930178   0.542693573375
7.112   0.569574930178   0.542693573375
7.208   0.569574930178   0.542693573375
7.304   0.569574930178   0.542693573375
7.4   0.569574930178   0.542693573375
7.496   0.569574930178   0.542693573375
7.592   0.569574930178   0.542693573375
7.688   0.569574930178   0.542693573375
7.784   0.569574930178   0.542693573375
7.88   0.569574930178   0.542693573375
7.976   0.569574930178   0.542693573375
8.072   0.569574930178   0.542693573375
8.168   0.569574930178   0.542693573375
8.264   0.569574930178   0.542693573375
8.36   0.569574930178   0.542693573375
8.456   0.569574930178   0.542693573375
8.552   0.569574930178   0.542693573375
8.648   0.569574930178   0.542693573375
8.744   0.569574930178   0.542693573375
8.84   0.569574930178   0.542693573375
8.936   0.569574930178   0.542693573375
9.032   0.569574930178   0.542693573375
9.128   0.569574930178   0.542693573375
9.224   0.569574930178   0.542693573375
9.32   0.569574930178   0.542693573375
9.416   0.569574930178   0.542693573375
9.512   0.569574930178   0.542693573375
9.608   0.569574930178   0.542693573375
9.704   0.569574930178   0.542693573375
