0.2   0.563601328087   0.425175013196
0.296   0.559616799219   0.46394605031
0.392   0.55618644406   0.490104114691
0.488   0.553285056577   0.50785270169
0.584   0.550873368491   0.519647573322
0.68   0.548902751649   0.52728770962
0.776   0.547319372159   0.532173935379
0.872   0.546068359927   0.535309531465
0.968   0.545097100638   0.537346646231
1.064   0.544357566749   0.538687194541
1.16   0.543807561041   0.539575747435
1.256   0.543410979922   0.540162964698
1.352   0.543135987218   0.540545034145
1.448   0.54295484264   0.540785952783
1.544   0.54284205811   0.540933136685
1.64   0.542776391943   0.541017872461
1.736   0.542738317029   0.541065907174
1.832   0.542717444559   0.541092398924
1.928   0.542706220712   0.541106799261
2.024   0.542700248489   0.541114554475
2.12   0.542697089095   0.541118707534
2.216   0.542695423002   0.541120924369
2.312   0.542694545885   0.541122105549
2.408   0.542694084546   0.541122734294
2.504   0.542693842011   0.541123068802
2.6   0.542693714539   0.541123246719
2.696   0.54269364755   0.541123341335
2.792   0.54269361235   0.541123391648
2.888   0.542693593854   0.541123418401
2.984   0.542693584135   0.541123432626
3.08   0.542693579029   0.54112344019
3.176   0.542693576345   0.541123444212
3.272   0.542693574936   0.541123446351
3.368   0.542693574195   0.541123447488
3.464   0.542693573806   0.541123448092
3.56   0.542693573601   0.541123448414
3.656   0.542693573494   0.541123448585
3.752   0.542693573437   0.541123448676
3.848   0.542693573408   0.541123448724
3.944   0.542693573392   0.54112344875
4.04   0.542693573384   0.541123448763
4.136   0.542693573379   0.54112344877
4.232   0.542693573377   0.541123448774
4.328   0.542693573376   0.541123448776
4.424   0.542693573375   0.541123448777
4.52   0.542693573375   0.541123448778
4.616   0.542693573375   0.541123448778
4.712   0.542693573375   0.541123448779
4.808   0.542693573375   0.541123448779
4.904   0.542693573375   0.541123448779
5.0   0.542693573375   0.541123448779
5.096   0.542693573375   0.541123448779
5.192   0.542693573375   0.541123448779
5.288   0.542693573375   0.541123448779
5.384   0.542693573375   0.541123448779
5.48   0.542693573375   0.541123448779
5.576   0.542693573375   0.541123448779
5.672   0.542693573375   0.541123448779
5.768   0.542693573375   0.541123448779
5.864   0.542693573375   0.541123448779
5.96   0.542693573375   0.541123448779
6.056   0.542693573375   0.541123448779
6.152   0.542693573375   0.541123448779
6.248   0.542693573375   0.541123448779
6.344   0.542693573375   0.541123448779
6.44   0.542693573375   0.541123448779
6.536   0.542693573375   0.541123448779
6.632   0.542693573375   0.541123448779
6.728   0.542693573375   0.541123448779
6.824   0.542693573375   0.541123448779
6.92   0.542693573375   0.541123448779
7.016   0.542693573375   0.541123448779
7.112   0.542693573375   0.541123448779
7.208   0.542693573375   0.541123448779
7.304   0.542693573375   0.541123448779
7.4   0.542693573375   0.541123448779
7.496   0.542693573375   0.541123448779
7.592   0.542693573375   0.541123448779
7.688   0.542693573375   0.541123448779
7.784   0.542693573375   0.541123448779
7.88   0.542693573375   0.541123448779
7.976   0.542693573375   0.541123448779
8.072   0.542693573375   0.541123448779
8.168   0.542693573375   0.541123448779
8.264   0.542693573375   0.541123448779
8.36   0.542693573375   0.541123448779
8.456   0.542693573375   0.541123448779
8.552   0.542693573375   0.541123448779
8.648   0.542693573375   0.541123448779
8.744   0.542693573375   0.541123448779
8.84   0.542693573375   0.541123448779
8.936   0.542693573375   0.541123448779
9.032   0.542693573375   0.541123448779
9.128   0.542693573375   0.541123448779
9.224   0.542693573375   0.541123448779
9.32   0.542693573375   0.541123448779
9.416   0.542693573375   0.541123448779
9.512   0.542693573375   0.541123448779
9.608   0.542693573375   0.541123448779
9.704   0.542693573375   0.541123448779
