0.2   0.562236183577   0.384238996192
0.296   0.557694748701   0.431444472981
0.392   0.553825484339   0.46272297074
0.488   0.550634881892   0.48395988871
0.584   0.548108558449   0.498266320655
0.68   0.546207109542   0.50766784913
0.776   0.544860485384   0.51366377853
0.872   0.5439687047   0.517381349808
0.968   0.543415494082   0.519632394921
1.064   0.54309089204   0.520971392516
1.16   0.542908296034   0.521758570906
1.256   0.54280817048   0.522218243202
1.352   0.542754320602   0.522485892168
1.448   0.542725649762   0.522641482403
1.544   0.542710473428   0.522731952218
1.64   0.542702466559   0.522784543733
1.736   0.542698249987   0.522815130584
1.832   0.54269603172   0.522832924753
1.928   0.542694865383   0.522843279069
2.024   0.542694252326   0.52284930523
2.12   0.542693930142   0.522852812863
2.216   0.542693760839   0.522854854717
2.312   0.542693671876   0.522856043384
2.408   0.542693625131   0.522856735395
2.504   0.542693600569   0.522857138275
2.6   0.542693587663   0.522857372831
2.696   0.542693580882   0.52285750939
2.792   0.542693577319   0.522857588896
2.888   0.542693575447   0.522857635185
2.984   0.542693574464   0.522857662135
3.08   0.542693573947   0.522857677825
3.176   0.542693573675   0.52285768696
3.272   0.542693573533   0.522857692279
3.368   0.542693573458   0.522857695376
3.464   0.542693573418   0.522857697178
3.56   0.542693573398   0.522857698228
3.656   0.542693573387   0.522857698839
3.752   0.542693573381   0.522857699195
3.848   0.542693573378   0.522857699402
3.944   0.542693573376   0.522857699523
4.04   0.542693573376   0.522857699593
4.136   0.542693573375   0.522857699634
4.232   0.542693573375   0.522857699658
4.328   0.542693573375   0.522857699672
4.424   0.542693573375   0.52285769968
4.52   0.542693573375   0.522857699684
4.616   0.542693573375   0.522857699687
4.712   0.542693573375   0.522857699689
4.808   0.542693573375   0.52285769969
4.904   0.542693573375   0.52285769969
5.0   0.542693573375   0.52285769969
5.096   0.542693573375   0.522857699691
5.192   0.542693573375   0.522857699691
5.288   0.542693573375   0.522857699691
5.384   0.542693573375   0.522857699691
5.48   0.542693573375   0.522857699691
5.576   0.542693573375   0.522857699691
5.672   0.542693573375   0.522857699691
5.768   0.542693573375   0.522857699691
5.864   0.542693573375   0.522857699691
5.96   0.542693573375   0.522857699691
6.056   0.542693573375   0.522857699691
6.152   0.542693573375   0.522857699691
6.248   0.542693573375   0.522857699691
6.344   0.542693573375   0.522857699691
6.44   0.542693573375   0.522857699691
6.536   0.542693573375   0.522857699691
6.632   0.542693573375   0.522857699691
6.728   0.542693573375   0.522857699691
6.824   0.542693573375   0.522857699691
6.92   0.542693573375   0.522857699691
7.016   0.542693573375   0.522857699691
7.112   0.542693573375   0.522857699691
7.208   0.542693573375   0.522857699691
7.304   0.542693573375   0.522857699691
7.4   0.542693573375   0.522857699691
7.496   0.542693573375   0.522857699691
7.592   0.542693573375   0.522857699691
7.688   0.542693573375   0.522857699691
7.784   0.542693573375   0.522857699691
7.88   0.542693573375   0.522857699691
7.976   0.542693573375   0.522857699691
8.072   0.542693573375   0.522857699691
8.168   0.542693573375   0.522857699691
8.264   0.542693573375   0.522857699691
8.36   0.542693573375   0.522857699691
8.456   0.542693573375   0.522857699691
8.552   0.542693573375   0.522857699691
8.648   0.542693573375   0.522857699691
8.744   0.542693573375   0.522857699691
8.84   0.542693573375   0.522857699691
8.936   0.542693573375   0.522857699691
9.032   0.542693573375   0.522857699691
9.128   0.542693573375   0.522857699691
9.224   0.542693573375   0.522857699691
9.32   0.542693573375   0.522857699691
9.416   0.542693573375   0.522857699691
9.512   0.542693573375   0.522857699691
9.608   0.542693573375   0.522857699691
9.704   0.542693573375   0.522857699691
