0.2   0.561144053691   0.363430956018
0.296   0.556292741414   0.410067171803
0.392   0.552290614013   0.441306852567
0.488   0.54914438989   0.462709999226
0.584   0.546811601628   0.477270710343
0.68   0.545193299387   0.486951831135
0.776   0.544145180596   0.493212359352
0.872   0.543507586673   0.497162993479
0.968   0.543138843599   0.499612985315
1.064   0.542933288275   0.501116730734
1.16   0.542821268192   0.502034939556
1.256   0.542761196088   0.502594713073
1.352   0.542729261774   0.502935794712
1.448   0.54271237153   0.503143730529
1.544   0.542703464068   0.503270584103
1.64   0.542698774195   0.503348023946
1.736   0.542696307189   0.503395324544
1.832   0.542695010135   0.503424228368
1.928   0.542694328387   0.503441896161
2.024   0.542693970109   0.503452698274
2.12   0.542693781839   0.503459303764
2.216   0.54269368291   0.50346334347
2.312   0.542693630929   0.503465814212
2.408   0.542693603615   0.50346732543
2.504   0.542693589264   0.503468249792
2.6   0.542693581723   0.503468815207
2.696   0.542693577761   0.503469161065
2.792   0.54269357568   0.503469372625
2.888   0.542693574586   0.503469502036
2.984   0.542693574011   0.503469581197
3.08   0.542693573709   0.503469629621
3.176   0.54269357355   0.503469659241
3.272   0.542693573467   0.50346967736
3.368   0.542693573423   0.503469688444
3.464   0.5426935734   0.503469695224
3.56   0.542693573388   0.503469699371
3.656   0.542693573382   0.503469701908
3.752   0.542693573378   0.50346970346
3.848   0.542693573377   0.503469704409
3.944   0.542693573376   0.50346970499
4.04   0.542693573375   0.503469705345
4.136   0.542693573375   0.503469705563
4.232   0.542693573375   0.503469705695
4.328   0.542693573375   0.503469705777
4.424   0.542693573375   0.503469705827
4.52   0.542693573375   0.503469705857
4.616   0.542693573375   0.503469705876
4.712   0.542693573375   0.503469705887
4.808   0.542693573375   0.503469705894
4.904   0.542693573375   0.503469705898
5.0   0.542693573375   0.503469705901
5.096   0.542693573375   0.503469705902
5.192   0.542693573375   0.503469705903
5.288   0.542693573375   0.503469705904
5.384   0.542693573375   0.503469705904
5.48   0.542693573375   0.503469705905
5.576   0.542693573375   0.503469705905
5.672   0.542693573375   0.503469705905
5.768   0.542693573375   0.503469705905
5.864   0.542693573375   0.503469705905
5.96   0.542693573375   0.503469705905
6.056   0.542693573375   0.503469705905
6.152   0.542693573375   0.503469705905
6.248   0.542693573375   0.503469705905
6.344   0.542693573375   0.503469705905
6.44   0.542693573375   0.503469705905
6.536   0.542693573375   0.503469705905
6.632   0.542693573375   0.503469705905
6.728   0.542693573375   0.503469705905
6.824   0.542693573375   0.503469705905
6.92   0.542693573375   0.503469705905
7.016   0.542693573375   0.503469705905
7.112   0.542693573375   0.503469705905
7.208   0.542693573375   0.503469705905
7.304   0.542693573375   0.503469705905
7.4   0.542693573375   0.503469705905
7.496   0.542693573375   0.503469705905
7.592   0.542693573375   0.503469705905
7.688   0.542693573375   0.503469705905
7.784   0.542693573375   0.503469705905
7.88   0.542693573375   0.503469705905
7.976   0.542693573375   0.503469705905
8.072   0.542693573375   0.503469705905
8.168   0.542693573375   0.503469705905
8.264   0.542693573375   0.503469705905
8.36   0.542693573375   0.503469705905
8.456   0.542693573375   0.503469705905
8.552   0.542693573375   0.503469705905
8.648   0.542693573375   0.503469705905
8.744   0.542693573375   0.503469705905
8.84   0.542693573375   0.503469705905
8.936   0.542693573375   0.503469705905
9.032   0.542693573375   0.503469705905
9.128   0.542693573375   0.503469705905
9.224   0.542693573375   0.503469705905
9.32   0.542693573375   0.503469705905
9.416   0.542693573375   0.503469705905
9.512   0.542693573375   0.503469705905
9.608   0.542693573375   0.503469705905
9.704   0.542693573375   0.503469705905
