0.2   0.562704643328   0.417029090046
0.296   0.55836379131   0.454750882132
0.392   0.554645852298   0.480663265716
0.488   0.55153644993   0.498590096775
0.584   0.549007410957   0.5107780032
0.68   0.547019622943   0.518837740912
0.776   0.545523226758   0.52402640122
0.872   0.544455628181   0.5272894235
0.968   0.543740054596   0.529294555159
1.064   0.543290337543   0.530497193351
1.16   0.543023607867   0.531202286301
1.256   0.542872540549   0.531608180931
1.352   0.542789226535   0.531839236301
1.448   0.542744316512   0.531969689707
1.544   0.542720377333   0.532043080561
1.64   0.542707698124   0.532084292856
1.736   0.542701006779   0.532107414818
1.832   0.542697482499   0.532120382141
1.928   0.542695628314   0.53212765337
2.024   0.542694653378   0.532131730404
2.12   0.542694140919   0.532134016419
2.216   0.542693871602   0.532135298213
2.312   0.542693730079   0.532136016939
2.408   0.542693655713   0.532136419947
2.504   0.542693616638   0.532136645926
2.6   0.542693596107   0.532136772641
2.696   0.542693585319   0.532136843694
2.792   0.542693579651   0.532136883536
2.888   0.542693576672   0.532136905877
2.984   0.542693575107   0.532136918405
3.08   0.542693574285   0.532136925429
3.176   0.542693573853   0.532136929368
3.272   0.542693573626   0.532136931577
3.368   0.542693573507   0.532136932816
3.464   0.542693573444   0.53213693351
3.56   0.542693573411   0.5321369339
3.656   0.542693573394   0.532136934118
3.752   0.542693573385   0.532136934241
3.848   0.54269357338   0.532136934309
3.944   0.542693573377   0.532136934348
4.04   0.542693573376   0.532136934369
4.136   0.542693573375   0.532136934381
4.232   0.542693573375   0.532136934388
4.328   0.542693573375   0.532136934392
4.424   0.542693573375   0.532136934394
4.52   0.542693573375   0.532136934395
4.616   0.542693573375   0.532136934396
4.712   0.542693573375   0.532136934396
4.808   0.542693573375   0.532136934397
4.904   0.542693573375   0.532136934397
5.0   0.542693573375   0.532136934397
5.096   0.542693573375   0.532136934397
5.192   0.542693573375   0.532136934397
5.288   0.542693573375   0.532136934397
5.384   0.542693573375   0.532136934397
5.48   0.542693573375   0.532136934397
5.576   0.542693573375   0.532136934397
5.672   0.542693573375   0.532136934397
5.768   0.542693573375   0.532136934397
5.864   0.542693573375   0.532136934397
5.96   0.542693573375   0.532136934397
6.056   0.542693573375   0.532136934397
6.152   0.542693573375   0.532136934397
6.248   0.542693573375   0.532136934397
6.344   0.542693573375   0.532136934397
6.44   0.542693573375   0.532136934397
6.536   0.542693573375   0.532136934397
6.632   0.542693573375   0.532136934397
6.728   0.542693573375   0.532136934397
6.824   0.542693573375   0.532136934397
6.92   0.542693573375   0.532136934397
7.016   0.542693573375   0.532136934397
7.112   0.542693573375   0.532136934397
7.208   0.542693573375   0.532136934397
7.304   0.542693573375   0.532136934397
7.4   0.542693573375   0.532136934397
7.496   0.542693573375   0.532136934397
7.592   0.542693573375   0.532136934397
7.688   0.542693573375   0.532136934397
7.784   0.542693573375   0.532136934397
7.88   0.542693573375   0.532136934397
7.976   0.542693573375   0.532136934397
8.072   0.542693573375   0.532136934397
8.168   0.542693573375   0.532136934397
8.264   0.542693573375   0.532136934397
8.36   0.542693573375   0.532136934397
8.456   0.542693573375   0.532136934397
8.552   0.542693573375   0.532136934397
8.648   0.542693573375   0.532136934397
8.744   0.542693573375   0.532136934397
8.84   0.542693573375   0.532136934397
8.936   0.542693573375   0.532136934397
9.032   0.542693573375   0.532136934397
9.128   0.542693573375   0.532136934397
9.224   0.542693573375   0.532136934397
9.32   0.542693573375   0.532136934397
9.416   0.542693573375   0.532136934397
9.512   0.542693573375   0.532136934397
9.608   0.542693573375   0.532136934397
9.704   0.542693573375   0.532136934397
