0.2   0.561537826471   0.561537819419
0.296   0.556794020922   0.556794020922
0.392   0.552830248292   0.552830248292
0.488   0.549654672527   0.549654672527
0.584   0.547240069473   0.547240069473
0.68   0.545514539185   0.545514539185
0.776   0.544362516756   0.544362516756
0.872   0.543642662459   0.543642662459
0.968   0.543217691642   0.543217691642
1.064   0.542977474907   0.542977474907
1.16   0.542845332125   0.542845332125
1.256   0.542774100698   0.542774100698
1.352   0.542736120376   0.542736120376
1.448   0.542715998275   0.542715998275
1.544   0.542705376387   0.542705376387
1.64   0.542699780932   0.542699780932
1.736   0.54269683672   0.54269683672
1.832   0.542695288528   0.542695288528
1.928   0.54269447471   0.54269447471
2.024   0.542694047004   0.542694047004
2.12   0.542693822246   0.542693822246
2.216   0.542693704142   0.542693704142
2.312   0.542693642085   0.542693642085
2.408   0.542693609477   0.542693609477
2.504   0.542693592344   0.542693592344
2.6   0.542693583342   0.542693583342
2.696   0.542693578612   0.542693578612
2.792   0.542693576126   0.542693576126
2.888   0.54269357482   0.54269357482
2.984   0.542693574134   0.542693574134
3.08   0.542693573774   0.542693573774
3.176   0.542693573584   0.542693573584
3.272   0.542693573485   0.542693573485
3.368   0.542693573433   0.542693573433
3.464   0.542693573405   0.542693573405
3.56   0.542693573391   0.542693573391
3.656   0.542693573383   0.542693573383
3.752   0.542693573379   0.542693573379
3.848   0.542693573377   0.542693573377
3.944   0.542693573376   0.542693573376
4.04   0.542693573375   0.542693573375
4.136   0.542693573375   0.542693573375
4.232   0.542693573375   0.542693573375
4.328   0.542693573375   0.542693573375
4.424   0.542693573375   0.542693573375
4.52   0.542693573375   0.542693573375
4.616   0.542693573375   0.542693573375
4.712   0.542693573375   0.542693573375
4.808   0.542693573375   0.542693573375
4.904   0.542693573375   0.542693573375
5.0   0.542693573375   0.542693573375
5.096   0.542693573375   0.542693573375
5.192   0.542693573375   0.542693573375
5.288   0.542693573375   0.542693573375
5.384   0.542693573375   0.542693573375
5.48   0.542693573375   0.542693573375
5.576   0.542693573375   0.542693573375
5.672   0.542693573375   0.542693573375
5.768   0.542693573375   0.542693573375
5.864   0.542693573375   0.542693573375
5.96   0.542693573375   0.542693573375
6.056   0.542693573375   0.542693573375
6.152   0.542693573375   0.542693573375
6.248   0.542693573375   0.542693573375
6.344   0.542693573375   0.542693573375
6.44   0.542693573375   0.542693573375
6.536   0.542693573375   0.542693573375
6.632   0.542693573375   0.542693573375
6.728   0.542693573375   0.542693573375
6.824   0.542693573375   0.542693573375
6.92   0.542693573375   0.542693573375
7.016   0.542693573375   0.542693573375
7.112   0.542693573375   0.542693573375
7.208   0.542693573375   0.542693573375
7.304   0.542693573375   0.542693573375
7.4   0.542693573375   0.542693573375
7.496   0.542693573375   0.542693573375
7.592   0.542693573375   0.542693573375
7.688   0.542693573375   0.542693573375
7.784   0.542693573375   0.542693573375
7.88   0.542693573375   0.542693573375
7.976   0.542693573375   0.542693573375
8.072   0.542693573375   0.542693573375
8.168   0.542693573375   0.542693573375
8.264   0.542693573375   0.542693573375
8.36   0.542693573375   0.542693573375
8.456   0.542693573375   0.542693573375
8.552   0.542693573375   0.542693573375
8.648   0.542693573375   0.542693573375
8.744   0.542693573375   0.542693573375
8.84   0.542693573375   0.542693573375
8.936   0.542693573375   0.542693573375
9.032   0.542693573375   0.542693573375
9.128   0.542693573375   0.542693573375
9.224   0.542693573375   0.542693573375
9.32   0.542693573375   0.542693573375
9.416   0.542693573375   0.542693573375
9.512   0.542693573375   0.542693573375
9.608   0.542693573375   0.542693573375
9.704   0.542693573375   0.542693573375
