0.2   0.561729692678   0.375179311477
0.296   0.55703286461   0.422206432004
0.392   0.553084315278   0.453534915658
0.488   0.549894783726   0.474907788019
0.584   0.547443686256   0.489380143779
0.68   0.54566982275   0.498941785018
0.776   0.544469619897   0.505070426871
0.872   0.543710375362   0.508890877454
0.968   0.543257727386   0.51122261678
1.064   0.543000108804   0.512626312438
1.16   0.54285772173   0.513464961618
1.256   0.542780764792   0.513964283654
1.352   0.542739668322   0.514261298286
1.448   0.542717876189   0.514437953679
1.544   0.542706367104   0.514543077577
1.64   0.542700302646   0.514605670946
1.736   0.54269711118   0.514642959743
1.832   0.542695432834   0.514665182902
1.928   0.54269455056   0.51467843137
2.024   0.542694086866   0.514686331252
2.12   0.542693843193   0.514691042564
2.216   0.542693715149   0.514693852577
2.312   0.542693647868   0.514695528698
2.408   0.542693612516   0.51469652852
2.504   0.542693593941   0.514697124941
2.6   0.542693584181   0.51469748073
2.696   0.542693579053   0.514697692974
2.792   0.542693576358   0.51469781959
2.888   0.542693574942   0.514697895122
2.984   0.542693574198   0.514697940182
3.08   0.542693573807   0.514697967063
3.176   0.542693573602   0.514697983099
3.272   0.542693573494   0.514697992665
3.368   0.542693573437   0.514697998372
3.464   0.542693573408   0.514698001777
3.56   0.542693573392   0.514698003808
3.656   0.542693573384   0.514698005019
3.752   0.542693573379   0.514698005742
3.848   0.542693573377   0.514698006173
3.944   0.542693573376   0.51469800643
4.04   0.542693573375   0.514698006584
4.136   0.542693573375   0.514698006675
4.232   0.542693573375   0.51469800673
4.328   0.542693573375   0.514698006763
4.424   0.542693573375   0.514698006782
4.52   0.542693573375   0.514698006794
4.616   0.542693573375   0.514698006801
4.712   0.542693573375   0.514698006805
4.808   0.542693573375   0.514698006807
4.904   0.542693573375   0.514698006809
5.0   0.542693573375   0.51469800681
5.096   0.542693573375   0.51469800681
5.192   0.542693573375   0.51469800681
5.288   0.542693573375   0.514698006811
5.384   0.542693573375   0.514698006811
5.48   0.542693573375   0.514698006811
5.576   0.542693573375   0.514698006811
5.672   0.542693573375   0.514698006811
5.768   0.542693573375   0.514698006811
5.864   0.542693573375   0.514698006811
5.96   0.542693573375   0.514698006811
6.056   0.542693573375   0.514698006811
6.152   0.542693573375   0.514698006811
6.248   0.542693573375   0.514698006811
6.344   0.542693573375   0.514698006811
6.44   0.542693573375   0.514698006811
6.536   0.542693573375   0.514698006811
6.632   0.542693573375   0.514698006811
6.728   0.542693573375   0.514698006811
6.824   0.542693573375   0.514698006811
6.92   0.542693573375   0.514698006811
7.016   0.542693573375   0.514698006811
7.112   0.542693573375   0.514698006811
7.208   0.542693573375   0.514698006811
7.304   0.542693573375   0.514698006811
7.4   0.542693573375   0.514698006811
7.496   0.542693573375   0.514698006811
7.592   0.542693573375   0.514698006811
7.688   0.542693573375   0.514698006811
7.784   0.542693573375   0.514698006811
7.88   0.542693573375   0.514698006811
7.976   0.542693573375   0.514698006811
8.072   0.542693573375   0.514698006811
8.168   0.542693573375   0.514698006811
8.264   0.542693573375   0.514698006811
8.36   0.542693573375   0.514698006811
8.456   0.542693573375   0.514698006811
8.552   0.542693573375   0.514698006811
8.648   0.542693573375   0.514698006811
8.744   0.542693573375   0.514698006811
8.84   0.542693573375   0.514698006811
8.936   0.542693573375   0.514698006811
9.032   0.542693573375   0.514698006811
9.128   0.542693573375   0.514698006811
9.224   0.542693573375   0.514698006811
9.32   0.542693573375   0.514698006811
9.416   0.542693573375   0.514698006811
9.512   0.542693573375   0.514698006811
9.608   0.542693573375   0.514698006811
9.704   0.542693573375   0.514698006811
