0.2   0.561506996908   0.384518776822
0.296   0.556760971135   0.426681938983
0.392   0.552800206363   0.455398450898
0.488   0.549630416681   0.475250708194
0.584   0.547222320209   0.488810618458
0.68   0.545502611104   0.497825049889
0.776   0.544355057926   0.503630822961
0.872   0.543638258061   0.50726521498
0.968   0.543215198532   0.509492621456
1.064   0.542976104348   0.510839441105
1.16   0.542844592211   0.511647786624
1.256   0.542773705763   0.512131567435
1.352   0.542735910993   0.512420683403
1.448   0.542715887699   0.512593484829
1.544   0.542705318121   0.512696815445
1.64   0.542699750269   0.512758637676
1.736   0.542696820595   0.512795643365
1.832   0.542695280051   0.512817802787
1.928   0.542694470255   0.512831075904
2.024   0.542694044663   0.512839027919
2.12   0.542693821015   0.512843792715
2.216   0.542693703496   0.512846648034
2.312   0.542693641745   0.512848359206
2.408   0.542693609299   0.512849384746
2.504   0.54269359225   0.512849999391
2.6   0.542693583293   0.512850367778
2.696   0.542693578586   0.512850588573
2.792   0.542693576113   0.512850720909
2.888   0.542693574813   0.512850800227
2.984   0.542693574131   0.512850847767
3.08   0.542693573772   0.512850876261
3.176   0.542693573583   0.51285089334
3.272   0.542693573484   0.512850903576
3.368   0.542693573432   0.512850909711
3.464   0.542693573405   0.512850913389
3.56   0.542693573391   0.512850915593
3.656   0.542693573383   0.512850916914
3.752   0.542693573379   0.512850917706
3.848   0.542693573377   0.51285091818
3.944   0.542693573376   0.512850918465
4.04   0.542693573375   0.512850918635
4.136   0.542693573375   0.512850918737
4.232   0.542693573375   0.512850918799
4.328   0.542693573375   0.512850918835
4.424   0.542693573375   0.512850918857
4.52   0.542693573375   0.51285091887
4.616   0.542693573375   0.512850918878
4.712   0.542693573375   0.512850918883
4.808   0.542693573375   0.512850918886
4.904   0.542693573375   0.512850918888
5.0   0.542693573375   0.512850918889
5.096   0.542693573375   0.512850918889
5.192   0.542693573375   0.51285091889
5.288   0.542693573375   0.51285091889
5.384   0.542693573375   0.51285091889
5.48   0.542693573375   0.51285091889
5.576   0.542693573375   0.51285091889
5.672   0.542693573375   0.51285091889
5.768   0.542693573375   0.51285091889
5.864   0.542693573375   0.51285091889
5.96   0.542693573375   0.51285091889
6.056   0.542693573375   0.51285091889
6.152   0.542693573375   0.51285091889
6.248   0.542693573375   0.51285091889
6.344   0.542693573375   0.51285091889
6.44   0.542693573375   0.51285091889
6.536   0.542693573375   0.51285091889
6.632   0.542693573375   0.51285091889
6.728   0.542693573375   0.51285091889
6.824   0.542693573375   0.51285091889
6.92   0.542693573375   0.51285091889
7.016   0.542693573375   0.51285091889
7.112   0.542693573375   0.51285091889
7.208   0.542693573375   0.51285091889
7.304   0.542693573375   0.51285091889
7.4   0.542693573375   0.51285091889
7.496   0.542693573375   0.51285091889
7.592   0.542693573375   0.51285091889
7.688   0.542693573375   0.51285091889
7.784   0.542693573375   0.51285091889
7.88   0.542693573375   0.51285091889
7.976   0.542693573375   0.51285091889
8.072   0.542693573375   0.51285091889
8.168   0.542693573375   0.51285091889
8.264   0.542693573375   0.51285091889
8.36   0.542693573375   0.51285091889
8.456   0.542693573375   0.51285091889
8.552   0.542693573375   0.51285091889
8.648   0.542693573375   0.51285091889
8.744   0.542693573375   0.51285091889
8.84   0.542693573375   0.51285091889
8.936   0.542693573375   0.51285091889
9.032   0.542693573375   0.51285091889
9.128   0.542693573375   0.51285091889
9.224   0.542693573375   0.51285091889
9.32   0.542693573375   0.51285091889
9.416   0.542693573375   0.51285091889
9.512   0.542693573375   0.51285091889
9.608   0.542693573375   0.51285091889
9.704   0.542693573375   0.51285091889
