0.2   0.565918672818   0.439844609557
0.296   0.563086735455   0.481015579433
0.392   0.56084357675   0.506983888926
0.488   0.559178108698   0.523000467673
0.584   0.558044478014   0.532252433859
0.68   0.557349983687   0.537269455279
0.776   0.556967811322   0.539893398655
0.872   0.556775948246   0.541246815208
0.968   0.556684634757   0.541943454934
1.064   0.556642989562   0.542303149184
1.16   0.556624335744   0.542489740385
1.256   0.556616055752   0.542586907715
1.352   0.556612396699   0.542637668777
1.448   0.556610783127   0.542664244143
1.544   0.556610072284   0.542678176903
1.64   0.556609759275   0.542685487924
1.736   0.556609621477   0.542689326355
1.832   0.556609560819   0.542691342262
1.928   0.556609534119   0.542692401201
2.024   0.556609522367   0.542692957515
2.12   0.556609517194   0.542693249794
2.216   0.556609514917   0.542693403359
2.312   0.556609513915   0.542693484044
2.408   0.556609513474   0.542693526438
2.504   0.55660951328   0.542693548713
2.6   0.556609513194   0.542693560417
2.696   0.556609513157   0.542693566566
2.792   0.55660951314   0.542693569797
2.888   0.556609513133   0.542693571495
2.984   0.55660951313   0.542693572387
3.08   0.556609513128   0.542693572856
3.176   0.556609513128   0.542693573102
3.272   0.556609513127   0.542693573231
3.368   0.556609513127   0.542693573299
3.464   0.556609513127   0.542693573335
3.56   0.556609513127   0.542693573354
3.656   0.556609513127   0.542693573364
3.752   0.556609513127   0.542693573369
3.848   0.556609513127   0.542693573372
3.944   0.556609513127   0.542693573373
4.04   0.556609513127   0.542693573374
4.136   0.556609513127   0.542693573374
4.232   0.556609513127   0.542693573374
4.328   0.556609513127   0.542693573375
4.424   0.556609513127   0.542693573375
4.52   0.556609513127   0.542693573375
4.616   0.556609513127   0.542693573375
4.712   0.556609513127   0.542693573375
4.808   0.556609513127   0.542693573375
4.904   0.556609513127   0.542693573375
5.0   0.556609513127   0.542693573375
5.096   0.556609513127   0.542693573375
5.192   0.556609513127   0.542693573375
5.288   0.556609513127   0.542693573375
5.384   0.556609513127   0.542693573375
5.48   0.556609513127   0.542693573375
5.576   0.556609513127   0.542693573375
5.672   0.556609513127   0.542693573375
5.768   0.556609513127   0.542693573375
5.864   0.556609513127   0.542693573375
5.96   0.556609513127   0.542693573375
6.056   0.556609513127   0.542693573375
6.152   0.556609513127   0.542693573375
6.248   0.556609513127   0.542693573375
6.344   0.556609513127   0.542693573375
6.44   0.556609513127   0.542693573375
6.536   0.556609513127   0.542693573375
6.632   0.556609513127   0.542693573375
6.728   0.556609513127   0.542693573375
6.824   0.556609513127   0.542693573375
6.92   0.556609513127   0.542693573375
7.016   0.556609513127   0.542693573375
7.112   0.556609513127   0.542693573375
7.208   0.556609513127   0.542693573375
7.304   0.556609513127   0.542693573375
7.4   0.556609513127   0.542693573375
7.496   0.556609513127   0.542693573375
7.592   0.556609513127   0.542693573375
7.688   0.556609513127   0.542693573375
7.784   0.556609513127   0.542693573375
7.88   0.556609513127   0.542693573375
7.976   0.556609513127   0.542693573375
8.072   0.556609513127   0.542693573375
8.168   0.556609513127   0.542693573375
8.264   0.556609513127   0.542693573375
8.36   0.556609513127   0.542693573375
8.456   0.556609513127   0.542693573375
8.552   0.556609513127   0.542693573375
8.648   0.556609513127   0.542693573375
8.744   0.556609513127   0.542693573375
8.84   0.556609513127   0.542693573375
8.936   0.556609513127   0.542693573375
9.032   0.556609513127   0.542693573375
9.128   0.556609513127   0.542693573375
9.224   0.556609513127   0.542693573375
9.32   0.556609513127   0.542693573375
9.416   0.556609513127   0.542693573375
9.512   0.556609513127   0.542693573375
9.608   0.556609513127   0.542693573375
9.704   0.556609513127   0.542693573375
