0.2   0.566458903806   0.440775693066
0.296   0.563927507804   0.483227806473
0.392   0.562014189922   0.509385557046
0.488   0.560694007433   0.525000167162
0.584   0.559883124233   0.533631291285
0.68   0.559443531688   0.538104111297
0.776   0.559229479465   0.540360841098
0.872   0.55913282567   0.541498142582
0.968   0.559090822828   0.542076093394
1.064   0.559073040627   0.542372750128
1.16   0.55906558805   0.542526181439
1.256   0.559062479344   0.542605993556
1.352   0.559061185391   0.542647673811
1.448   0.559060647325   0.542669492769
1.544   0.559060423677   0.542680931858
1.64   0.559060330734   0.54268693453
1.736   0.559060292114   0.542690086147
1.832   0.559060276066   0.542691741386
1.928   0.559060269398   0.542692610883
2.024   0.559060266627   0.54269306768
2.12   0.559060265476   0.542693307675
2.216   0.559060264997   0.54269343377
2.312   0.559060264799   0.542693500023
2.408   0.559060264716   0.542693534834
2.504   0.559060264682   0.542693553124
2.6   0.559060264667   0.542693562734
2.696   0.559060264662   0.542693567784
2.792   0.559060264659   0.542693570437
2.888   0.559060264658   0.542693571831
2.984   0.559060264658   0.542693572564
3.08   0.559060264657   0.542693572949
3.176   0.559060264657   0.542693573151
3.272   0.559060264657   0.542693573257
3.368   0.559060264657   0.542693573313
3.464   0.559060264657   0.542693573342
3.56   0.559060264657   0.542693573358
3.656   0.559060264657   0.542693573366
3.752   0.559060264657   0.54269357337
3.848   0.559060264657   0.542693573372
3.944   0.559060264657   0.542693573373
4.04   0.559060264657   0.542693573374
4.136   0.559060264657   0.542693573374
4.232   0.559060264657   0.542693573374
4.328   0.559060264657   0.542693573375
4.424   0.559060264657   0.542693573375
4.52   0.559060264657   0.542693573375
4.616   0.559060264657   0.542693573375
4.712   0.559060264657   0.542693573375
4.808   0.559060264657   0.542693573375
4.904   0.559060264657   0.542693573375
5.0   0.559060264657   0.542693573375
5.096   0.559060264657   0.542693573375
5.192   0.559060264657   0.542693573375
5.288   0.559060264657   0.542693573375
5.384   0.559060264657   0.542693573375
5.48   0.559060264657   0.542693573375
5.576   0.559060264657   0.542693573375
5.672   0.559060264657   0.542693573375
5.768   0.559060264657   0.542693573375
5.864   0.559060264657   0.542693573375
5.96   0.559060264657   0.542693573375
6.056   0.559060264657   0.542693573375
6.152   0.559060264657   0.542693573375
6.248   0.559060264657   0.542693573375
6.344   0.559060264657   0.542693573375
6.44   0.559060264657   0.542693573375
6.536   0.559060264657   0.542693573375
6.632   0.559060264657   0.542693573375
6.728   0.559060264657   0.542693573375
6.824   0.559060264657   0.542693573375
6.92   0.559060264657   0.542693573375
7.016   0.559060264657   0.542693573375
7.112   0.559060264657   0.542693573375
7.208   0.559060264657   0.542693573375
7.304   0.559060264657   0.542693573375
7.4   0.559060264657   0.542693573375
7.496   0.559060264657   0.542693573375
7.592   0.559060264657   0.542693573375
7.688   0.559060264657   0.542693573375
7.784   0.559060264657   0.542693573375
7.88   0.559060264657   0.542693573375
7.976   0.559060264657   0.542693573375
8.072   0.559060264657   0.542693573375
8.168   0.559060264657   0.542693573375
8.264   0.559060264657   0.542693573375
8.36   0.559060264657   0.542693573375
8.456   0.559060264657   0.542693573375
8.552   0.559060264657   0.542693573375
8.648   0.559060264657   0.542693573375
8.744   0.559060264657   0.542693573375
8.84   0.559060264657   0.542693573375
8.936   0.559060264657   0.542693573375
9.032   0.559060264657   0.542693573375
9.128   0.559060264657   0.542693573375
9.224   0.559060264657   0.542693573375
9.32   0.559060264657   0.542693573375
9.416   0.559060264657   0.542693573375
9.512   0.559060264657   0.542693573375
9.608   0.559060264657   0.542693573375
9.704   0.559060264657   0.542693573375
