0.2   0.564162937413   0.428368714928
0.296   0.560426689369   0.468206123144
0.392   0.557226169168   0.494670555671
0.488   0.554536839952   0.51230712079
0.584   0.552321005917   0.523753343705
0.68   0.550532522742   0.530963198244
0.776   0.549120913997   0.535443367777
0.872   0.548035280155   0.538234857191
0.968   0.547226801572   0.53998628258
1.064   0.546649369701   0.541084606758
1.16   0.546258504463   0.541763347444
1.256   0.546009881682   0.542171011847
1.352   0.545861567906   0.542407025077
1.448   0.545778272815   0.542539285954
1.544   0.545732506594   0.542611357211
1.64   0.545708316108   0.542650036912
1.736   0.545695714687   0.542670602479
1.832   0.545689202197   0.542681477449
1.928   0.545685850889   0.542687210678
2.024   0.54568413024   0.54269022831
2.12   0.545683247873   0.542691815268
2.216   0.545682795671   0.542692649477
2.312   0.545682564   0.542693087896
2.408   0.54568244533   0.54269331828
2.504   0.54568238455   0.542693439338
2.6   0.54568235342   0.542693502947
2.696   0.545682337477   0.54269353637
2.792   0.545682329312   0.542693553931
2.888   0.545682325131   0.542693563158
2.984   0.545682322989   0.542693568007
3.08   0.545682321892   0.542693570554
3.176   0.545682321331   0.542693571893
3.272   0.545682321043   0.542693572596
3.368   0.545682320896   0.542693572966
3.464   0.54568232082   0.54269357316
3.56   0.545682320782   0.542693573262
3.656   0.545682320762   0.542693573315
3.752   0.545682320752   0.542693573343
3.848   0.545682320746   0.542693573358
3.944   0.545682320744   0.542693573366
4.04   0.545682320742   0.54269357337
4.136   0.545682320742   0.542693573372
4.232   0.545682320741   0.542693573373
4.328   0.545682320741   0.542693573374
4.424   0.545682320741   0.542693573374
4.52   0.545682320741   0.542693573374
4.616   0.545682320741   0.542693573375
4.712   0.545682320741   0.542693573375
4.808   0.545682320741   0.542693573375
4.904   0.545682320741   0.542693573375
5.0   0.545682320741   0.542693573375
5.096   0.545682320741   0.542693573375
5.192   0.545682320741   0.542693573375
5.288   0.545682320741   0.542693573375
5.384   0.545682320741   0.542693573375
5.48   0.545682320741   0.542693573375
5.576   0.545682320741   0.542693573375
5.672   0.545682320741   0.542693573375
5.768   0.545682320741   0.542693573375
5.864   0.545682320741   0.542693573375
5.96   0.545682320741   0.542693573375
6.056   0.545682320741   0.542693573375
6.152   0.545682320741   0.542693573375
6.248   0.545682320741   0.542693573375
6.344   0.545682320741   0.542693573375
6.44   0.545682320741   0.542693573375
6.536   0.545682320741   0.542693573375
6.632   0.545682320741   0.542693573375
6.728   0.545682320741   0.542693573375
6.824   0.545682320741   0.542693573375
6.92   0.545682320741   0.542693573375
7.016   0.545682320741   0.542693573375
7.112   0.545682320741   0.542693573375
7.208   0.545682320741   0.542693573375
7.304   0.545682320741   0.542693573375
7.4   0.545682320741   0.542693573375
7.496   0.545682320741   0.542693573375
7.592   0.545682320741   0.542693573375
7.688   0.545682320741   0.542693573375
7.784   0.545682320741   0.542693573375
7.88   0.545682320741   0.542693573375
7.976   0.545682320741   0.542693573375
8.072   0.545682320741   0.542693573375
8.168   0.545682320741   0.542693573375
8.264   0.545682320741   0.542693573375
8.36   0.545682320741   0.542693573375
8.456   0.545682320741   0.542693573375
8.552   0.545682320741   0.542693573375
8.648   0.545682320741   0.542693573375
8.744   0.545682320741   0.542693573375
8.84   0.545682320741   0.542693573375
8.936   0.545682320741   0.542693573375
9.032   0.545682320741   0.542693573375
9.128   0.545682320741   0.542693573375
9.224   0.545682320741   0.542693573375
9.32   0.545682320741   0.542693573375
9.416   0.545682320741   0.542693573375
9.512   0.545682320741   0.542693573375
9.608   0.545682320741   0.542693573375
9.704   0.545682320741   0.542693573375
