0.2   0.561740539748   0.392360056322
0.296   0.557064597281   0.433391113721
0.392   0.553136071329   0.461427109442
0.488   0.549958884184   0.480837039837
0.584   0.547509033471   0.494096347834
0.68   0.54572641708   0.502902419468
0.776   0.544512168382   0.50856271871
0.872   0.543738817947   0.512093941915
0.968   0.543275132308   0.514246487324
1.064   0.543010164437   0.515538310675
1.16   0.54286328566   0.516306485573
1.256   0.542783775471   0.51676150001
1.352   0.542741276456   0.51703039446
1.448   0.542718728875   0.517189232447
1.544   0.542706817377   0.517283139379
1.64   0.54270053988   0.51733864216
1.736   0.542697236016   0.517371468905
1.832   0.542695498479   0.517390890675
1.928   0.542694585068   0.517402384461
2.024   0.542694105002   0.517409187763
2.12   0.542693852723   0.517413215253
2.216   0.542693720157   0.517415599706
2.312   0.5426936505   0.517417011496
2.408   0.542693613899   0.517417847423
2.504   0.542693594667   0.517418342394
2.6   0.542693584563   0.517418635481
2.696   0.542693579253   0.51741880903
2.792   0.542693576463   0.517418911795
2.888   0.542693574998   0.517418972647
2.984   0.542693574227   0.51741900868
3.08   0.542693573823   0.517419030017
3.176   0.54269357361   0.517419042652
3.272   0.542693573498   0.517419050133
3.368   0.54269357344   0.517419054564
3.464   0.542693573409   0.517419057187
3.56   0.542693573393   0.51741905874
3.656   0.542693573384   0.51741905966
3.752   0.54269357338   0.517419060205
3.848   0.542693573377   0.517419060527
3.944   0.542693573376   0.517419060718
4.04   0.542693573375   0.517419060832
4.136   0.542693573375   0.517419060898
4.232   0.542693573375   0.517419060938
4.328   0.542693573375   0.517419060962
4.424   0.542693573375   0.517419060976
4.52   0.542693573375   0.517419060984
4.616   0.542693573375   0.517419060989
4.712   0.542693573375   0.517419060992
4.808   0.542693573375   0.517419060993
4.904   0.542693573375   0.517419060994
5.0   0.542693573375   0.517419060995
5.096   0.542693573375   0.517419060995
5.192   0.542693573375   0.517419060995
5.288   0.542693573375   0.517419060996
5.384   0.542693573375   0.517419060996
5.48   0.542693573375   0.517419060996
5.576   0.542693573375   0.517419060996
5.672   0.542693573375   0.517419060996
5.768   0.542693573375   0.517419060996
5.864   0.542693573375   0.517419060996
5.96   0.542693573375   0.517419060996
6.056   0.542693573375   0.517419060996
6.152   0.542693573375   0.517419060996
6.248   0.542693573375   0.517419060996
6.344   0.542693573375   0.517419060996
6.44   0.542693573375   0.517419060996
6.536   0.542693573375   0.517419060996
6.632   0.542693573375   0.517419060996
6.728   0.542693573375   0.517419060996
6.824   0.542693573375   0.517419060996
6.92   0.542693573375   0.517419060996
7.016   0.542693573375   0.517419060996
7.112   0.542693573375   0.517419060996
7.208   0.542693573375   0.517419060996
7.304   0.542693573375   0.517419060996
7.4   0.542693573375   0.517419060996
7.496   0.542693573375   0.517419060996
7.592   0.542693573375   0.517419060996
7.688   0.542693573375   0.517419060996
7.784   0.542693573375   0.517419060996
7.88   0.542693573375   0.517419060996
7.976   0.542693573375   0.517419060996
8.072   0.542693573375   0.517419060996
8.168   0.542693573375   0.517419060996
8.264   0.542693573375   0.517419060996
8.36   0.542693573375   0.517419060996
8.456   0.542693573375   0.517419060996
8.552   0.542693573375   0.517419060996
8.648   0.542693573375   0.517419060996
8.744   0.542693573375   0.517419060996
8.84   0.542693573375   0.517419060996
8.936   0.542693573375   0.517419060996
9.032   0.542693573375   0.517419060996
9.128   0.542693573375   0.517419060996
9.224   0.542693573375   0.517419060996
9.32   0.542693573375   0.517419060996
9.416   0.542693573375   0.517419060996
9.512   0.542693573375   0.517419060996
9.608   0.542693573375   0.517419060996
9.704   0.542693573375   0.517419060996
