0.2   0.565957882352   0.433251748456
0.296   0.563130039113   0.477696163456
0.392   0.56088387047   0.505307229389
0.488   0.559210772368   0.522183800456
0.584   0.558067738237   0.531865902737
0.68   0.557364794502   0.537085834733
0.776   0.556976666771   0.539804260882
0.872   0.5567813512   0.54120255808
0.968   0.556688249055   0.541921077893
1.064   0.556645756998   0.542291681065
1.16   0.556626717224   0.542483810672
1.256   0.55661826467   0.542583822535
1.352   0.556614529181   0.5426360573
1.448   0.556612881903   0.542663400398
1.544   0.556612156228   0.542677734489
1.64   0.5566118367   0.542685255745
1.736   0.556611696037   0.542689204445
1.832   0.55661163412   0.542691278232
1.928   0.556611606868   0.542692367565
2.024   0.556611594873   0.542692939844
2.12   0.556611589593   0.54269324051
2.216   0.556611587269   0.542693398481
2.312   0.556611586247   0.542693481481
2.408   0.556611585796   0.542693525091
2.504   0.556611585598   0.542693548005
2.6   0.556611585511   0.542693560045
2.696   0.556611585473   0.542693566371
2.792   0.556611585456   0.542693569695
2.888   0.556611585448   0.542693571441
2.984   0.556611585445   0.542693572359
3.08   0.556611585444   0.542693572841
3.176   0.556611585443   0.542693573094
3.272   0.556611585443   0.542693573227
3.368   0.556611585443   0.542693573297
3.464   0.556611585443   0.542693573334
3.56   0.556611585443   0.542693573353
3.656   0.556611585443   0.542693573363
3.752   0.556611585443   0.542693573369
3.848   0.556611585443   0.542693573372
3.944   0.556611585443   0.542693573373
4.04   0.556611585443   0.542693573374
4.136   0.556611585443   0.542693573374
4.232   0.556611585443   0.542693573374
4.328   0.556611585443   0.542693573375
4.424   0.556611585443   0.542693573375
4.52   0.556611585443   0.542693573375
4.616   0.556611585443   0.542693573375
4.712   0.556611585443   0.542693573375
4.808   0.556611585443   0.542693573375
4.904   0.556611585443   0.542693573375
5.0   0.556611585443   0.542693573375
5.096   0.556611585443   0.542693573375
5.192   0.556611585443   0.542693573375
5.288   0.556611585443   0.542693573375
5.384   0.556611585443   0.542693573375
5.48   0.556611585443   0.542693573375
5.576   0.556611585443   0.542693573375
5.672   0.556611585443   0.542693573375
5.768   0.556611585443   0.542693573375
5.864   0.556611585443   0.542693573375
5.96   0.556611585443   0.542693573375
6.056   0.556611585443   0.542693573375
6.152   0.556611585443   0.542693573375
6.248   0.556611585443   0.542693573375
6.344   0.556611585443   0.542693573375
6.44   0.556611585443   0.542693573375
6.536   0.556611585443   0.542693573375
6.632   0.556611585443   0.542693573375
6.728   0.556611585443   0.542693573375
6.824   0.556611585443   0.542693573375
6.92   0.556611585443   0.542693573375
7.016   0.556611585443   0.542693573375
7.112   0.556611585443   0.542693573375
7.208   0.556611585443   0.542693573375
7.304   0.556611585443   0.542693573375
7.4   0.556611585443   0.542693573375
7.496   0.556611585443   0.542693573375
7.592   0.556611585443   0.542693573375
7.688   0.556611585443   0.542693573375
7.784   0.556611585443   0.542693573375
7.88   0.556611585443   0.542693573375
7.976   0.556611585443   0.542693573375
8.072   0.556611585443   0.542693573375
8.168   0.556611585443   0.542693573375
8.264   0.556611585443   0.542693573375
8.36   0.556611585443   0.542693573375
8.456   0.556611585443   0.542693573375
8.552   0.556611585443   0.542693573375
8.648   0.556611585443   0.542693573375
8.744   0.556611585443   0.542693573375
8.84   0.556611585443   0.542693573375
8.936   0.556611585443   0.542693573375
9.032   0.556611585443   0.542693573375
9.128   0.556611585443   0.542693573375
9.224   0.556611585443   0.542693573375
9.32   0.556611585443   0.542693573375
9.416   0.556611585443   0.542693573375
9.512   0.556611585443   0.542693573375
9.608   0.556611585443   0.542693573375
9.704   0.556611585443   0.542693573375
