0.2   0.56319917287   0.413329672561
0.296   0.559031486924   0.454889945202
0.392   0.555437242459   0.482763200286
0.488   0.552399013911   0.501698360729
0.584   0.549885527955   0.514364812954
0.68   0.547856142503   0.52263165585
0.776   0.546264360575   0.527926603185
0.872   0.545060226562   0.531283286468
0.968   0.544190311069   0.533391960382
1.064   0.543596266561   0.534696102866
1.16   0.54321501558   0.53548385828
1.256   0.542984643354   0.535946672123
1.352   0.542852510321   0.536211856615
1.448   0.542778797618   0.536361201396
1.544   0.54273886495   0.536444068575
1.64   0.542717520627   0.536489865548
1.736   0.542706199123   0.536515057053
1.832   0.542700219655   0.536528886172
1.928   0.542697069039   0.536536469738
2.024   0.542695411097   0.536540626124
2.12   0.542694539251   0.536542903527
2.216   0.542694080955   0.536544151214
2.312   0.542693840095   0.53654483472
2.408   0.542693713524   0.536545209147
2.504   0.542693647015   0.536545414257
2.6   0.542693612068   0.536545526614
2.696   0.542693593706   0.536545588162
2.792   0.542693584057   0.536545621877
2.888   0.542693578988   0.536545640346
2.984   0.542693576324   0.536545650463
3.08   0.542693574924   0.536545656005
3.176   0.542693574189   0.536545659041
3.272   0.542693573802   0.536545660704
3.368   0.542693573599   0.536545661615
3.464   0.542693573493   0.536545662114
3.56   0.542693573437   0.536545662388
3.656   0.542693573407   0.536545662537
3.752   0.542693573392   0.536545662619
3.848   0.542693573384   0.536545662664
3.944   0.542693573379   0.536545662689
4.04   0.542693573377   0.536545662703
4.136   0.542693573376   0.53654566271
4.232   0.542693573375   0.536545662714
4.328   0.542693573375   0.536545662716
4.424   0.542693573375   0.536545662717
4.52   0.542693573375   0.536545662718
4.616   0.542693573375   0.536545662718
4.712   0.542693573375   0.536545662719
4.808   0.542693573375   0.536545662719
4.904   0.542693573375   0.536545662719
5.0   0.542693573375   0.536545662719
5.096   0.542693573375   0.536545662719
5.192   0.542693573375   0.536545662719
5.288   0.542693573375   0.536545662719
5.384   0.542693573375   0.536545662719
5.48   0.542693573375   0.536545662719
5.576   0.542693573375   0.536545662719
5.672   0.542693573375   0.536545662719
5.768   0.542693573375   0.536545662719
5.864   0.542693573375   0.536545662719
5.96   0.542693573375   0.536545662719
6.056   0.542693573375   0.536545662719
6.152   0.542693573375   0.536545662719
6.248   0.542693573375   0.536545662719
6.344   0.542693573375   0.536545662719
6.44   0.542693573375   0.536545662719
6.536   0.542693573375   0.536545662719
6.632   0.542693573375   0.536545662719
6.728   0.542693573375   0.536545662719
6.824   0.542693573375   0.536545662719
6.92   0.542693573375   0.536545662719
7.016   0.542693573375   0.536545662719
7.112   0.542693573375   0.536545662719
7.208   0.542693573375   0.536545662719
7.304   0.542693573375   0.536545662719
7.4   0.542693573375   0.536545662719
7.496   0.542693573375   0.536545662719
7.592   0.542693573375   0.536545662719
7.688   0.542693573375   0.536545662719
7.784   0.542693573375   0.536545662719
7.88   0.542693573375   0.536545662719
7.976   0.542693573375   0.536545662719
8.072   0.542693573375   0.536545662719
8.168   0.542693573375   0.536545662719
8.264   0.542693573375   0.536545662719
8.36   0.542693573375   0.536545662719
8.456   0.542693573375   0.536545662719
8.552   0.542693573375   0.536545662719
8.648   0.542693573375   0.536545662719
8.744   0.542693573375   0.536545662719
8.84   0.542693573375   0.536545662719
8.936   0.542693573375   0.536545662719
9.032   0.542693573375   0.536545662719
9.128   0.542693573375   0.536545662719
9.224   0.542693573375   0.536545662719
9.32   0.542693573375   0.536545662719
9.416   0.542693573375   0.536545662719
9.512   0.542693573375   0.536545662719
9.608   0.542693573375   0.536545662719
9.704   0.542693573375   0.536545662719
