0.2   0.563125431567   0.422753249111
0.296   0.558948237742   0.460345356838
0.392   0.555356552525   0.486039093432
0.488   0.552328804871   0.503702145243
0.584   0.5498299475   0.515618015602
0.68   0.547816164092   0.523449495996
0.776   0.546238528922   0.528496678861
0.872   0.545045522113   0.531713530829
0.968   0.54418311891   0.53374354877
1.064   0.543593330455   0.535003742422
1.16   0.5432140516   0.535767157033
1.256   0.542984418431   0.536216533008
1.352   0.542852521849   0.536474258064
1.448   0.542778838742   0.536619494245
1.544   0.542738897294   0.536699906552
1.64   0.542717540783   0.536744352602
1.736   0.54270621062   0.536768772699
1.832   0.542700225951   0.536782160953
1.928   0.542697072419   0.536789492644
2.024   0.542695412893   0.536793505265
2.12   0.5426945402   0.53679570071
2.216   0.542694081455   0.536796901737
2.312   0.542693840358   0.536797558715
2.408   0.542693713662   0.536797918078
2.504   0.542693647088   0.536798114645
2.6   0.542693612106   0.536798222164
2.696   0.542693593726   0.536798280974
2.792   0.542693584068   0.536798313142
2.888   0.542693578993   0.536798330737
2.984   0.542693576327   0.536798340362
3.08   0.542693574926   0.536798345626
3.176   0.54269357419   0.536798348505
3.272   0.542693573803   0.53679835008
3.368   0.5426935736   0.536798350942
3.464   0.542693573493   0.536798351413
3.56   0.542693573437   0.536798351671
3.656   0.542693573407   0.536798351812
3.752   0.542693573392   0.536798351889
3.848   0.542693573384   0.536798351931
3.944   0.542693573379   0.536798351954
4.04   0.542693573377   0.536798351967
4.136   0.542693573376   0.536798351974
4.232   0.542693573375   0.536798351977
4.328   0.542693573375   0.536798351979
4.424   0.542693573375   0.536798351981
4.52   0.542693573375   0.536798351981
4.616   0.542693573375   0.536798351982
4.712   0.542693573375   0.536798351982
4.808   0.542693573375   0.536798351982
4.904   0.542693573375   0.536798351982
5.0   0.542693573375   0.536798351982
5.096   0.542693573375   0.536798351982
5.192   0.542693573375   0.536798351982
5.288   0.542693573375   0.536798351982
5.384   0.542693573375   0.536798351982
5.48   0.542693573375   0.536798351982
5.576   0.542693573375   0.536798351982
5.672   0.542693573375   0.536798351982
5.768   0.542693573375   0.536798351982
5.864   0.542693573375   0.536798351982
5.96   0.542693573375   0.536798351982
6.056   0.542693573375   0.536798351982
6.152   0.542693573375   0.536798351982
6.248   0.542693573375   0.536798351982
6.344   0.542693573375   0.536798351982
6.44   0.542693573375   0.536798351982
6.536   0.542693573375   0.536798351982
6.632   0.542693573375   0.536798351982
6.728   0.542693573375   0.536798351982
6.824   0.542693573375   0.536798351982
6.92   0.542693573375   0.536798351982
7.016   0.542693573375   0.536798351982
7.112   0.542693573375   0.536798351982
7.208   0.542693573375   0.536798351982
7.304   0.542693573375   0.536798351982
7.4   0.542693573375   0.536798351982
7.496   0.542693573375   0.536798351982
7.592   0.542693573375   0.536798351982
7.688   0.542693573375   0.536798351982
7.784   0.542693573375   0.536798351982
7.88   0.542693573375   0.536798351982
7.976   0.542693573375   0.536798351982
8.072   0.542693573375   0.536798351982
8.168   0.542693573375   0.536798351982
8.264   0.542693573375   0.536798351982
8.36   0.542693573375   0.536798351982
8.456   0.542693573375   0.536798351982
8.552   0.542693573375   0.536798351982
8.648   0.542693573375   0.536798351982
8.744   0.542693573375   0.536798351982
8.84   0.542693573375   0.536798351982
8.936   0.542693573375   0.536798351982
9.032   0.542693573375   0.536798351982
9.128   0.542693573375   0.536798351982
9.224   0.542693573375   0.536798351982
9.32   0.542693573375   0.536798351982
9.416   0.542693573375   0.536798351982
9.512   0.542693573375   0.536798351982
9.608   0.542693573375   0.536798351982
9.704   0.542693573375   0.536798351982
