0.2   0.56506147256   0.43468669968
0.296   0.561767827361   0.475265519111
0.392   0.559021014495   0.501571956263
0.488   0.556806746539   0.518502528947
0.584   0.555098667046   0.528928620821
0.68   0.553855253116   0.535047691618
0.776   0.553014861452   0.538522998056
0.872   0.552493570819   0.540452835239
0.968   0.552196307732   0.541503371581
1.064   0.552038433501   0.542065793153
1.16   0.551957890126   0.54236353635
1.256   0.551918210951   0.542520281093
1.352   0.55189896135   0.542602622665
1.448   0.551889698547   0.542645823692
1.544   0.551885260077   0.542668499082
1.64   0.55188313784   0.54268040387
1.736   0.551882124194   0.542686655512
1.832   0.551881640306   0.542689939109
1.928   0.551881409372   0.54269166401
2.024   0.551881299175   0.542692570196
2.12   0.551881246595   0.542693046293
2.216   0.551881221507   0.542693296435
2.312   0.551881209537   0.542693427864
2.408   0.551881203825   0.54269349692
2.504   0.5518812011   0.542693533203
2.6   0.5518811998   0.542693552267
2.696   0.55188119918   0.542693562284
2.792   0.551881198884   0.542693567547
2.888   0.551881198743   0.542693570313
2.984   0.551881198675   0.542693571766
3.08   0.551881198643   0.542693572529
3.176   0.551881198628   0.542693572931
3.272   0.551881198621   0.542693573141
3.368   0.551881198617   0.542693573252
3.464   0.551881198616   0.54269357331
3.56   0.551881198615   0.542693573341
3.656   0.551881198614   0.542693573357
3.752   0.551881198614   0.542693573365
3.848   0.551881198614   0.54269357337
3.944   0.551881198614   0.542693573372
4.04   0.551881198614   0.542693573373
4.136   0.551881198614   0.542693573374
4.232   0.551881198614   0.542693573374
4.328   0.551881198614   0.542693573374
4.424   0.551881198614   0.542693573375
4.52   0.551881198614   0.542693573375
4.616   0.551881198614   0.542693573375
4.712   0.551881198614   0.542693573375
4.808   0.551881198614   0.542693573375
4.904   0.551881198614   0.542693573375
5.0   0.551881198614   0.542693573375
5.096   0.551881198614   0.542693573375
5.192   0.551881198614   0.542693573375
5.288   0.551881198614   0.542693573375
5.384   0.551881198614   0.542693573375
5.48   0.551881198614   0.542693573375
5.576   0.551881198614   0.542693573375
5.672   0.551881198614   0.542693573375
5.768   0.551881198614   0.542693573375
5.864   0.551881198614   0.542693573375
5.96   0.551881198614   0.542693573375
6.056   0.551881198614   0.542693573375
6.152   0.551881198614   0.542693573375
6.248   0.551881198614   0.542693573375
6.344   0.551881198614   0.542693573375
6.44   0.551881198614   0.542693573375
6.536   0.551881198614   0.542693573375
6.632   0.551881198614   0.542693573375
6.728   0.551881198614   0.542693573375
6.824   0.551881198614   0.542693573375
6.92   0.551881198614   0.542693573375
7.016   0.551881198614   0.542693573375
7.112   0.551881198614   0.542693573375
7.208   0.551881198614   0.542693573375
7.304   0.551881198614   0.542693573375
7.4   0.551881198614   0.542693573375
7.496   0.551881198614   0.542693573375
7.592   0.551881198614   0.542693573375
7.688   0.551881198614   0.542693573375
7.784   0.551881198614   0.542693573375
7.88   0.551881198614   0.542693573375
7.976   0.551881198614   0.542693573375
8.072   0.551881198614   0.542693573375
8.168   0.551881198614   0.542693573375
8.264   0.551881198614   0.542693573375
8.36   0.551881198614   0.542693573375
8.456   0.551881198614   0.542693573375
8.552   0.551881198614   0.542693573375
8.648   0.551881198614   0.542693573375
8.744   0.551881198614   0.542693573375
8.84   0.551881198614   0.542693573375
8.936   0.551881198614   0.542693573375
9.032   0.551881198614   0.542693573375
9.128   0.551881198614   0.542693573375
9.224   0.551881198614   0.542693573375
9.32   0.551881198614   0.542693573375
9.416   0.551881198614   0.542693573375
9.512   0.551881198614   0.542693573375
9.608   0.551881198614   0.542693573375
9.704   0.551881198614   0.542693573375
