0.2   0.564160585614   0.412622179048
0.296   0.560389496967   0.45915201928
0.392   0.557138627073   0.489176855407
0.488   0.55438795682   0.508867767359
0.584   0.552103339771   0.521529218142
0.68   0.550240889338   0.529457762372
0.776   0.548751001079   0.53437037281
0.872   0.547582519464   0.537438104406
0.968   0.5466860604   0.539383885422
1.064   0.546016236092   0.54063375875
1.16   0.545532462584   0.541438430212
1.256   0.545198369919   0.541950546567
1.352   0.544979860807   0.542267451368
1.448   0.544845468727   0.542456206033
1.544   0.544768181034   0.542564311567
1.64   0.54472435836   0.542624172206
1.736   0.544700768341   0.542656649201
1.832   0.544688304716   0.542674036794
1.928   0.544681786371   0.542683269575
2.024   0.544678396211   0.542688148646
2.12   0.544676638239   0.542690720084
2.216   0.544675728075   0.542692073357
2.312   0.544675257243   0.542692784999
2.408   0.544675013786   0.542693159079
2.504   0.544674887928   0.542693355675
2.6   0.544674822873   0.542693458984
2.696   0.544674789248   0.542693513269
2.792   0.544674771868   0.542693541793
2.888   0.544674762886   0.542693556781
2.984   0.544674758244   0.542693564656
3.08   0.544674755845   0.542693568793
3.176   0.544674754605   0.542693570968
3.272   0.544674753964   0.54269357211
3.368   0.544674753633   0.54269357271
3.464   0.544674753461   0.542693573025
3.56   0.544674753373   0.542693573191
3.656   0.544674753327   0.542693573278
3.752   0.544674753303   0.542693573324
3.848   0.544674753291   0.542693573348
3.944   0.544674753285   0.542693573361
4.04   0.544674753282   0.542693573367
4.136   0.54467475328   0.542693573371
4.232   0.544674753279   0.542693573373
4.328   0.544674753279   0.542693573374
4.424   0.544674753278   0.542693573374
4.52   0.544674753278   0.542693573374
4.616   0.544674753278   0.542693573375
4.712   0.544674753278   0.542693573375
4.808   0.544674753278   0.542693573375
4.904   0.544674753278   0.542693573375
5.0   0.544674753278   0.542693573375
5.096   0.544674753278   0.542693573375
5.192   0.544674753278   0.542693573375
5.288   0.544674753278   0.542693573375
5.384   0.544674753278   0.542693573375
5.48   0.544674753278   0.542693573375
5.576   0.544674753278   0.542693573375
5.672   0.544674753278   0.542693573375
5.768   0.544674753278   0.542693573375
5.864   0.544674753278   0.542693573375
5.96   0.544674753278   0.542693573375
6.056   0.544674753278   0.542693573375
6.152   0.544674753278   0.542693573375
6.248   0.544674753278   0.542693573375
6.344   0.544674753278   0.542693573375
6.44   0.544674753278   0.542693573375
6.536   0.544674753278   0.542693573375
6.632   0.544674753278   0.542693573375
6.728   0.544674753278   0.542693573375
6.824   0.544674753278   0.542693573375
6.92   0.544674753278   0.542693573375
7.016   0.544674753278   0.542693573375
7.112   0.544674753278   0.542693573375
7.208   0.544674753278   0.542693573375
7.304   0.544674753278   0.542693573375
7.4   0.544674753278   0.542693573375
7.496   0.544674753278   0.542693573375
7.592   0.544674753278   0.542693573375
7.688   0.544674753278   0.542693573375
7.784   0.544674753278   0.542693573375
7.88   0.544674753278   0.542693573375
7.976   0.544674753278   0.542693573375
8.072   0.544674753278   0.542693573375
8.168   0.544674753278   0.542693573375
8.264   0.544674753278   0.542693573375
8.36   0.544674753278   0.542693573375
8.456   0.544674753278   0.542693573375
8.552   0.544674753278   0.542693573375
8.648   0.544674753278   0.542693573375
8.744   0.544674753278   0.542693573375
8.84   0.544674753278   0.542693573375
8.936   0.544674753278   0.542693573375
9.032   0.544674753278   0.542693573375
9.128   0.544674753278   0.542693573375
9.224   0.544674753278   0.542693573375
9.32   0.544674753278   0.542693573375
9.416   0.544674753278   0.542693573375
9.512   0.544674753278   0.542693573375
9.608   0.544674753278   0.542693573375
9.704   0.544674753278   0.542693573375
