0.2   0.562337127835   0.40783094432
0.296   0.557858520471   0.446965912527
0.392   0.55404330152   0.473788080545
0.488   0.550885959772   0.492355806269
0.584   0.548364109817   0.505010226043
0.68   0.546437663412   0.513392053783
0.776   0.54504490883   0.518773498906
0.872   0.544100264185   0.522129434773
0.968   0.543500467577   0.524168420182
1.064   0.543141756911   0.525380584277
1.16   0.54293727698   0.526089651665
1.256   0.542824078791   0.526500120781
1.352   0.542762888201   0.52673645206
1.448   0.542730213624   0.526872076494
1.544   0.542712889588   0.526949822134
1.64   0.542703741332   0.526994372639
1.736   0.542698921298   0.527019900296
1.832   0.542696384878   0.52703452897
1.928   0.542695051065   0.52704291289
2.024   0.542694349924   0.52704771833
2.12   0.542693981433   0.527050472901
2.216   0.542693787791   0.527052051965
2.312   0.542693686039   0.527052957205
2.408   0.542693632573   0.527053476172
2.504   0.542693604479   0.527053773696
2.6   0.542693589718   0.52705394427
2.696   0.542693581962   0.527054042062
2.792   0.542693577887   0.527054098127
2.888   0.542693575745   0.527054130271
2.984   0.54269357462   0.527054148699
3.08   0.542693574029   0.527054159265
3.176   0.542693573719   0.527054165322
3.272   0.542693573555   0.527054168795
3.368   0.54269357347   0.527054170786
3.464   0.542693573425   0.527054171927
3.56   0.542693573401   0.527054172582
3.656   0.542693573388   0.527054172957
3.752   0.542693573382   0.527054173172
3.848   0.542693573378   0.527054173295
3.944   0.542693573377   0.527054173366
4.04   0.542693573376   0.527054173407
4.136   0.542693573375   0.52705417343
4.232   0.542693573375   0.527054173443
4.328   0.542693573375   0.527054173451
4.424   0.542693573375   0.527054173455
4.52   0.542693573375   0.527054173458
4.616   0.542693573375   0.527054173459
4.712   0.542693573375   0.52705417346
4.808   0.542693573375   0.527054173461
4.904   0.542693573375   0.527054173461
5.0   0.542693573375   0.527054173461
5.096   0.542693573375   0.527054173461
5.192   0.542693573375   0.527054173461
5.288   0.542693573375   0.527054173461
5.384   0.542693573375   0.527054173461
5.48   0.542693573375   0.527054173461
5.576   0.542693573375   0.527054173461
5.672   0.542693573375   0.527054173461
5.768   0.542693573375   0.527054173461
5.864   0.542693573375   0.527054173461
5.96   0.542693573375   0.527054173461
6.056   0.542693573375   0.527054173461
6.152   0.542693573375   0.527054173461
6.248   0.542693573375   0.527054173461
6.344   0.542693573375   0.527054173461
6.44   0.542693573375   0.527054173461
6.536   0.542693573375   0.527054173461
6.632   0.542693573375   0.527054173461
6.728   0.542693573375   0.527054173461
6.824   0.542693573375   0.527054173461
6.92   0.542693573375   0.527054173461
7.016   0.542693573375   0.527054173461
7.112   0.542693573375   0.527054173461
7.208   0.542693573375   0.527054173461
7.304   0.542693573375   0.527054173461
7.4   0.542693573375   0.527054173461
7.496   0.542693573375   0.527054173461
7.592   0.542693573375   0.527054173461
7.688   0.542693573375   0.527054173461
7.784   0.542693573375   0.527054173461
7.88   0.542693573375   0.527054173461
7.976   0.542693573375   0.527054173461
8.072   0.542693573375   0.527054173461
8.168   0.542693573375   0.527054173461
8.264   0.542693573375   0.527054173461
8.36   0.542693573375   0.527054173461
8.456   0.542693573375   0.527054173461
8.552   0.542693573375   0.527054173461
8.648   0.542693573375   0.527054173461
8.744   0.542693573375   0.527054173461
8.84   0.542693573375   0.527054173461
8.936   0.542693573375   0.527054173461
9.032   0.542693573375   0.527054173461
9.128   0.542693573375   0.527054173461
9.224   0.542693573375   0.527054173461
9.32   0.542693573375   0.527054173461
9.416   0.542693573375   0.527054173461
9.512   0.542693573375   0.527054173461
9.608   0.542693573375   0.527054173461
9.704   0.542693573375   0.527054173461
