0.2   0.567133684765   0.449631098058
0.296   0.565009828335   0.489663918445
0.392   0.563541383567   0.513974267427
0.488   0.562652875567   0.52798360014
0.584   0.562190098379   0.535368390077
0.68   0.561978715329   0.539042975199
0.776   0.561890566494   0.5408514354
0.872   0.561855395062   0.5417518725
0.968   0.561841762396   0.542207491171
1.064   0.561836531267   0.5424409639
1.16   0.561834532753   0.542561725498
1.256   0.561833770652   0.542624570816
1.352   0.561833480263   0.542657401864
1.448   0.561833369649   0.542674593572
1.544   0.561833327519   0.542683608626
1.64   0.561833311475   0.542688339944
1.736   0.561833305364   0.542690824274
1.832   0.561833303037   0.542692129123
1.928   0.561833302151   0.542692814583
2.024   0.561833301814   0.542693174701
2.12   0.561833301685   0.542693363905
2.216   0.561833301636   0.542693463314
2.312   0.561833301617   0.542693515546
2.408   0.56183330161   0.54269354299
2.504   0.561833301608   0.54269355741
2.6   0.561833301607   0.542693564986
2.696   0.561833301606   0.542693568967
2.792   0.561833301606   0.542693571059
2.888   0.561833301606   0.542693572158
2.984   0.561833301606   0.542693572735
3.08   0.561833301606   0.542693573039
3.176   0.561833301606   0.542693573198
3.272   0.561833301606   0.542693573282
3.368   0.561833301606   0.542693573326
3.464   0.561833301606   0.542693573349
3.56   0.561833301606   0.542693573361
3.656   0.561833301606   0.542693573368
3.752   0.561833301606   0.542693573371
3.848   0.561833301606   0.542693573373
3.944   0.561833301606   0.542693573374
4.04   0.561833301606   0.542693573374
4.136   0.561833301606   0.542693573374
4.232   0.561833301606   0.542693573375
4.328   0.561833301606   0.542693573375
4.424   0.561833301606   0.542693573375
4.52   0.561833301606   0.542693573375
4.616   0.561833301606   0.542693573375
4.712   0.561833301606   0.542693573375
4.808   0.561833301606   0.542693573375
4.904   0.561833301606   0.542693573375
5.0   0.561833301606   0.542693573375
5.096   0.561833301606   0.542693573375
5.192   0.561833301606   0.542693573375
5.288   0.561833301606   0.542693573375
5.384   0.561833301606   0.542693573375
5.48   0.561833301606   0.542693573375
5.576   0.561833301606   0.542693573375
5.672   0.561833301606   0.542693573375
5.768   0.561833301606   0.542693573375
5.864   0.561833301606   0.542693573375
5.96   0.561833301606   0.542693573375
6.056   0.561833301606   0.542693573375
6.152   0.561833301606   0.542693573375
6.248   0.561833301606   0.542693573375
6.344   0.561833301606   0.542693573375
6.44   0.561833301606   0.542693573375
6.536   0.561833301606   0.542693573375
6.632   0.561833301606   0.542693573375
6.728   0.561833301606   0.542693573375
6.824   0.561833301606   0.542693573375
6.92   0.561833301606   0.542693573375
7.016   0.561833301606   0.542693573375
7.112   0.561833301606   0.542693573375
7.208   0.561833301606   0.542693573375
7.304   0.561833301606   0.542693573375
7.4   0.561833301606   0.542693573375
7.496   0.561833301606   0.542693573375
7.592   0.561833301606   0.542693573375
7.688   0.561833301606   0.542693573375
7.784   0.561833301606   0.542693573375
7.88   0.561833301606   0.542693573375
7.976   0.561833301606   0.542693573375
8.072   0.561833301606   0.542693573375
8.168   0.561833301606   0.542693573375
8.264   0.561833301606   0.542693573375
8.36   0.561833301606   0.542693573375
8.456   0.561833301606   0.542693573375
8.552   0.561833301606   0.542693573375
8.648   0.561833301606   0.542693573375
8.744   0.561833301606   0.542693573375
8.84   0.561833301606   0.542693573375
8.936   0.561833301606   0.542693573375
9.032   0.561833301606   0.542693573375
9.128   0.561833301606   0.542693573375
9.224   0.561833301606   0.542693573375
9.32   0.561833301606   0.542693573375
9.416   0.561833301606   0.542693573375
9.512   0.561833301606   0.542693573375
9.608   0.561833301606   0.542693573375
9.704   0.561833301606   0.542693573375
