0.2   0.566199143805   0.442249372304
0.296   0.563527335116   0.483175606296
0.392   0.561462102072   0.508782275414
0.488   0.55998622928   0.524344938283
0.584   0.559034723148   0.533141660905
0.68   0.558489098246   0.537800837947
0.776   0.558208485987   0.540190239677
0.872   0.558075697029   0.541406426904
0.968   0.558015627082   0.542027661369
1.064   0.557989324072   0.542347375745
1.16   0.557977956963   0.542512894663
1.256   0.55797307562   0.542599035453
1.352   0.55797098569   0.542644026118
1.448   0.55797009213   0.54266757911
1.544   0.557969710326   0.542679927361
1.64   0.557969547234   0.542686407064
1.736   0.557969477576   0.542689809104
1.832   0.557969447827   0.542691595852
1.928   0.557969435122   0.542692534426
2.024   0.557969429696   0.54269302751
2.12   0.557969427379   0.54269328657
2.216   0.557969426389   0.542693422681
2.312   0.557969425967   0.542693494197
2.408   0.557969425786   0.542693531772
2.504   0.557969425709   0.542693551516
2.6   0.557969425676   0.542693561889
2.696   0.557969425662   0.54269356734
2.792   0.557969425656   0.542693570204
2.888   0.557969425654   0.542693571709
2.984   0.557969425653   0.542693572499
3.08   0.557969425652   0.542693572915
3.176   0.557969425652   0.542693573133
3.272   0.557969425652   0.542693573248
3.368   0.557969425652   0.542693573308
3.464   0.557969425652   0.54269357334
3.56   0.557969425652   0.542693573356
3.656   0.557969425652   0.542693573365
3.752   0.557969425652   0.54269357337
3.848   0.557969425652   0.542693573372
3.944   0.557969425652   0.542693573373
4.04   0.557969425652   0.542693573374
4.136   0.557969425652   0.542693573374
4.232   0.557969425652   0.542693573374
4.328   0.557969425652   0.542693573375
4.424   0.557969425652   0.542693573375
4.52   0.557969425652   0.542693573375
4.616   0.557969425652   0.542693573375
4.712   0.557969425652   0.542693573375
4.808   0.557969425652   0.542693573375
4.904   0.557969425652   0.542693573375
5.0   0.557969425652   0.542693573375
5.096   0.557969425652   0.542693573375
5.192   0.557969425652   0.542693573375
5.288   0.557969425652   0.542693573375
5.384   0.557969425652   0.542693573375
5.48   0.557969425652   0.542693573375
5.576   0.557969425652   0.542693573375
5.672   0.557969425652   0.542693573375
5.768   0.557969425652   0.542693573375
5.864   0.557969425652   0.542693573375
5.96   0.557969425652   0.542693573375
6.056   0.557969425652   0.542693573375
6.152   0.557969425652   0.542693573375
6.248   0.557969425652   0.542693573375
6.344   0.557969425652   0.542693573375
6.44   0.557969425652   0.542693573375
6.536   0.557969425652   0.542693573375
6.632   0.557969425652   0.542693573375
6.728   0.557969425652   0.542693573375
6.824   0.557969425652   0.542693573375
6.92   0.557969425652   0.542693573375
7.016   0.557969425652   0.542693573375
7.112   0.557969425652   0.542693573375
7.208   0.557969425652   0.542693573375
7.304   0.557969425652   0.542693573375
7.4   0.557969425652   0.542693573375
7.496   0.557969425652   0.542693573375
7.592   0.557969425652   0.542693573375
7.688   0.557969425652   0.542693573375
7.784   0.557969425652   0.542693573375
7.88   0.557969425652   0.542693573375
7.976   0.557969425652   0.542693573375
8.072   0.557969425652   0.542693573375
8.168   0.557969425652   0.542693573375
8.264   0.557969425652   0.542693573375
8.36   0.557969425652   0.542693573375
8.456   0.557969425652   0.542693573375
8.552   0.557969425652   0.542693573375
8.648   0.557969425652   0.542693573375
8.744   0.557969425652   0.542693573375
8.84   0.557969425652   0.542693573375
8.936   0.557969425652   0.542693573375
9.032   0.557969425652   0.542693573375
9.128   0.557969425652   0.542693573375
9.224   0.557969425652   0.542693573375
9.32   0.557969425652   0.542693573375
9.416   0.557969425652   0.542693573375
9.512   0.557969425652   0.542693573375
9.608   0.557969425652   0.542693573375
9.704   0.557969425652   0.542693573375
