0.2   0.561938859772   0.395849676194
0.296   0.557322713915   0.436913292457
0.392   0.553423565237   0.464922855725
0.488   0.550244194915   0.484284811206
0.584   0.54776330612   0.497489881316
0.68   0.54592997596   0.506245432687
0.776   0.544658819415   0.511864361178
0.872   0.543834821581   0.515363024829
0.968   0.543333328612   0.517489056956
1.064   0.543043632831   0.518758870416
1.16   0.54288177913   0.519509240119
1.256   0.542793777087   0.519950124495
1.352   0.542746617691   0.520208565446
1.448   0.542721560786   0.520359905476
1.544   0.54270831278   0.520448524281
1.64   0.542701327761   0.520500434823
1.736   0.542697650611   0.520530851825
1.832   0.542695716498   0.52054867998
1.928   0.542694699672   0.520559131959
2.024   0.542694165233   0.520565260631
2.12   0.542693884374   0.520568854712
2.216   0.542693736789   0.520570962594
2.312   0.542693659239   0.52057219891
2.408   0.542693618491   0.520572924062
2.504   0.54269359708   0.520573349405
2.6   0.54269358583   0.520573598898
2.696   0.542693579919   0.520573745243
2.792   0.542693576813   0.520573831086
2.888   0.542693575181   0.52057388144
2.984   0.542693574324   0.520573910976
3.08   0.542693573873   0.520573928302
3.176   0.542693573637   0.520573938464
3.272   0.542693573512   0.520573944426
3.368   0.542693573447   0.520573947923
3.464   0.542693573413   0.520573949974
3.56   0.542693573395   0.520573951177
3.656   0.542693573385   0.520573951883
3.752   0.54269357338   0.520573952297
3.848   0.542693573378   0.52057395254
3.944   0.542693573376   0.520573952682
4.04   0.542693573375   0.520573952766
4.136   0.542693573375   0.520573952815
4.232   0.542693573375   0.520573952843
4.328   0.542693573375   0.52057395286
4.424   0.542693573375   0.52057395287
4.52   0.542693573375   0.520573952876
4.616   0.542693573375   0.520573952879
4.712   0.542693573375   0.520573952881
4.808   0.542693573375   0.520573952882
4.904   0.542693573375   0.520573952883
5.0   0.542693573375   0.520573952884
5.096   0.542693573375   0.520573952884
5.192   0.542693573375   0.520573952884
5.288   0.542693573375   0.520573952884
5.384   0.542693573375   0.520573952884
5.48   0.542693573375   0.520573952884
5.576   0.542693573375   0.520573952884
5.672   0.542693573375   0.520573952884
5.768   0.542693573375   0.520573952884
5.864   0.542693573375   0.520573952884
5.96   0.542693573375   0.520573952884
6.056   0.542693573375   0.520573952884
6.152   0.542693573375   0.520573952884
6.248   0.542693573375   0.520573952884
6.344   0.542693573375   0.520573952884
6.44   0.542693573375   0.520573952884
6.536   0.542693573375   0.520573952884
6.632   0.542693573375   0.520573952884
6.728   0.542693573375   0.520573952884
6.824   0.542693573375   0.520573952884
6.92   0.542693573375   0.520573952884
7.016   0.542693573375   0.520573952884
7.112   0.542693573375   0.520573952884
7.208   0.542693573375   0.520573952884
7.304   0.542693573375   0.520573952884
7.4   0.542693573375   0.520573952884
7.496   0.542693573375   0.520573952884
7.592   0.542693573375   0.520573952884
7.688   0.542693573375   0.520573952884
7.784   0.542693573375   0.520573952884
7.88   0.542693573375   0.520573952884
7.976   0.542693573375   0.520573952884
8.072   0.542693573375   0.520573952884
8.168   0.542693573375   0.520573952884
8.264   0.542693573375   0.520573952884
8.36   0.542693573375   0.520573952884
8.456   0.542693573375   0.520573952884
8.552   0.542693573375   0.520573952884
8.648   0.542693573375   0.520573952884
8.744   0.542693573375   0.520573952884
8.84   0.542693573375   0.520573952884
8.936   0.542693573375   0.520573952884
9.032   0.542693573375   0.520573952884
9.128   0.542693573375   0.520573952884
9.224   0.542693573375   0.520573952884
9.32   0.542693573375   0.520573952884
9.416   0.542693573375   0.520573952884
9.512   0.542693573375   0.520573952884
9.608   0.542693573375   0.520573952884
9.704   0.542693573375   0.520573952884
