0.2   0.562575961543   0.413298209692
0.296   0.558184440494   0.451728621062
0.392   0.554428788251   0.478082892576
0.488   0.551298065587   0.496311026495
0.584   0.548766808822   0.508711773682
0.68   0.54679666146   0.516915343927
0.776   0.545334946551   0.522188998566
0.872   0.544311888629   0.525492025835
0.968   0.543640664318   0.527509928634
1.064   0.543227497674   0.528713830444
1.16   0.542986920451   0.529417630601
1.256   0.542851584481   0.52982299314
1.352   0.542777783427   0.530054466694
1.448   0.54273817307   0.530185871516
1.544   0.542717110775   0.530260289815
1.64   0.542705970579   0.530302387097
1.736   0.542700095859   0.53032618942
1.832   0.542697002956   0.530339645321
1.928   0.542695376087   0.530347251982
2.024   0.542694520776   0.530351552148
2.12   0.542694071225   0.530353983186
2.216   0.542693834977   0.530355357585
2.312   0.542693710833   0.530356134628
2.408   0.542693645601   0.530356573952
2.504   0.542693611325   0.53035682234
2.6   0.542693593315   0.530356962777
2.696   0.542693583852   0.530357042179
2.792   0.54269357888   0.530357087073
2.888   0.542693576267   0.530357112456
2.984   0.542693574894   0.530357126808
3.08   0.542693574173   0.530357134922
3.176   0.542693573794   0.53035713951
3.272   0.542693573595   0.530357142104
3.368   0.54269357349   0.530357143571
3.464   0.542693573436   0.5303571444
3.56   0.542693573407   0.530357144869
3.656   0.542693573391   0.530357145134
3.752   0.542693573383   0.530357145284
3.848   0.542693573379   0.530357145368
3.944   0.542693573377   0.530357145416
4.04   0.542693573376   0.530357145443
4.136   0.542693573375   0.530357145459
4.232   0.542693573375   0.530357145467
4.328   0.542693573375   0.530357145472
4.424   0.542693573375   0.530357145475
4.52   0.542693573375   0.530357145477
4.616   0.542693573375   0.530357145477
4.712   0.542693573375   0.530357145478
4.808   0.542693573375   0.530357145478
4.904   0.542693573375   0.530357145478
5.0   0.542693573375   0.530357145478
5.096   0.542693573375   0.530357145479
5.192   0.542693573375   0.530357145479
5.288   0.542693573375   0.530357145479
5.384   0.542693573375   0.530357145479
5.48   0.542693573375   0.530357145479
5.576   0.542693573375   0.530357145479
5.672   0.542693573375   0.530357145479
5.768   0.542693573375   0.530357145479
5.864   0.542693573375   0.530357145479
5.96   0.542693573375   0.530357145479
6.056   0.542693573375   0.530357145479
6.152   0.542693573375   0.530357145479
6.248   0.542693573375   0.530357145479
6.344   0.542693573375   0.530357145479
6.44   0.542693573375   0.530357145479
6.536   0.542693573375   0.530357145479
6.632   0.542693573375   0.530357145479
6.728   0.542693573375   0.530357145479
6.824   0.542693573375   0.530357145479
6.92   0.542693573375   0.530357145479
7.016   0.542693573375   0.530357145479
7.112   0.542693573375   0.530357145479
7.208   0.542693573375   0.530357145479
7.304   0.542693573375   0.530357145479
7.4   0.542693573375   0.530357145479
7.496   0.542693573375   0.530357145479
7.592   0.542693573375   0.530357145479
7.688   0.542693573375   0.530357145479
7.784   0.542693573375   0.530357145479
7.88   0.542693573375   0.530357145479
7.976   0.542693573375   0.530357145479
8.072   0.542693573375   0.530357145479
8.168   0.542693573375   0.530357145479
8.264   0.542693573375   0.530357145479
8.36   0.542693573375   0.530357145479
8.456   0.542693573375   0.530357145479
8.552   0.542693573375   0.530357145479
8.648   0.542693573375   0.530357145479
8.744   0.542693573375   0.530357145479
8.84   0.542693573375   0.530357145479
8.936   0.542693573375   0.530357145479
9.032   0.542693573375   0.530357145479
9.128   0.542693573375   0.530357145479
9.224   0.542693573375   0.530357145479
9.32   0.542693573375   0.530357145479
9.416   0.542693573375   0.530357145479
9.512   0.542693573375   0.530357145479
9.608   0.542693573375   0.530357145479
9.704   0.542693573375   0.530357145479
