0.2   0.562275768873   0.390581577021
0.296   0.557754022497   0.43565530206
0.392   0.553900016732   0.465778062815
0.488   0.550717221661   0.486327785063
0.584   0.548189519547   0.500208933963
0.68   0.546278019903   0.509346593185
0.776   0.544915770697   0.515182092802
0.872   0.544007311798   0.518804026743
0.968   0.543440030976   0.520997990046
1.064   0.543105417611   0.522302132244
1.16   0.542916510282   0.523067414558
1.256   0.542812661766   0.523513063587
1.352   0.542756734029   0.523771668136
1.448   0.54272693377   0.523921454455
1.544   0.542711152734   0.524008151453
1.64   0.542702824831   0.524058354744
1.736   0.54269843862   0.524087427688
1.832   0.542696130944   0.524104267916
1.928   0.542694917549   0.524114024429
2.024   0.542694279745   0.524119677818
2.12   0.542693944552   0.524122954031
2.216   0.54269376841   0.52412485279
2.312   0.542693675855   0.524125953291
2.408   0.542693627221   0.524126591152
2.504   0.542693601668   0.524126960872
2.6   0.542693588241   0.524127175173
2.696   0.542693581186   0.52412729939
2.792   0.542693577479   0.524127371392
2.888   0.542693575531   0.524127413127
2.984   0.542693574508   0.524127437318
3.08   0.54269357397   0.524127451341
3.176   0.542693573687   0.524127459469
3.272   0.542693573539   0.52412746418
3.368   0.542693573461   0.524127466911
3.464   0.54269357342   0.524127468494
3.56   0.542693573398   0.524127469412
3.656   0.542693573387   0.524127469944
3.752   0.542693573381   0.524127470252
3.848   0.542693573378   0.524127470431
3.944   0.542693573376   0.524127470534
4.04   0.542693573376   0.524127470594
4.136   0.542693573375   0.524127470629
4.232   0.542693573375   0.524127470649
4.328   0.542693573375   0.524127470661
4.424   0.542693573375   0.524127470668
4.52   0.542693573375   0.524127470672
4.616   0.542693573375   0.524127470674
4.712   0.542693573375   0.524127470675
4.808   0.542693573375   0.524127470676
4.904   0.542693573375   0.524127470677
5.0   0.542693573375   0.524127470677
5.096   0.542693573375   0.524127470677
5.192   0.542693573375   0.524127470677
5.288   0.542693573375   0.524127470677
5.384   0.542693573375   0.524127470677
5.48   0.542693573375   0.524127470677
5.576   0.542693573375   0.524127470677
5.672   0.542693573375   0.524127470677
5.768   0.542693573375   0.524127470677
5.864   0.542693573375   0.524127470677
5.96   0.542693573375   0.524127470677
6.056   0.542693573375   0.524127470677
6.152   0.542693573375   0.524127470677
6.248   0.542693573375   0.524127470677
6.344   0.542693573375   0.524127470677
6.44   0.542693573375   0.524127470677
6.536   0.542693573375   0.524127470677
6.632   0.542693573375   0.524127470677
6.728   0.542693573375   0.524127470677
6.824   0.542693573375   0.524127470677
6.92   0.542693573375   0.524127470677
7.016   0.542693573375   0.524127470677
7.112   0.542693573375   0.524127470677
7.208   0.542693573375   0.524127470677
7.304   0.542693573375   0.524127470677
7.4   0.542693573375   0.524127470677
7.496   0.542693573375   0.524127470677
7.592   0.542693573375   0.524127470677
7.688   0.542693573375   0.524127470677
7.784   0.542693573375   0.524127470677
7.88   0.542693573375   0.524127470677
7.976   0.542693573375   0.524127470677
8.072   0.542693573375   0.524127470677
8.168   0.542693573375   0.524127470677
8.264   0.542693573375   0.524127470677
8.36   0.542693573375   0.524127470677
8.456   0.542693573375   0.524127470677
8.552   0.542693573375   0.524127470677
8.648   0.542693573375   0.524127470677
8.744   0.542693573375   0.524127470677
8.84   0.542693573375   0.524127470677
8.936   0.542693573375   0.524127470677
9.032   0.542693573375   0.524127470677
9.128   0.542693573375   0.524127470677
9.224   0.542693573375   0.524127470677
9.32   0.542693573375   0.524127470677
9.416   0.542693573375   0.524127470677
9.512   0.542693573375   0.524127470677
9.608   0.542693573375   0.524127470677
9.704   0.542693573375   0.524127470677
