0.2   0.565213559512   0.44380510674
0.296   0.562022764503   0.480884168605
0.392   0.5593971237   0.50519699316
0.488   0.557322024666   0.520865257664
0.584   0.555767977002   0.530451356228
0.68   0.554683691989   0.536006922413
0.776   0.553990022664   0.539106585085
0.872   0.553585049158   0.540792700651
0.968   0.553367020602   0.541693412859
1.064   0.553256517342   0.542168837736
1.16   0.553202283338   0.542418616546
1.256   0.553176328393   0.542549430318
1.352   0.553164039656   0.542617962503
1.448   0.553158253412   0.542653890413
1.544   0.553155536493   0.542672738213
1.64   0.553154262536   0.542682631053
1.736   0.553153665591   0.542687825589
1.832   0.55315338597   0.542690553832
1.928   0.553153255013   0.542691986976
2.024   0.553153193685   0.542692739882
2.12   0.553153164966   0.542693135448
2.216   0.553153151518   0.542693343279
2.312   0.55315314522   0.542693452477
2.408   0.553153142271   0.542693509852
2.504   0.553153140891   0.542693539998
2.6   0.553153140244   0.542693555838
2.696   0.553153139941   0.54269356416
2.792   0.553153139799   0.542693568533
2.888   0.553153139733   0.542693570831
2.984   0.553153139702   0.542693572038
3.08   0.553153139687   0.542693572672
3.176   0.55315313968   0.542693573006
3.272   0.553153139677   0.542693573181
3.368   0.553153139676   0.542693573273
3.464   0.553153139675   0.542693573321
3.56   0.553153139675   0.542693573347
3.656   0.553153139675   0.54269357336
3.752   0.553153139675   0.542693573367
3.848   0.553153139675   0.542693573371
3.944   0.553153139675   0.542693573373
4.04   0.553153139674   0.542693573374
4.136   0.553153139674   0.542693573374
4.232   0.553153139674   0.542693573374
4.328   0.553153139674   0.542693573374
4.424   0.553153139674   0.542693573375
4.52   0.553153139674   0.542693573375
4.616   0.553153139674   0.542693573375
4.712   0.553153139674   0.542693573375
4.808   0.553153139674   0.542693573375
4.904   0.553153139674   0.542693573375
5.0   0.553153139674   0.542693573375
5.096   0.553153139674   0.542693573375
5.192   0.553153139674   0.542693573375
5.288   0.553153139674   0.542693573375
5.384   0.553153139674   0.542693573375
5.48   0.553153139674   0.542693573375
5.576   0.553153139674   0.542693573375
5.672   0.553153139674   0.542693573375
5.768   0.553153139674   0.542693573375
5.864   0.553153139674   0.542693573375
5.96   0.553153139674   0.542693573375
6.056   0.553153139674   0.542693573375
6.152   0.553153139674   0.542693573375
6.248   0.553153139674   0.542693573375
6.344   0.553153139674   0.542693573375
6.44   0.553153139674   0.542693573375
6.536   0.553153139674   0.542693573375
6.632   0.553153139674   0.542693573375
6.728   0.553153139674   0.542693573375
6.824   0.553153139674   0.542693573375
6.92   0.553153139674   0.542693573375
7.016   0.553153139674   0.542693573375
7.112   0.553153139674   0.542693573375
7.208   0.553153139674   0.542693573375
7.304   0.553153139674   0.542693573375
7.4   0.553153139674   0.542693573375
7.496   0.553153139674   0.542693573375
7.592   0.553153139674   0.542693573375
7.688   0.553153139674   0.542693573375
7.784   0.553153139674   0.542693573375
7.88   0.553153139674   0.542693573375
7.976   0.553153139674   0.542693573375
8.072   0.553153139674   0.542693573375
8.168   0.553153139674   0.542693573375
8.264   0.553153139674   0.542693573375
8.36   0.553153139674   0.542693573375
8.456   0.553153139674   0.542693573375
8.552   0.553153139674   0.542693573375
8.648   0.553153139674   0.542693573375
8.744   0.553153139674   0.542693573375
8.84   0.553153139674   0.542693573375
8.936   0.553153139674   0.542693573375
9.032   0.553153139674   0.542693573375
9.128   0.553153139674   0.542693573375
9.224   0.553153139674   0.542693573375
9.32   0.553153139674   0.542693573375
9.416   0.553153139674   0.542693573375
9.512   0.553153139674   0.542693573375
9.608   0.553153139674   0.542693573375
9.704   0.553153139674   0.542693573375
