0.2   0.564370738571   0.440698288814
0.296   0.560761782622   0.476246616777
0.392   0.55770130112   0.500219976825
0.488   0.555163290485   0.516261183972
0.584   0.5531102648   0.52662780947
0.68   0.551497746389   0.533088461926
0.776   0.550277087997   0.537031293106
0.872   0.549396317723   0.539413733341
0.968   0.548798492118   0.540835538322
1.064   0.548420301167   0.541665356595
1.16   0.548197518165   0.542135841405
1.256   0.548074282899   0.542395213519
1.352   0.548008259129   0.542535378396
1.448   0.547974116375   0.54261006242
1.544   0.547956722364   0.542649592188
1.64   0.547947933017   0.542670438717
1.736   0.547943511012   0.54268141152
1.832   0.547941291353   0.542687181719
1.928   0.54794017851   0.542690214682
2.024   0.547939620921   0.542691808548
2.12   0.547939341632   0.542692646069
2.216   0.547939201762   0.542693086138
2.312   0.547939131721   0.542693317366
2.408   0.547939096648   0.54269343886
2.504   0.547939079086   0.542693502697
2.6   0.547939070292   0.542693536238
2.696   0.547939065889   0.542693553862
2.792   0.547939063684   0.542693563122
2.888   0.54793906258   0.542693567988
2.984   0.547939062028   0.542693570544
3.08   0.547939061751   0.542693571887
3.176   0.547939061612   0.542693572593
3.272   0.547939061543   0.542693572964
3.368   0.547939061508   0.542693573159
3.464   0.547939061491   0.542693573261
3.56   0.547939061482   0.542693573315
3.656   0.547939061478   0.542693573343
3.752   0.547939061475   0.542693573358
3.848   0.547939061474   0.542693573366
3.944   0.547939061474   0.54269357337
4.04   0.547939061474   0.542693573372
4.136   0.547939061473   0.542693573373
4.232   0.547939061473   0.542693573374
4.328   0.547939061473   0.542693573374
4.424   0.547939061473   0.542693573374
4.52   0.547939061473   0.542693573375
4.616   0.547939061473   0.542693573375
4.712   0.547939061473   0.542693573375
4.808   0.547939061473   0.542693573375
4.904   0.547939061473   0.542693573375
5.0   0.547939061473   0.542693573375
5.096   0.547939061473   0.542693573375
5.192   0.547939061473   0.542693573375
5.288   0.547939061473   0.542693573375
5.384   0.547939061473   0.542693573375
5.48   0.547939061473   0.542693573375
5.576   0.547939061473   0.542693573375
5.672   0.547939061473   0.542693573375
5.768   0.547939061473   0.542693573375
5.864   0.547939061473   0.542693573375
5.96   0.547939061473   0.542693573375
6.056   0.547939061473   0.542693573375
6.152   0.547939061473   0.542693573375
6.248   0.547939061473   0.542693573375
6.344   0.547939061473   0.542693573375
6.44   0.547939061473   0.542693573375
6.536   0.547939061473   0.542693573375
6.632   0.547939061473   0.542693573375
6.728   0.547939061473   0.542693573375
6.824   0.547939061473   0.542693573375
6.92   0.547939061473   0.542693573375
7.016   0.547939061473   0.542693573375
7.112   0.547939061473   0.542693573375
7.208   0.547939061473   0.542693573375
7.304   0.547939061473   0.542693573375
7.4   0.547939061473   0.542693573375
7.496   0.547939061473   0.542693573375
7.592   0.547939061473   0.542693573375
7.688   0.547939061473   0.542693573375
7.784   0.547939061473   0.542693573375
7.88   0.547939061473   0.542693573375
7.976   0.547939061473   0.542693573375
8.072   0.547939061473   0.542693573375
8.168   0.547939061473   0.542693573375
8.264   0.547939061473   0.542693573375
8.36   0.547939061473   0.542693573375
8.456   0.547939061473   0.542693573375
8.552   0.547939061473   0.542693573375
8.648   0.547939061473   0.542693573375
8.744   0.547939061473   0.542693573375
8.84   0.547939061473   0.542693573375
8.936   0.547939061473   0.542693573375
9.032   0.547939061473   0.542693573375
9.128   0.547939061473   0.542693573375
9.224   0.547939061473   0.542693573375
9.32   0.547939061473   0.542693573375
9.416   0.547939061473   0.542693573375
9.512   0.547939061473   0.542693573375
9.608   0.547939061473   0.542693573375
9.704   0.547939061473   0.542693573375
