0.2   0.561278447116   0.370834798714
0.296   0.556463874652   0.416001558382
0.392   0.552474145007   0.446418923643
0.488   0.549316572856   0.467317871607
0.584   0.546954559495   0.481552026471
0.68   0.545299108682   0.491012742469
0.776   0.544215892506   0.497119556817
0.872   0.543551100181   0.500960561984
0.968   0.543164065288   0.503331694147
1.064   0.542947356165   0.504778950822
1.16   0.542828909219   0.505657168755
1.256   0.542765287384   0.506189047919
1.352   0.542731434341   0.506510925218
1.448   0.5427135198   0.506705797665
1.544   0.542704069369   0.506823854491
1.64   0.542699092808   0.50689542077
1.736   0.542696474762   0.506938827743
1.832   0.54269509823   0.506965166347
1.928   0.542694374689   0.506981153138
2.024   0.542693994441   0.50699085884
2.12   0.542693794625   0.50699675217
2.216   0.542693689629   0.507000331003
2.312   0.542693634459   0.507002504475
2.408   0.54269360547   0.507003824518
2.504   0.542693590239   0.507004626263
2.6   0.542693582236   0.507005113223
2.696   0.54269357803   0.507005408996
2.792   0.542693575821   0.507005588645
2.888   0.54269357466   0.507005697763
2.984   0.54269357405   0.507005764041
3.08   0.54269357373   0.507005804298
3.176   0.542693573561   0.50700582875
3.272   0.542693573473   0.507005843602
3.368   0.542693573426   0.507005852623
3.464   0.542693573402   0.507005858103
3.56   0.542693573389   0.507005861431
3.656   0.542693573382   0.507005863452
3.752   0.542693573379   0.50700586468
3.848   0.542693573377   0.507005865426
3.944   0.542693573376   0.507005865879
4.04   0.542693573375   0.507005866154
4.136   0.542693573375   0.507005866322
4.232   0.542693573375   0.507005866423
4.328   0.542693573375   0.507005866485
4.424   0.542693573375   0.507005866522
4.52   0.542693573375   0.507005866545
4.616   0.542693573375   0.507005866559
4.712   0.542693573375   0.507005866567
4.808   0.542693573375   0.507005866572
4.904   0.542693573375   0.507005866575
5.0   0.542693573375   0.507005866577
5.096   0.542693573375   0.507005866578
5.192   0.542693573375   0.507005866579
5.288   0.542693573375   0.507005866579
5.384   0.542693573375   0.50700586658
5.48   0.542693573375   0.50700586658
5.576   0.542693573375   0.50700586658
5.672   0.542693573375   0.50700586658
5.768   0.542693573375   0.50700586658
5.864   0.542693573375   0.50700586658
5.96   0.542693573375   0.50700586658
6.056   0.542693573375   0.50700586658
6.152   0.542693573375   0.50700586658
6.248   0.542693573375   0.50700586658
6.344   0.542693573375   0.50700586658
6.44   0.542693573375   0.50700586658
6.536   0.542693573375   0.50700586658
6.632   0.542693573375   0.50700586658
6.728   0.542693573375   0.50700586658
6.824   0.542693573375   0.50700586658
6.92   0.542693573375   0.50700586658
7.016   0.542693573375   0.50700586658
7.112   0.542693573375   0.50700586658
7.208   0.542693573375   0.50700586658
7.304   0.542693573375   0.50700586658
7.4   0.542693573375   0.50700586658
7.496   0.542693573375   0.50700586658
7.592   0.542693573375   0.50700586658
7.688   0.542693573375   0.50700586658
7.784   0.542693573375   0.50700586658
7.88   0.542693573375   0.50700586658
7.976   0.542693573375   0.50700586658
8.072   0.542693573375   0.50700586658
8.168   0.542693573375   0.50700586658
8.264   0.542693573375   0.50700586658
8.36   0.542693573375   0.50700586658
8.456   0.542693573375   0.50700586658
8.552   0.542693573375   0.50700586658
8.648   0.542693573375   0.50700586658
8.744   0.542693573375   0.50700586658
8.84   0.542693573375   0.50700586658
8.936   0.542693573375   0.50700586658
9.032   0.542693573375   0.50700586658
9.128   0.542693573375   0.50700586658
9.224   0.542693573375   0.50700586658
9.32   0.542693573375   0.50700586658
9.416   0.542693573375   0.50700586658
9.512   0.542693573375   0.50700586658
9.608   0.542693573375   0.50700586658
9.704   0.542693573375   0.50700586658
