0.2   0.563543056892   0.416252655311
0.296   0.559516080948   0.458320932332
0.392   0.556039523053   0.486317461859
0.488   0.553092188365   0.505178196971
0.584   0.5506385854   0.517668714954
0.68   0.54863353131   0.525742125277
0.776   0.547026305876   0.530890899545
0.872   0.545764817536   0.534177817488
0.968   0.544798735674   0.536292459146
1.064   0.544081250343   0.537659549416
1.16   0.543569273188   0.538538691803
1.256   0.543221548477   0.539093818333
1.352   0.542998763981   0.539433612219
1.448   0.54286404909   0.539634219705
1.544   0.542786963938   0.53974885906
1.64   0.542743646706   0.539812689743
1.736   0.542720178526   0.539847694226
1.832   0.542707637793   0.539866708609
1.928   0.542700987555   0.539876978833
2.024   0.542697475888   0.539882508236
2.12   0.542695625811   0.53988547995
2.216   0.542694652331   0.539887075542
2.312   0.542694140444   0.539887931825
2.408   0.542693871373   0.539888391231
2.504   0.542693729964   0.539888637674
2.6   0.542693655655   0.539888769866
2.696   0.542693616608   0.539888840771
2.792   0.542693596091   0.539888878802
2.888   0.542693585311   0.539888899201
2.984   0.542693579646   0.539888910142
3.08   0.54269357667   0.53988891601
3.176   0.542693575106   0.539888919157
3.272   0.542693574284   0.539888920846
3.368   0.542693573853   0.539888921751
3.464   0.542693573626   0.539888922237
3.56   0.542693573507   0.539888922497
3.656   0.542693573444   0.539888922637
3.752   0.542693573411   0.539888922712
3.848   0.542693573394   0.539888922752
3.944   0.542693573385   0.539888922774
4.04   0.54269357338   0.539888922785
4.136   0.542693573377   0.539888922791
4.232   0.542693573376   0.539888922795
4.328   0.542693573375   0.539888922796
4.424   0.542693573375   0.539888922797
4.52   0.542693573375   0.539888922798
4.616   0.542693573375   0.539888922798
4.712   0.542693573375   0.539888922798
4.808   0.542693573375   0.539888922798
4.904   0.542693573375   0.539888922798
5.0   0.542693573375   0.539888922798
5.096   0.542693573375   0.539888922798
5.192   0.542693573375   0.539888922798
5.288   0.542693573375   0.539888922798
5.384   0.542693573375   0.539888922798
5.48   0.542693573375   0.539888922798
5.576   0.542693573375   0.539888922798
5.672   0.542693573375   0.539888922798
5.768   0.542693573375   0.539888922798
5.864   0.542693573375   0.539888922798
5.96   0.542693573375   0.539888922798
6.056   0.542693573375   0.539888922798
6.152   0.542693573375   0.539888922798
6.248   0.542693573375   0.539888922798
6.344   0.542693573375   0.539888922798
6.44   0.542693573375   0.539888922798
6.536   0.542693573375   0.539888922798
6.632   0.542693573375   0.539888922798
6.728   0.542693573375   0.539888922798
6.824   0.542693573375   0.539888922798
6.92   0.542693573375   0.539888922798
7.016   0.542693573375   0.539888922798
7.112   0.542693573375   0.539888922798
7.208   0.542693573375   0.539888922798
7.304   0.542693573375   0.539888922798
7.4   0.542693573375   0.539888922798
7.496   0.542693573375   0.539888922798
7.592   0.542693573375   0.539888922798
7.688   0.542693573375   0.539888922798
7.784   0.542693573375   0.539888922798
7.88   0.542693573375   0.539888922798
7.976   0.542693573375   0.539888922798
8.072   0.542693573375   0.539888922798
8.168   0.542693573375   0.539888922798
8.264   0.542693573375   0.539888922798
8.36   0.542693573375   0.539888922798
8.456   0.542693573375   0.539888922798
8.552   0.542693573375   0.539888922798
8.648   0.542693573375   0.539888922798
8.744   0.542693573375   0.539888922798
8.84   0.542693573375   0.539888922798
8.936   0.542693573375   0.539888922798
9.032   0.542693573375   0.539888922798
9.128   0.542693573375   0.539888922798
9.224   0.542693573375   0.539888922798
9.32   0.542693573375   0.539888922798
9.416   0.542693573375   0.539888922798
9.512   0.542693573375   0.539888922798
9.608   0.542693573375   0.539888922798
9.704   0.542693573375   0.539888922798
