0.2   0.562688269694   0.395886843839
0.296   0.558308053848   0.441467809932
0.392   0.554544658838   0.471721161889
0.488   0.55139469853   0.492233083326
0.584   0.548839553366   0.506001446147
0.68   0.546846334768   0.515017785149
0.776   0.545365879552   0.520766438686
0.872   0.544329686307   0.524343776708
0.968   0.543650354151   0.526519428076
1.064   0.543232620558   0.527814192279
1.16   0.542989581395   0.52857057665
1.256   0.542852979272   0.529006531697
1.352   0.542778515161   0.529255908584
1.448   0.542738557272   0.529397812242
1.544   0.542717312605   0.529478399474
1.64   0.542706076629   0.529524124502
1.736   0.542700151586   0.529550060286
1.832   0.542697032239   0.529564770312
1.928   0.542695391474   0.52957311365
2.024   0.542694528861   0.529577846156
2.12   0.542694075474   0.529580530679
2.216   0.542693837209   0.529582053549
2.312   0.542693712006   0.529582917468
2.408   0.542693646217   0.529583407579
2.504   0.542693611649   0.529583685628
2.6   0.542693593485   0.529583843372
2.696   0.542693583941   0.529583932865
2.792   0.542693578927   0.529583983637
2.888   0.542693576292   0.529584012442
2.984   0.542693574907   0.529584028784
3.08   0.54269357418   0.529584038055
3.176   0.542693573798   0.529584043315
3.272   0.542693573597   0.529584046299
3.368   0.542693573491   0.529584047992
3.464   0.542693573436   0.529584048953
3.56   0.542693573407   0.529584049498
3.656   0.542693573392   0.529584049807
3.752   0.542693573384   0.529584049982
3.848   0.542693573379   0.529584050082
3.944   0.542693573377   0.529584050138
4.04   0.542693573376   0.52958405017
4.136   0.542693573375   0.529584050188
4.232   0.542693573375   0.529584050199
4.328   0.542693573375   0.529584050205
4.424   0.542693573375   0.529584050208
4.52   0.542693573375   0.52958405021
4.616   0.542693573375   0.529584050211
4.712   0.542693573375   0.529584050211
4.808   0.542693573375   0.529584050212
4.904   0.542693573375   0.529584050212
5.0   0.542693573375   0.529584050212
5.096   0.542693573375   0.529584050212
5.192   0.542693573375   0.529584050212
5.288   0.542693573375   0.529584050212
5.384   0.542693573375   0.529584050212
5.48   0.542693573375   0.529584050212
5.576   0.542693573375   0.529584050212
5.672   0.542693573375   0.529584050212
5.768   0.542693573375   0.529584050212
5.864   0.542693573375   0.529584050212
5.96   0.542693573375   0.529584050212
6.056   0.542693573375   0.529584050212
6.152   0.542693573375   0.529584050212
6.248   0.542693573375   0.529584050212
6.344   0.542693573375   0.529584050212
6.44   0.542693573375   0.529584050212
6.536   0.542693573375   0.529584050212
6.632   0.542693573375   0.529584050212
6.728   0.542693573375   0.529584050212
6.824   0.542693573375   0.529584050212
6.92   0.542693573375   0.529584050212
7.016   0.542693573375   0.529584050212
7.112   0.542693573375   0.529584050212
7.208   0.542693573375   0.529584050212
7.304   0.542693573375   0.529584050212
7.4   0.542693573375   0.529584050212
7.496   0.542693573375   0.529584050212
7.592   0.542693573375   0.529584050212
7.688   0.542693573375   0.529584050212
7.784   0.542693573375   0.529584050212
7.88   0.542693573375   0.529584050212
7.976   0.542693573375   0.529584050212
8.072   0.542693573375   0.529584050212
8.168   0.542693573375   0.529584050212
8.264   0.542693573375   0.529584050212
8.36   0.542693573375   0.529584050212
8.456   0.542693573375   0.529584050212
8.552   0.542693573375   0.529584050212
8.648   0.542693573375   0.529584050212
8.744   0.542693573375   0.529584050212
8.84   0.542693573375   0.529584050212
8.936   0.542693573375   0.529584050212
9.032   0.542693573375   0.529584050212
9.128   0.542693573375   0.529584050212
9.224   0.542693573375   0.529584050212
9.32   0.542693573375   0.529584050212
9.416   0.542693573375   0.529584050212
9.512   0.542693573375   0.529584050212
9.608   0.542693573375   0.529584050212
9.704   0.542693573375   0.529584050212
