0.2   0.561320944528   0.69999999972
0.296   0.556518326544   0.7
0.392   0.55253301006   0.444982847089
0.488   0.549372337881   0.46870479856
0.584   0.54700136579   0.482840377214
0.68   0.545334130304   0.492234625892
0.776   0.544239520783   0.498295309432
0.872   0.543565746206   0.50210359862
0.968   0.543172596891   0.504451282063
1.064   0.542952130349   0.505881763725
1.16   0.542831507   0.506748106962
1.256   0.542766679773   0.507271703981
1.352   0.542732174159   0.507587881156
1.448   0.542713910944   0.507778879693
1.544   0.542704275593   0.507894331636
1.64   0.542699201369   0.507964161988
1.736   0.542696531863   0.508006420877
1.832   0.542695128249   0.508032005106
1.928   0.542694390467   0.508047499001
2.024   0.542694002732   0.508056884236
2.12   0.542693798982   0.508062570108
2.216   0.542693691918   0.508066015158
2.312   0.542693635662   0.508068102653
2.408   0.542693606102   0.508069367611
2.504   0.542693590571   0.508070134163
2.6   0.54269358241   0.508070598695
2.696   0.542693578122   0.508070880206
2.792   0.542693575869   0.508071050807
2.888   0.542693574685   0.508071154194
2.984   0.542693574063   0.508071216849
3.08   0.542693573737   0.508071254819
3.176   0.542693573565   0.50807127783
3.272   0.542693573475   0.508071291776
3.368   0.542693573427   0.508071300227
3.464   0.542693573402   0.508071305348
3.56   0.542693573389   0.508071308452
3.656   0.542693573382   0.508071310333
3.752   0.542693573379   0.508071311473
3.848   0.542693573377   0.508071312164
3.944   0.542693573376   0.508071312583
4.04   0.542693573375   0.508071312836
4.136   0.542693573375   0.50807131299
4.232   0.542693573375   0.508071313083
4.328   0.542693573375   0.50807131314
4.424   0.542693573375   0.508071313174
4.52   0.542693573375   0.508071313195
4.616   0.542693573375   0.508071313207
4.712   0.542693573375   0.508071313215
4.808   0.542693573375   0.50807131322
4.904   0.542693573375   0.508071313222
5.0   0.542693573375   0.508071313224
5.096   0.542693573375   0.508071313225
5.192   0.542693573375   0.508071313226
5.288   0.542693573375   0.508071313226
5.384   0.542693573375   0.508071313226
5.48   0.542693573375   0.508071313226
5.576   0.542693573375   0.508071313227
5.672   0.542693573375   0.508071313227
5.768   0.542693573375   0.508071313227
5.864   0.542693573375   0.508071313227
5.96   0.542693573375   0.508071313227
6.056   0.542693573375   0.508071313227
6.152   0.542693573375   0.508071313227
6.248   0.542693573375   0.508071313227
6.344   0.542693573375   0.508071313227
6.44   0.542693573375   0.508071313227
6.536   0.542693573375   0.508071313227
6.632   0.542693573375   0.508071313227
6.728   0.542693573375   0.508071313227
6.824   0.542693573375   0.508071313227
6.92   0.542693573375   0.508071313227
7.016   0.542693573375   0.508071313227
7.112   0.542693573375   0.508071313227
7.208   0.542693573375   0.508071313227
7.304   0.542693573375   0.508071313227
7.4   0.542693573375   0.508071313227
7.496   0.542693573375   0.508071313227
7.592   0.542693573375   0.508071313227
7.688   0.542693573375   0.508071313227
7.784   0.542693573375   0.508071313227
7.88   0.542693573375   0.508071313227
7.976   0.542693573375   0.508071313227
8.072   0.542693573375   0.508071313227
8.168   0.542693573375   0.508071313227
8.264   0.542693573375   0.508071313227
8.36   0.542693573375   0.508071313227
8.456   0.542693573375   0.508071313227
8.552   0.542693573375   0.508071313227
8.648   0.542693573375   0.508071313227
8.744   0.542693573375   0.508071313227
8.84   0.542693573375   0.508071313227
8.936   0.542693573375   0.508071313227
9.032   0.542693573375   0.508071313227
9.128   0.542693573375   0.508071313227
9.224   0.542693573375   0.508071313227
9.32   0.542693573375   0.508071313227
9.416   0.542693573375   0.508071313227
9.512   0.542693573375   0.508071313227
9.608   0.542693573375   0.508071313227
9.704   0.542693573375   0.508071313227
