0.2   0.566071784049   0.438659984402
0.296   0.56332009691   0.48089453622
0.392   0.561163355899   0.507283162218
0.488   0.559589019528   0.523389102265
0.584   0.558543645573   0.532570153667
0.68   0.557922784819   0.537479310416
0.776   0.557592089068   0.540016714326
0.872   0.557430816846   0.541314867475
0.968   0.557355974176   0.541979741241
1.064   0.557322522917   0.54232239004
1.16   0.557307802175   0.542499847956
1.256   0.557301373528   0.542592211159
1.352   0.557298576387   0.542640451347
1.448   0.557297361436   0.542665704514
1.544   0.55729683414   0.542678943604
1.64   0.557296605376   0.542685890556
1.736   0.557296506145   0.542689537838
1.832   0.557296463105   0.542691453358
1.928   0.557296444438   0.542692459567
2.024   0.557296436341   0.54269298818
2.12   0.55729643283   0.542693265906
2.216   0.557296431307   0.542693411824
2.312   0.557296430646   0.542693488492
2.408   0.55729643036   0.542693528775
2.504   0.557296430236   0.542693549941
2.6   0.557296430182   0.542693561062
2.696   0.557296430159   0.542693566905
2.792   0.557296430148   0.542693569975
2.888   0.557296430144   0.542693571589
2.984   0.557296430142   0.542693572436
3.08   0.557296430141   0.542693572882
3.176   0.557296430141   0.542693573116
3.272   0.557296430141   0.542693573239
3.368   0.557296430141   0.542693573303
3.464   0.557296430141   0.542693573337
3.56   0.557296430141   0.542693573355
3.656   0.557296430141   0.542693573364
3.752   0.557296430141   0.542693573369
3.848   0.557296430141   0.542693573372
3.944   0.557296430141   0.542693573373
4.04   0.557296430141   0.542693573374
4.136   0.557296430141   0.542693573374
4.232   0.557296430141   0.542693573374
4.328   0.557296430141   0.542693573375
4.424   0.557296430141   0.542693573375
4.52   0.557296430141   0.542693573375
4.616   0.557296430141   0.542693573375
4.712   0.557296430141   0.542693573375
4.808   0.557296430141   0.542693573375
4.904   0.557296430141   0.542693573375
5.0   0.557296430141   0.542693573375
5.096   0.557296430141   0.542693573375
5.192   0.557296430141   0.542693573375
5.288   0.557296430141   0.542693573375
5.384   0.557296430141   0.542693573375
5.48   0.557296430141   0.542693573375
5.576   0.557296430141   0.542693573375
5.672   0.557296430141   0.542693573375
5.768   0.557296430141   0.542693573375
5.864   0.557296430141   0.542693573375
5.96   0.557296430141   0.542693573375
6.056   0.557296430141   0.542693573375
6.152   0.557296430141   0.542693573375
6.248   0.557296430141   0.542693573375
6.344   0.557296430141   0.542693573375
6.44   0.557296430141   0.542693573375
6.536   0.557296430141   0.542693573375
6.632   0.557296430141   0.542693573375
6.728   0.557296430141   0.542693573375
6.824   0.557296430141   0.542693573375
6.92   0.557296430141   0.542693573375
7.016   0.557296430141   0.542693573375
7.112   0.557296430141   0.542693573375
7.208   0.557296430141   0.542693573375
7.304   0.557296430141   0.542693573375
7.4   0.557296430141   0.542693573375
7.496   0.557296430141   0.542693573375
7.592   0.557296430141   0.542693573375
7.688   0.557296430141   0.542693573375
7.784   0.557296430141   0.542693573375
7.88   0.557296430141   0.542693573375
7.976   0.557296430141   0.542693573375
8.072   0.557296430141   0.542693573375
8.168   0.557296430141   0.542693573375
8.264   0.557296430141   0.542693573375
8.36   0.557296430141   0.542693573375
8.456   0.557296430141   0.542693573375
8.552   0.557296430141   0.542693573375
8.648   0.557296430141   0.542693573375
8.744   0.557296430141   0.542693573375
8.84   0.557296430141   0.542693573375
8.936   0.557296430141   0.542693573375
9.032   0.557296430141   0.542693573375
9.128   0.557296430141   0.542693573375
9.224   0.557296430141   0.542693573375
9.32   0.557296430141   0.542693573375
9.416   0.557296430141   0.542693573375
9.512   0.557296430141   0.542693573375
9.608   0.557296430141   0.542693573375
9.704   0.557296430141   0.542693573375
