0.2   0.563847728127   0.421558209837
0.296   0.559958287043   0.462866287723
0.392   0.556607740816   0.490299388366
0.488   0.553772291262   0.508678913042
0.584   0.551413929296   0.520739613738
0.68   0.54948496755   0.52845203535
0.776   0.547932074201   0.533329406304
0.872   0.546700373656   0.536435585412
0.968   0.545736719533   0.538448639867
1.064   0.544992085344   0.539779814062
1.16   0.544423043196   0.540676645619
1.256   0.543992428274   0.541290192208
1.352   0.543669361798   0.541715576734
1.448   0.543428831167   0.542013124104
1.544   0.543251385679   0.54222222495
1.64   0.543120874134   0.542371671598
1.736   0.54302586767   0.542474640439
1.832   0.542957461967   0.542549414552
1.928   0.542908994945   0.54260072092
2.024   0.542881140144   0.542636236181
2.12   0.54285893623   0.54266748067
2.216   0.542843668396   0.542838032473
2.312   0.542833785792   0.542832259757
2.408   0.542827667008   0.542827231186
2.504   0.54282402182   0.542823893462
2.6   0.542821920777   0.542821882301
2.696   0.542820741776   0.542820730128
2.792   0.542820093644   0.5428200901
2.888   0.542819742671   0.542819741589
2.984   0.542819554616   0.542819554285
3.08   0.542819454581   0.54281945448
3.176   0.542819401624   0.542819401593
3.272   0.542819373678   0.542819373668
3.368   0.542819358959   0.542819358956
3.464   0.542819351217   0.542819351216
3.56   0.542819347148   0.542819347148
3.656   0.542819345011   0.542819345011
3.752   0.542819343888   0.542819343888
3.848   0.542819343299   0.542819343299
3.944   0.54281934299   0.54281934299
4.04   0.542819342827   0.542819342827
4.136   0.542819342742   0.542819342742
4.232   0.542819342697   0.542819342697
4.328   0.542819342674   0.542819342674
4.424   0.542819342661   0.542819342661
4.52   0.542819342655   0.542819342655
4.616   0.542819342652   0.542819342652
4.712   0.54281934265   0.54281934265
4.808   0.542819342649   0.542819342649
4.904   0.542819342648   0.542819342648
5.0   0.542819342648   0.542819342648
5.096   0.542819342648   0.542819342648
5.192   0.542819342648   0.542819342648
5.288   0.542819342648   0.542819342648
5.384   0.542819342648   0.542819342648
5.48   0.542819342648   0.542819342648
5.576   0.542819342648   0.542819342648
5.672   0.542819342648   0.542819342648
5.768   0.542819342648   0.542819342648
5.864   0.542819342648   0.542819342648
5.96   0.542819342648   0.542819342648
6.056   0.542819342648   0.542819342648
6.152   0.542819342648   0.542819342648
6.248   0.542819342648   0.542819342648
6.344   0.542819342648   0.542819342648
6.44   0.542819342648   0.542819342648
6.536   0.542819342648   0.542819342648
6.632   0.542819342648   0.542819342648
6.728   0.542819342648   0.542819342648
6.824   0.542819342648   0.542819342648
6.92   0.542819342648   0.542819342648
7.016   0.542819342648   0.542819342648
7.112   0.542819342648   0.542819342648
7.208   0.542819342648   0.542819342648
7.304   0.542819342648   0.542819342648
7.4   0.542819342648   0.542819342648
7.496   0.542819342648   0.542819342648
7.592   0.542819342648   0.542819342648
7.688   0.542819342648   0.542819342648
7.784   0.542819342648   0.542819342648
7.88   0.542819342648   0.542819342648
7.976   0.542819342648   0.542819342648
8.072   0.542819342648   0.542819342648
8.168   0.542819342648   0.542819342648
8.264   0.542819342648   0.542819342648
8.36   0.542819342648   0.542819342648
8.456   0.542819342648   0.542819342648
8.552   0.542819342648   0.542819342648
8.648   0.542819342648   0.542819342648
8.744   0.542819342648   0.542819342648
8.84   0.542819342648   0.542819342648
8.936   0.542819342648   0.542819342648
9.032   0.542819342648   0.542819342648
9.128   0.542819342648   0.542819342648
9.224   0.542819342648   0.542819342648
9.32   0.542819342648   0.542819342648
9.416   0.542819342648   0.542819342648
9.512   0.542819342648   0.542819342648
9.608   0.542819342648   0.542819342648
9.704   0.542819342648   0.542819342648
