0.2   0.563019020909   0.399640531163
0.296   0.558761377922   0.445660773346
0.392   0.555086563778   0.476014768312
0.488   0.55198537431   0.496470805621
0.584   0.549434478184   0.510111720912
0.68   0.547399770411   0.518996003769
0.776   0.545837864711   0.524655877188
0.872   0.544695504297   0.528200360026
0.968   0.543907551596   0.530382571398
1.064   0.543397830185   0.531698361493
1.16   0.54308793401   0.532473770936
1.256   0.542909259815   0.532921191176
1.352   0.542809402586   0.533175872548
1.448   0.542755188699   0.533319310522
1.544   0.542726170506   0.533399447971
1.64   0.542710765513   0.533444260011
1.736   0.542702625237   0.53346924757
1.832   0.542698334818   0.533483171291
1.928   0.542696076699   0.533490927528
2.024   0.542694889129   0.533495247591
2.12   0.542694264834   0.533497653661
2.216   0.542693936723   0.533498993713
2.312   0.542693764299   0.533499740051
2.408   0.542693673695   0.533500155725
2.504   0.542693626087   0.533500387235
2.6   0.542693601071   0.533500516176
2.696   0.542693587927   0.533500587991
2.792   0.542693581021   0.533500627989
2.888   0.542693577392   0.533500650267
2.984   0.542693575486   0.533500662674
3.08   0.542693574484   0.533500669585
3.176   0.542693573957   0.533500673434
3.272   0.542693573681   0.533500675577
3.368   0.542693573536   0.533500676771
3.464   0.542693573459   0.533500677436
3.56   0.542693573419   0.533500677807
3.656   0.542693573398   0.533500678013
3.752   0.542693573387   0.533500678128
3.848   0.542693573381   0.533500678192
3.944   0.542693573378   0.533500678227
4.04   0.542693573376   0.533500678247
4.136   0.542693573376   0.533500678258
4.232   0.542693573375   0.533500678264
4.328   0.542693573375   0.533500678268
4.424   0.542693573375   0.53350067827
4.52   0.542693573375   0.533500678271
4.616   0.542693573375   0.533500678271
4.712   0.542693573375   0.533500678272
4.808   0.542693573375   0.533500678272
4.904   0.542693573375   0.533500678272
5.0   0.542693573375   0.533500678272
5.096   0.542693573375   0.533500678272
5.192   0.542693573375   0.533500678272
5.288   0.542693573375   0.533500678272
5.384   0.542693573375   0.533500678272
5.48   0.542693573375   0.533500678272
5.576   0.542693573375   0.533500678272
5.672   0.542693573375   0.533500678272
5.768   0.542693573375   0.533500678272
5.864   0.542693573375   0.533500678272
5.96   0.542693573375   0.533500678272
6.056   0.542693573375   0.533500678272
6.152   0.542693573375   0.533500678272
6.248   0.542693573375   0.533500678272
6.344   0.542693573375   0.533500678272
6.44   0.542693573375   0.533500678272
6.536   0.542693573375   0.533500678272
6.632   0.542693573375   0.533500678272
6.728   0.542693573375   0.533500678272
6.824   0.542693573375   0.533500678272
6.92   0.542693573375   0.533500678272
7.016   0.542693573375   0.533500678272
7.112   0.542693573375   0.533500678272
7.208   0.542693573375   0.533500678272
7.304   0.542693573375   0.533500678272
7.4   0.542693573375   0.533500678272
7.496   0.542693573375   0.533500678272
7.592   0.542693573375   0.533500678272
7.688   0.542693573375   0.533500678272
7.784   0.542693573375   0.533500678272
7.88   0.542693573375   0.533500678272
7.976   0.542693573375   0.533500678272
8.072   0.542693573375   0.533500678272
8.168   0.542693573375   0.533500678272
8.264   0.542693573375   0.533500678272
8.36   0.542693573375   0.533500678272
8.456   0.542693573375   0.533500678272
8.552   0.542693573375   0.533500678272
8.648   0.542693573375   0.533500678272
8.744   0.542693573375   0.533500678272
8.84   0.542693573375   0.533500678272
8.936   0.542693573375   0.533500678272
9.032   0.542693573375   0.533500678272
9.128   0.542693573375   0.533500678272
9.224   0.542693573375   0.533500678272
9.32   0.542693573375   0.533500678272
9.416   0.542693573375   0.533500678272
9.512   0.542693573375   0.533500678272
9.608   0.542693573375   0.533500678272
9.704   0.542693573375   0.533500678272
