0.2   0.565810887454   0.441615125671
0.296   0.562925800459   0.481609209636
0.392   0.560626816383   0.507049173312
0.488   0.558902857693   0.522869037405
0.584   0.557711786182   0.532096682957
0.68   0.556967886866   0.537152409034
0.776   0.556549849893   0.539820267293
0.872   0.556335932213   0.541205161065
0.968   0.556232387688   0.541920791443
1.064   0.556184527365   0.542291073408
1.16   0.556162838988   0.542483369838
1.256   0.556153109475   0.542583557705
1.352   0.556148766493   0.542635909115
1.448   0.556146832574   0.542663320083
1.544   0.556145972393   0.542677691622
1.64   0.556145590004   0.542685233041
1.736   0.556145420058   0.542689192466
1.832   0.556145344538   0.542691271925
1.928   0.55614531098   0.542692364247
2.024   0.556145296069   0.5426929381
2.12   0.556145289444   0.542693239593
2.216   0.5561452865   0.542693397999
2.312   0.556145285192   0.542693481228
2.408   0.556145284611   0.542693524958
2.504   0.556145284352   0.542693547935
2.6   0.556145284238   0.542693560008
2.696   0.556145284187   0.542693566351
2.792   0.556145284164   0.542693569684
2.888   0.556145284154   0.542693571436
2.984   0.556145284149   0.542693572356
3.08   0.556145284147   0.542693572839
3.176   0.556145284147   0.542693573093
3.272   0.556145284146   0.542693573227
3.368   0.556145284146   0.542693573297
3.464   0.556145284146   0.542693573334
3.56   0.556145284146   0.542693573353
3.656   0.556145284146   0.542693573363
3.752   0.556145284146   0.542693573369
3.848   0.556145284146   0.542693573372
3.944   0.556145284146   0.542693573373
4.04   0.556145284146   0.542693573374
4.136   0.556145284146   0.542693573374
4.232   0.556145284146   0.542693573374
4.328   0.556145284146   0.542693573375
4.424   0.556145284146   0.542693573375
4.52   0.556145284146   0.542693573375
4.616   0.556145284146   0.542693573375
4.712   0.556145284146   0.542693573375
4.808   0.556145284146   0.542693573375
4.904   0.556145284146   0.542693573375
5.0   0.556145284146   0.542693573375
5.096   0.556145284146   0.542693573375
5.192   0.556145284146   0.542693573375
5.288   0.556145284146   0.542693573375
5.384   0.556145284146   0.542693573375
5.48   0.556145284146   0.542693573375
5.576   0.556145284146   0.542693573375
5.672   0.556145284146   0.542693573375
5.768   0.556145284146   0.542693573375
5.864   0.556145284146   0.542693573375
5.96   0.556145284146   0.542693573375
6.056   0.556145284146   0.542693573375
6.152   0.556145284146   0.542693573375
6.248   0.556145284146   0.542693573375
6.344   0.556145284146   0.542693573375
6.44   0.556145284146   0.542693573375
6.536   0.556145284146   0.542693573375
6.632   0.556145284146   0.542693573375
6.728   0.556145284146   0.542693573375
6.824   0.556145284146   0.542693573375
6.92   0.556145284146   0.542693573375
7.016   0.556145284146   0.542693573375
7.112   0.556145284146   0.542693573375
7.208   0.556145284146   0.542693573375
7.304   0.556145284146   0.542693573375
7.4   0.556145284146   0.542693573375
7.496   0.556145284146   0.542693573375
7.592   0.556145284146   0.542693573375
7.688   0.556145284146   0.542693573375
7.784   0.556145284146   0.542693573375
7.88   0.556145284146   0.542693573375
7.976   0.556145284146   0.542693573375
8.072   0.556145284146   0.542693573375
8.168   0.556145284146   0.542693573375
8.264   0.556145284146   0.542693573375
8.36   0.556145284146   0.542693573375
8.456   0.556145284146   0.542693573375
8.552   0.556145284146   0.542693573375
8.648   0.556145284146   0.542693573375
8.744   0.556145284146   0.542693573375
8.84   0.556145284146   0.542693573375
8.936   0.556145284146   0.542693573375
9.032   0.556145284146   0.542693573375
9.128   0.556145284146   0.542693573375
9.224   0.556145284146   0.542693573375
9.32   0.556145284146   0.542693573375
9.416   0.556145284146   0.542693573375
9.512   0.556145284146   0.542693573375
9.608   0.556145284146   0.542693573375
9.704   0.556145284146   0.542693573375
