0.2   0.562197994084   0.396785460069
0.296   0.557660078234   0.439094251841
0.392   0.553801787532   0.46772904312
0.488   0.550624315709   0.487414939232
0.584   0.548109002769   0.500781342071
0.68   0.546214043944   0.509612550063
0.776   0.54486927787   0.515266914089
0.872   0.543976339072   0.518782221182
0.968   0.543420914325   0.520913723354
1.064   0.54309429368   0.522181608565
1.16   0.542910285923   0.522926074653
1.256   0.542809275217   0.523359879876
1.352   0.542754919078   0.523611771618
1.448   0.54272596954   0.523757785867
1.544   0.542710642991   0.523842326565
1.64   0.542702556095   0.523891323273
1.736   0.542698297158   0.523919715409
1.832   0.542696056541   0.52393617151
1.928   0.542694878434   0.52394571133
2.024   0.542694259187   0.523951242523
2.12   0.542693933748   0.523954449861
2.216   0.542693762733   0.523956309821
2.312   0.542693672872   0.523957388483
2.408   0.542693625654   0.523958014062
2.504   0.542693600844   0.523958376879
2.6   0.542693587808   0.523958587305
2.696   0.542693580958   0.52395870935
2.792   0.542693577359   0.523958780134
2.888   0.542693575468   0.523958821188
2.984   0.542693574475   0.523958844999
3.08   0.542693573953   0.523958858809
3.176   0.542693573678   0.523958866819
3.272   0.542693573534   0.523958871464
3.368   0.542693573459   0.523958874159
3.464   0.542693573419   0.523958875722
3.56   0.542693573398   0.523958876628
3.656   0.542693573387   0.523958877154
3.752   0.542693573381   0.523958877459
3.848   0.542693573378   0.523958877635
3.944   0.542693573376   0.523958877738
4.04   0.542693573376   0.523958877798
4.136   0.542693573375   0.523958877832
4.232   0.542693573375   0.523958877852
4.328   0.542693573375   0.523958877864
4.424   0.542693573375   0.52395887787
4.52   0.542693573375   0.523958877874
4.616   0.542693573375   0.523958877877
4.712   0.542693573375   0.523958877878
4.808   0.542693573375   0.523958877879
4.904   0.542693573375   0.523958877879
5.0   0.542693573375   0.523958877879
5.096   0.542693573375   0.523958877879
5.192   0.542693573375   0.52395887788
5.288   0.542693573375   0.52395887788
5.384   0.542693573375   0.52395887788
5.48   0.542693573375   0.52395887788
5.576   0.542693573375   0.52395887788
5.672   0.542693573375   0.52395887788
5.768   0.542693573375   0.52395887788
5.864   0.542693573375   0.52395887788
5.96   0.542693573375   0.52395887788
6.056   0.542693573375   0.52395887788
6.152   0.542693573375   0.52395887788
6.248   0.542693573375   0.52395887788
6.344   0.542693573375   0.52395887788
6.44   0.542693573375   0.52395887788
6.536   0.542693573375   0.52395887788
6.632   0.542693573375   0.52395887788
6.728   0.542693573375   0.52395887788
6.824   0.542693573375   0.52395887788
6.92   0.542693573375   0.52395887788
7.016   0.542693573375   0.52395887788
7.112   0.542693573375   0.52395887788
7.208   0.542693573375   0.52395887788
7.304   0.542693573375   0.52395887788
7.4   0.542693573375   0.52395887788
7.496   0.542693573375   0.52395887788
7.592   0.542693573375   0.52395887788
7.688   0.542693573375   0.52395887788
7.784   0.542693573375   0.52395887788
7.88   0.542693573375   0.52395887788
7.976   0.542693573375   0.52395887788
8.072   0.542693573375   0.52395887788
8.168   0.542693573375   0.52395887788
8.264   0.542693573375   0.52395887788
8.36   0.542693573375   0.52395887788
8.456   0.542693573375   0.52395887788
8.552   0.542693573375   0.52395887788
8.648   0.542693573375   0.52395887788
8.744   0.542693573375   0.52395887788
8.84   0.542693573375   0.52395887788
8.936   0.542693573375   0.52395887788
9.032   0.542693573375   0.52395887788
9.128   0.542693573375   0.52395887788
9.224   0.542693573375   0.52395887788
9.32   0.542693573375   0.52395887788
9.416   0.542693573375   0.52395887788
9.512   0.542693573375   0.52395887788
9.608   0.542693573375   0.52395887788
9.704   0.542693573375   0.52395887788
