0.2   0.562591093848   0.409856682438
0.296   0.558198873153   0.449619484192
0.392   0.55443947839   0.476719735759
0.488   0.551303714094   0.49539300605
0.584   0.548767649853   0.508064425822
0.68   0.546794041398   0.51643081457
0.776   0.545330696905   0.521800145177
0.872   0.544307616979   0.525158171247
0.968   0.543637286088   0.527207299012
1.064   0.543225209728   0.528428951004
1.16   0.542985508462   0.529142975211
1.256   0.542850778088   0.5295543259
1.352   0.542777339435   0.529789355284
1.448   0.542737933671   0.529922887752
1.544   0.542716983197   0.529998583205
1.64   0.54270590303   0.530041447422
1.736   0.54270006022   0.530065709757
1.832   0.542696984188   0.530079441043
1.928   0.542695366214   0.53008721219
2.024   0.542694515585   0.530091610373
2.12   0.542694068497   0.530094099687
2.216   0.542693833543   0.530095508657
2.312   0.542693710079   0.530096306168
2.408   0.542693645205   0.530096757586
2.504   0.542693611117   0.530097013108
2.6   0.542693593206   0.530097157746
2.696   0.542693583794   0.530097239618
2.792   0.54269357885   0.530097285962
2.888   0.542693576251   0.530097312195
2.984   0.542693574886   0.530097327045
3.08   0.542693574169   0.53009733545
3.176   0.542693573792   0.530097340209
3.272   0.542693573594   0.530097342902
3.368   0.54269357349   0.530097344426
3.464   0.542693573435   0.530097345289
3.56   0.542693573406   0.530097345778
3.656   0.542693573391   0.530097346055
3.752   0.542693573383   0.530097346211
3.848   0.542693573379   0.5300973463
3.944   0.542693573377   0.53009734635
4.04   0.542693573376   0.530097346378
4.136   0.542693573375   0.530097346394
4.232   0.542693573375   0.530097346403
4.328   0.542693573375   0.530097346408
4.424   0.542693573375   0.530097346411
4.52   0.542693573375   0.530097346413
4.616   0.542693573375   0.530097346414
4.712   0.542693573375   0.530097346415
4.808   0.542693573375   0.530097346415
4.904   0.542693573375   0.530097346415
5.0   0.542693573375   0.530097346415
5.096   0.542693573375   0.530097346415
5.192   0.542693573375   0.530097346415
5.288   0.542693573375   0.530097346415
5.384   0.542693573375   0.530097346415
5.48   0.542693573375   0.530097346415
5.576   0.542693573375   0.530097346415
5.672   0.542693573375   0.530097346415
5.768   0.542693573375   0.530097346415
5.864   0.542693573375   0.530097346415
5.96   0.542693573375   0.530097346415
6.056   0.542693573375   0.530097346415
6.152   0.542693573375   0.530097346415
6.248   0.542693573375   0.530097346415
6.344   0.542693573375   0.530097346415
6.44   0.542693573375   0.530097346415
6.536   0.542693573375   0.530097346415
6.632   0.542693573375   0.530097346415
6.728   0.542693573375   0.530097346415
6.824   0.542693573375   0.530097346415
6.92   0.542693573375   0.530097346415
7.016   0.542693573375   0.530097346415
7.112   0.542693573375   0.530097346415
7.208   0.542693573375   0.530097346415
7.304   0.542693573375   0.530097346415
7.4   0.542693573375   0.530097346415
7.496   0.542693573375   0.530097346415
7.592   0.542693573375   0.530097346415
7.688   0.542693573375   0.530097346415
7.784   0.542693573375   0.530097346415
7.88   0.542693573375   0.530097346415
7.976   0.542693573375   0.530097346415
8.072   0.542693573375   0.530097346415
8.168   0.542693573375   0.530097346415
8.264   0.542693573375   0.530097346415
8.36   0.542693573375   0.530097346415
8.456   0.542693573375   0.530097346415
8.552   0.542693573375   0.530097346415
8.648   0.542693573375   0.530097346415
8.744   0.542693573375   0.530097346415
8.84   0.542693573375   0.530097346415
8.936   0.542693573375   0.530097346415
9.032   0.542693573375   0.530097346415
9.128   0.542693573375   0.530097346415
9.224   0.542693573375   0.530097346415
9.32   0.542693573375   0.530097346415
9.416   0.542693573375   0.530097346415
9.512   0.542693573375   0.530097346415
9.608   0.542693573375   0.530097346415
9.704   0.542693573375   0.530097346415
