0.2   0.566766572647   0.443277751735
0.296   0.564415860258   0.485437396506
0.392   0.562700824799   0.511163396594
0.488   0.561579016904   0.526253810602
0.584   0.560936465705   0.53440150842
0.68   0.560613428542   0.538534134185
0.776   0.560467010501   0.540589605396
0.872   0.560404267907   0.54161758142
0.968   0.560378442469   0.542138208595
1.064   0.56036797313   0.542405061364
1.16   0.560363758737   0.542543032433
1.256   0.560362067587   0.542614805545
1.352   0.560361389901   0.542652289174
1.448   0.560361118498   0.542671912999
1.544   0.560361009834   0.542682201978
1.64   0.560360966331   0.542687601405
1.736   0.560360948917   0.542690436393
1.832   0.560360941945   0.54269192537
1.928   0.560360939155   0.54269270754
2.024   0.560360938037   0.542693118462
2.12   0.56036093759   0.542693334356
2.216   0.560360937411   0.542693447789
2.312   0.56036093734   0.542693507389
2.408   0.560360937311   0.542693538704
2.504   0.560360937299   0.542693555158
2.6   0.560360937295   0.542693563803
2.696   0.560360937293   0.542693568345
2.792   0.560360937292   0.542693570732
2.888   0.560360937292   0.542693571986
2.984   0.560360937292   0.542693572645
3.08   0.560360937292   0.542693572991
3.176   0.560360937292   0.542693573173
3.272   0.560360937292   0.542693573269
3.368   0.560360937292   0.542693573319
3.464   0.560360937292   0.542693573345
3.56   0.560360937292   0.542693573359
3.656   0.560360937292   0.542693573367
3.752   0.560360937292   0.54269357337
3.848   0.560360937292   0.542693573372
3.944   0.560360937292   0.542693573373
4.04   0.560360937292   0.542693573374
4.136   0.560360937292   0.542693573374
4.232   0.560360937292   0.542693573374
4.328   0.560360937292   0.542693573375
4.424   0.560360937292   0.542693573375
4.52   0.560360937292   0.542693573375
4.616   0.560360937292   0.542693573375
4.712   0.560360937292   0.542693573375
4.808   0.560360937292   0.542693573375
4.904   0.560360937292   0.542693573375
5.0   0.560360937292   0.542693573375
5.096   0.560360937292   0.542693573375
5.192   0.560360937292   0.542693573375
5.288   0.560360937292   0.542693573375
5.384   0.560360937292   0.542693573375
5.48   0.560360937292   0.542693573375
5.576   0.560360937292   0.542693573375
5.672   0.560360937292   0.542693573375
5.768   0.560360937292   0.542693573375
5.864   0.560360937292   0.542693573375
5.96   0.560360937292   0.542693573375
6.056   0.560360937292   0.542693573375
6.152   0.560360937292   0.542693573375
6.248   0.560360937292   0.542693573375
6.344   0.560360937292   0.542693573375
6.44   0.560360937292   0.542693573375
6.536   0.560360937292   0.542693573375
6.632   0.560360937292   0.542693573375
6.728   0.560360937292   0.542693573375
6.824   0.560360937292   0.542693573375
6.92   0.560360937292   0.542693573375
7.016   0.560360937292   0.542693573375
7.112   0.560360937292   0.542693573375
7.208   0.560360937292   0.542693573375
7.304   0.560360937292   0.542693573375
7.4   0.560360937292   0.542693573375
7.496   0.560360937292   0.542693573375
7.592   0.560360937292   0.542693573375
7.688   0.560360937292   0.542693573375
7.784   0.560360937292   0.542693573375
7.88   0.560360937292   0.542693573375
7.976   0.560360937292   0.542693573375
8.072   0.560360937292   0.542693573375
8.168   0.560360937292   0.542693573375
8.264   0.560360937292   0.542693573375
8.36   0.560360937292   0.542693573375
8.456   0.560360937292   0.542693573375
8.552   0.560360937292   0.542693573375
8.648   0.560360937292   0.542693573375
8.744   0.560360937292   0.542693573375
8.84   0.560360937292   0.542693573375
8.936   0.560360937292   0.542693573375
9.032   0.560360937292   0.542693573375
9.128   0.560360937292   0.542693573375
9.224   0.560360937292   0.542693573375
9.32   0.560360937292   0.542693573375
9.416   0.560360937292   0.542693573375
9.512   0.560360937292   0.542693573375
9.608   0.560360937292   0.542693573375
9.704   0.560360937292   0.542693573375
