0.2   0.564253715165   0.424747356597
0.296   0.560549811003   0.466480320859
0.392   0.557375878533   0.493920140588
0.488   0.554709239583   0.512070222098
0.584   0.552514081325   0.523768016366
0.68   0.550746089522   0.531083155207
0.776   0.54935647724   0.535594780819
0.872   0.548295675712   0.538382963546
0.968   0.547515349903   0.540114536027
1.064   0.546968433435   0.541185460353
1.16   0.546607063244   0.541835478764
1.256   0.546383677852   0.542218052374
1.352   0.546254726299   0.542435460306
1.448   0.546182519402   0.542555468616
1.544   0.546143997151   0.542620267113
1.64   0.54612385877   0.542654844067
1.736   0.546113449668   0.542673165228
1.832   0.546108102659   0.542682834482
1.928   0.546105365069   0.542687926619
2.024   0.546103965916   0.542690605287
2.12   0.546103251482   0.542692013561
2.216   0.546102886853   0.542692753726
2.312   0.546102700803   0.542693142687
2.408   0.546102605884   0.542693347073
2.504   0.546102557462   0.542693454468
2.6   0.54610253276   0.542693510897
2.696   0.54610252016   0.542693540547
2.792   0.546102513732   0.542693556126
2.888   0.546102510453   0.542693564312
2.984   0.54610250878   0.542693568613
3.08   0.546102507927   0.542693570873
3.176   0.546102507492   0.54269357206
3.272   0.54610250727   0.542693572684
3.368   0.546102507157   0.542693573012
3.464   0.546102507099   0.542693573184
3.56   0.546102507069   0.542693573274
3.656   0.546102507054   0.542693573322
3.752   0.546102507047   0.542693573347
3.848   0.546102507043   0.54269357336
3.944   0.546102507041   0.542693573367
4.04   0.54610250704   0.542693573371
4.136   0.546102507039   0.542693573373
4.232   0.546102507039   0.542693573374
4.328   0.546102507039   0.542693573374
4.424   0.546102507039   0.542693573374
4.52   0.546102507039   0.542693573374
4.616   0.546102507039   0.542693573375
4.712   0.546102507039   0.542693573375
4.808   0.546102507039   0.542693573375
4.904   0.546102507039   0.542693573375
5.0   0.546102507039   0.542693573375
5.096   0.546102507039   0.542693573375
5.192   0.546102507039   0.542693573375
5.288   0.546102507039   0.542693573375
5.384   0.546102507039   0.542693573375
5.48   0.546102507039   0.542693573375
5.576   0.546102507039   0.542693573375
5.672   0.546102507039   0.542693573375
5.768   0.546102507039   0.542693573375
5.864   0.546102507039   0.542693573375
5.96   0.546102507039   0.542693573375
6.056   0.546102507039   0.542693573375
6.152   0.546102507039   0.542693573375
6.248   0.546102507039   0.542693573375
6.344   0.546102507039   0.542693573375
6.44   0.546102507039   0.542693573375
6.536   0.546102507039   0.542693573375
6.632   0.546102507039   0.542693573375
6.728   0.546102507039   0.542693573375
6.824   0.546102507039   0.542693573375
6.92   0.546102507039   0.542693573375
7.016   0.546102507039   0.542693573375
7.112   0.546102507039   0.542693573375
7.208   0.546102507039   0.542693573375
7.304   0.546102507039   0.542693573375
7.4   0.546102507039   0.542693573375
7.496   0.546102507039   0.542693573375
7.592   0.546102507039   0.542693573375
7.688   0.546102507039   0.542693573375
7.784   0.546102507039   0.542693573375
7.88   0.546102507039   0.542693573375
7.976   0.546102507039   0.542693573375
8.072   0.546102507039   0.542693573375
8.168   0.546102507039   0.542693573375
8.264   0.546102507039   0.542693573375
8.36   0.546102507039   0.542693573375
8.456   0.546102507039   0.542693573375
8.552   0.546102507039   0.542693573375
8.648   0.546102507039   0.542693573375
8.744   0.546102507039   0.542693573375
8.84   0.546102507039   0.542693573375
8.936   0.546102507039   0.542693573375
9.032   0.546102507039   0.542693573375
9.128   0.546102507039   0.542693573375
9.224   0.546102507039   0.542693573375
9.32   0.546102507039   0.542693573375
9.416   0.546102507039   0.542693573375
9.512   0.546102507039   0.542693573375
9.608   0.546102507039   0.542693573375
9.704   0.546102507039   0.542693573375
