0.2   0.562002110917   0.384602025773
0.296   0.55739107865   0.430104081158
0.392   0.553486295306   0.460539305523
0.488   0.550295336961   0.481334238902
0.584   0.547801062244   0.495412194243
0.68   0.54595552687   0.504700580398
0.776   0.544674874347   0.510641566081
0.872   0.543844334756   0.514333126419
0.968   0.543338727683   0.51657429339
1.064   0.54304660402   0.517912914444
1.16   0.542883386328   0.518704550087
1.256   0.542794636101   0.519170277189
1.352   0.542747073514   0.519443730625
1.448   0.542721801639   0.5196041235
1.544   0.542708439734   0.519698293065
1.64   0.542701394586   0.519753550106
1.736   0.542697685758   0.519785998855
1.832   0.542695734976   0.519805060303
1.928   0.542694709384   0.519816260564
2.024   0.542694170337   0.519822842959
2.12   0.542693887056   0.519826711956
2.216   0.542693738198   0.519828986285
2.312   0.542693659979   0.519830323296
2.408   0.54269361888   0.519831109318
2.504   0.542693597285   0.519831571429
2.6   0.542693585938   0.519831843113
2.696   0.542693579976   0.519832002844
2.792   0.542693576843   0.519832096755
2.888   0.542693575197   0.519832151968
2.984   0.542693574332   0.51983218443
3.08   0.542693573878   0.519832203516
3.176   0.542693573639   0.519832214737
3.272   0.542693573514   0.519832221334
3.368   0.542693573448   0.519832225213
3.464   0.542693573413   0.519832227494
3.56   0.542693573395   0.519832228835
3.656   0.542693573385   0.519832229623
3.752   0.54269357338   0.519832230086
3.848   0.542693573378   0.519832230359
3.944   0.542693573376   0.519832230519
4.04   0.542693573375   0.519832230613
4.136   0.542693573375   0.519832230669
4.232   0.542693573375   0.519832230701
4.328   0.542693573375   0.51983223072
4.424   0.542693573375   0.519832230732
4.52   0.542693573375   0.519832230738
4.616   0.542693573375   0.519832230742
4.712   0.542693573375   0.519832230744
4.808   0.542693573375   0.519832230746
4.904   0.542693573375   0.519832230746
5.0   0.542693573375   0.519832230747
5.096   0.542693573375   0.519832230747
5.192   0.542693573375   0.519832230747
5.288   0.542693573375   0.519832230747
5.384   0.542693573375   0.519832230748
5.48   0.542693573375   0.519832230748
5.576   0.542693573375   0.519832230748
5.672   0.542693573375   0.519832230748
5.768   0.542693573375   0.519832230748
5.864   0.542693573375   0.519832230748
5.96   0.542693573375   0.519832230748
6.056   0.542693573375   0.519832230748
6.152   0.542693573375   0.519832230748
6.248   0.542693573375   0.519832230748
6.344   0.542693573375   0.519832230748
6.44   0.542693573375   0.519832230748
6.536   0.542693573375   0.519832230748
6.632   0.542693573375   0.519832230748
6.728   0.542693573375   0.519832230748
6.824   0.542693573375   0.519832230748
6.92   0.542693573375   0.519832230748
7.016   0.542693573375   0.519832230748
7.112   0.542693573375   0.519832230748
7.208   0.542693573375   0.519832230748
7.304   0.542693573375   0.519832230748
7.4   0.542693573375   0.519832230748
7.496   0.542693573375   0.519832230748
7.592   0.542693573375   0.519832230748
7.688   0.542693573375   0.519832230748
7.784   0.542693573375   0.519832230748
7.88   0.542693573375   0.519832230748
7.976   0.542693573375   0.519832230748
8.072   0.542693573375   0.519832230748
8.168   0.542693573375   0.519832230748
8.264   0.542693573375   0.519832230748
8.36   0.542693573375   0.519832230748
8.456   0.542693573375   0.519832230748
8.552   0.542693573375   0.519832230748
8.648   0.542693573375   0.519832230748
8.744   0.542693573375   0.519832230748
8.84   0.542693573375   0.519832230748
8.936   0.542693573375   0.519832230748
9.032   0.542693573375   0.519832230748
9.128   0.542693573375   0.519832230748
9.224   0.542693573375   0.519832230748
9.32   0.542693573375   0.519832230748
9.416   0.542693573375   0.519832230748
9.512   0.542693573375   0.519832230748
9.608   0.542693573375   0.519832230748
9.704   0.542693573375   0.519832230748
