0.2   0.563461849862   0.420045128905
0.296   0.559409793464   0.460219774556
0.392   0.55591616809   0.487217968872
0.488   0.552958526316   0.505527365497
0.584   0.550500334654   0.517719048633
0.68   0.548495683871   0.525637881205
0.776   0.546893478453   0.530707742591
0.872   0.545641530053   0.533950867678
0.968   0.544689451527   0.536035832033
1.064   0.543989956489   0.53737780778
1.16   0.543498457274   0.538233271577
1.256   0.543171179329   0.538766547857
1.352   0.542965922061   0.539088240728
1.448   0.542844944608   0.539275684894
1.544   0.542775454178   0.539381749653
1.64   0.542737303839   0.53944049681
1.736   0.542716758346   0.539472635373
1.832   0.542705815225   0.539490084947
1.928   0.542700022623   0.539499517664
2.024   0.542696966816   0.539504604232
2.12   0.542695357747   0.539507343508
2.216   0.542694511319   0.53950881765
2.312   0.542694066306   0.539509610664
2.408   0.542693832406   0.539510037182
2.504   0.542693709486   0.53951026656
2.6   0.542693644894   0.53951038991
2.696   0.542693610954   0.539510456241
2.792   0.54269359312   0.53951049191
2.888   0.54269358375   0.539510511091
2.984   0.542693578826   0.539510521405
3.08   0.542693576239   0.539510526951
3.176   0.54269357488   0.539510529934
3.272   0.542693574165   0.539510531537
3.368   0.54269357379   0.5395105324
3.464   0.542693573593   0.539510532863
3.56   0.542693573489   0.539510533113
3.656   0.542693573435   0.539510533247
3.752   0.542693573406   0.539510533319
3.848   0.542693573391   0.539510533358
3.944   0.542693573383   0.539510533378
4.04   0.542693573379   0.53951053339
4.136   0.542693573377   0.539510533396
4.232   0.542693573376   0.539510533399
4.328   0.542693573375   0.539510533401
4.424   0.542693573375   0.539510533402
4.52   0.542693573375   0.539510533402
4.616   0.542693573375   0.539510533402
4.712   0.542693573375   0.539510533403
4.808   0.542693573375   0.539510533403
4.904   0.542693573375   0.539510533403
5.0   0.542693573375   0.539510533403
5.096   0.542693573375   0.539510533403
5.192   0.542693573375   0.539510533403
5.288   0.542693573375   0.539510533403
5.384   0.542693573375   0.539510533403
5.48   0.542693573375   0.539510533403
5.576   0.542693573375   0.539510533403
5.672   0.542693573375   0.539510533403
5.768   0.542693573375   0.539510533403
5.864   0.542693573375   0.539510533403
5.96   0.542693573375   0.539510533403
6.056   0.542693573375   0.539510533403
6.152   0.542693573375   0.539510533403
6.248   0.542693573375   0.539510533403
6.344   0.542693573375   0.539510533403
6.44   0.542693573375   0.539510533403
6.536   0.542693573375   0.539510533403
6.632   0.542693573375   0.539510533403
6.728   0.542693573375   0.539510533403
6.824   0.542693573375   0.539510533403
6.92   0.542693573375   0.539510533403
7.016   0.542693573375   0.539510533403
7.112   0.542693573375   0.539510533403
7.208   0.542693573375   0.539510533403
7.304   0.542693573375   0.539510533403
7.4   0.542693573375   0.539510533403
7.496   0.542693573375   0.539510533403
7.592   0.542693573375   0.539510533403
7.688   0.542693573375   0.539510533403
7.784   0.542693573375   0.539510533403
7.88   0.542693573375   0.539510533403
7.976   0.542693573375   0.539510533403
8.072   0.542693573375   0.539510533403
8.168   0.542693573375   0.539510533403
8.264   0.542693573375   0.539510533403
8.36   0.542693573375   0.539510533403
8.456   0.542693573375   0.539510533403
8.552   0.542693573375   0.539510533403
8.648   0.542693573375   0.539510533403
8.744   0.542693573375   0.539510533403
8.84   0.542693573375   0.539510533403
8.936   0.542693573375   0.539510533403
9.032   0.542693573375   0.539510533403
9.128   0.542693573375   0.539510533403
9.224   0.542693573375   0.539510533403
9.32   0.542693573375   0.539510533403
9.416   0.542693573375   0.539510533403
9.512   0.542693573375   0.539510533403
9.608   0.542693573375   0.539510533403
9.704   0.542693573375   0.539510533403
