0.2   0.564360935427   0.419232564813
0.296   0.560693822156   0.46379977067
0.392   0.557549281949   0.492677881629
0.488   0.554907078402   0.511585506607
0.584   0.552733837954   0.52366108112
0.68   0.550987556854   0.53114284255
0.776   0.549621472802   0.535714042858
0.872   0.548587414251   0.538511113374
0.968   0.547837166494   0.540227789039
1.064   0.547321747057   0.541273505567
1.16   0.546989713461   0.541897014645
1.256   0.546789876153   0.542257112462
1.352   0.546677071572   0.542458529304
1.448   0.546615232284   0.542568405969
1.544   0.546582671721   0.542627323214
1.64   0.546565808416   0.542658629036
1.736   0.546557153896   0.542675176248
1.832   0.54655273404   0.542683897365
1.928   0.546550482708   0.542688486804
2.024   0.546549337524   0.542690900092
2.12   0.546548755423   0.542692168586
2.216   0.546548459648   0.542692835215
2.312   0.54654830939   0.542693185513
2.408   0.546548233065   0.542693369578
2.504   0.546548194296   0.542693466293
2.6   0.546548174605   0.542693517111
2.696   0.546548164603   0.542693543812
2.792   0.546548159523   0.542693557841
2.888   0.546548156943   0.542693565213
2.984   0.546548155632   0.542693569086
3.08   0.546548154967   0.542693571121
3.176   0.546548154629   0.542693572191
3.272   0.546548154457   0.542693572753
3.368   0.54654815437   0.542693573048
3.464   0.546548154325   0.542693573203
3.56   0.546548154303   0.542693573284
3.656   0.546548154291   0.542693573327
3.752   0.546548154286   0.54269357335
3.848   0.546548154283   0.542693573362
3.944   0.546548154281   0.542693573368
4.04   0.54654815428   0.542693573371
4.136   0.54654815428   0.542693573373
4.232   0.54654815428   0.542693573374
4.328   0.54654815428   0.542693573374
4.424   0.54654815428   0.542693573374
4.52   0.54654815428   0.542693573375
4.616   0.54654815428   0.542693573375
4.712   0.54654815428   0.542693573375
4.808   0.54654815428   0.542693573375
4.904   0.54654815428   0.542693573375
5.0   0.54654815428   0.542693573375
5.096   0.54654815428   0.542693573375
5.192   0.54654815428   0.542693573375
5.288   0.54654815428   0.542693573375
5.384   0.54654815428   0.542693573375
5.48   0.54654815428   0.542693573375
5.576   0.54654815428   0.542693573375
5.672   0.54654815428   0.542693573375
5.768   0.54654815428   0.542693573375
5.864   0.54654815428   0.542693573375
5.96   0.54654815428   0.542693573375
6.056   0.54654815428   0.542693573375
6.152   0.54654815428   0.542693573375
6.248   0.54654815428   0.542693573375
6.344   0.54654815428   0.542693573375
6.44   0.54654815428   0.542693573375
6.536   0.54654815428   0.542693573375
6.632   0.54654815428   0.542693573375
6.728   0.54654815428   0.542693573375
6.824   0.54654815428   0.542693573375
6.92   0.54654815428   0.542693573375
7.016   0.54654815428   0.542693573375
7.112   0.54654815428   0.542693573375
7.208   0.54654815428   0.542693573375
7.304   0.54654815428   0.542693573375
7.4   0.54654815428   0.542693573375
7.496   0.54654815428   0.542693573375
7.592   0.54654815428   0.542693573375
7.688   0.54654815428   0.542693573375
7.784   0.54654815428   0.542693573375
7.88   0.54654815428   0.542693573375
7.976   0.54654815428   0.542693573375
8.072   0.54654815428   0.542693573375
8.168   0.54654815428   0.542693573375
8.264   0.54654815428   0.542693573375
8.36   0.54654815428   0.542693573375
8.456   0.54654815428   0.542693573375
8.552   0.54654815428   0.542693573375
8.648   0.54654815428   0.542693573375
8.744   0.54654815428   0.542693573375
8.84   0.54654815428   0.542693573375
8.936   0.54654815428   0.542693573375
9.032   0.54654815428   0.542693573375
9.128   0.54654815428   0.542693573375
9.224   0.54654815428   0.542693573375
9.32   0.54654815428   0.542693573375
9.416   0.54654815428   0.542693573375
9.512   0.54654815428   0.542693573375
9.608   0.54654815428   0.542693573375
9.704   0.54654815428   0.542693573375
