0.2   0.563027968912   0.412639516564
0.296   0.558794843154   0.453611079511
0.392   0.555149838263   0.481229769171
0.488   0.552077558567   0.500077768288
0.584   0.549548891916   0.512745807726
0.68   0.547525077524   0.521047375233
0.776   0.545960226756   0.526370599662
0.872   0.544801986725   0.529731051369
0.968   0.543990021996   0.531819732621
1.064   0.54345496641   0.53309143948
1.16   0.543123968545   0.53384681659
1.256   0.542930595487   0.534284808093
1.352   0.542821346973   0.534534000967
1.448   0.54276169333   0.53467403898
1.544   0.542729656717   0.534752114347
1.64   0.542712617266   0.534795473578
1.736   0.542703603953   0.534819502366
1.832   0.542698850704   0.534832804128
1.928   0.542696348226   0.534840163694
2.024   0.542695031929   0.534844234529
2.12   0.542694339903   0.534846485988
2.216   0.542693976177   0.534847731141
2.312   0.542693785032   0.53484841975
2.408   0.542693684589   0.53484880057
2.504   0.542693631811   0.534849011174
2.6   0.542693604079   0.534849127644
2.696   0.542693589508   0.534849192056
2.792   0.542693581852   0.534849227677
2.888   0.542693577829   0.534849247377
2.984   0.542693575715   0.534849258271
3.08   0.542693574604   0.534849264296
3.176   0.542693574021   0.534849267628
3.272   0.542693573714   0.534849269471
3.368   0.542693573553   0.53484927049
3.464   0.542693573468   0.534849271054
3.56   0.542693573424   0.534849271365
3.656   0.542693573401   0.534849271538
3.752   0.542693573388   0.534849271633
3.848   0.542693573382   0.534849271686
3.944   0.542693573378   0.534849271715
4.04   0.542693573377   0.534849271731
4.136   0.542693573376   0.53484927174
4.232   0.542693573375   0.534849271745
4.328   0.542693573375   0.534849271748
4.424   0.542693573375   0.534849271749
4.52   0.542693573375   0.53484927175
4.616   0.542693573375   0.53484927175
4.712   0.542693573375   0.534849271751
4.808   0.542693573375   0.534849271751
4.904   0.542693573375   0.534849271751
5.0   0.542693573375   0.534849271751
5.096   0.542693573375   0.534849271751
5.192   0.542693573375   0.534849271751
5.288   0.542693573375   0.534849271751
5.384   0.542693573375   0.534849271751
5.48   0.542693573375   0.534849271751
5.576   0.542693573375   0.534849271751
5.672   0.542693573375   0.534849271751
5.768   0.542693573375   0.534849271751
5.864   0.542693573375   0.534849271751
5.96   0.542693573375   0.534849271751
6.056   0.542693573375   0.534849271751
6.152   0.542693573375   0.534849271751
6.248   0.542693573375   0.534849271751
6.344   0.542693573375   0.534849271751
6.44   0.542693573375   0.534849271751
6.536   0.542693573375   0.534849271751
6.632   0.542693573375   0.534849271751
6.728   0.542693573375   0.534849271751
6.824   0.542693573375   0.534849271751
6.92   0.542693573375   0.534849271751
7.016   0.542693573375   0.534849271751
7.112   0.542693573375   0.534849271751
7.208   0.542693573375   0.534849271751
7.304   0.542693573375   0.534849271751
7.4   0.542693573375   0.534849271751
7.496   0.542693573375   0.534849271751
7.592   0.542693573375   0.534849271751
7.688   0.542693573375   0.534849271751
7.784   0.542693573375   0.534849271751
7.88   0.542693573375   0.534849271751
7.976   0.542693573375   0.534849271751
8.072   0.542693573375   0.534849271751
8.168   0.542693573375   0.534849271751
8.264   0.542693573375   0.534849271751
8.36   0.542693573375   0.534849271751
8.456   0.542693573375   0.534849271751
8.552   0.542693573375   0.534849271751
8.648   0.542693573375   0.534849271751
8.744   0.542693573375   0.534849271751
8.84   0.542693573375   0.534849271751
8.936   0.542693573375   0.534849271751
9.032   0.542693573375   0.534849271751
9.128   0.542693573375   0.534849271751
9.224   0.542693573375   0.534849271751
9.32   0.542693573375   0.534849271751
9.416   0.542693573375   0.534849271751
9.512   0.542693573375   0.534849271751
9.608   0.542693573375   0.534849271751
9.704   0.542693573375   0.534849271751
