0.2   0.562459116008   0.399374122823
0.296   0.558007337758   0.442279960618
0.392   0.554201060277   0.471164475865
0.488   0.551037969057   0.490936655827
0.584   0.548499078405   0.504307929148
0.68   0.546548134273   0.513114321526
0.776   0.545127884458   0.518745887935
0.872   0.544157355157   0.522249610658
0.968   0.543536676504   0.524376024947
1.064   0.543163252383   0.525639436805
1.16   0.542949472467   0.526378037138
1.256   0.542830765399   0.526805239188
1.352   0.542766487756   0.527050957886
1.448   0.542732130762   0.527191798152
1.544   0.542713904493   0.527272430945
1.64   0.542704276794   0.527318575831
1.736   0.542699203279   0.527344982476
1.832   0.542696533221   0.52736009504
1.928   0.542695129061   0.527368744962
2.024   0.542694390921   0.527373696399
2.12   0.542694002978   0.527376530962
2.216   0.542693799113   0.52737815377
2.312   0.542693691988   0.527379082878
2.408   0.542693635698   0.527379614837
2.504   0.542693606122   0.527379919414
2.6   0.542693590581   0.527380093804
2.696   0.542693582415   0.527380193655
2.792   0.542693578125   0.527380250827
2.888   0.542693575871   0.527380283562
2.984   0.542693574686   0.527380302305
3.08   0.542693574064   0.527380313037
3.176   0.542693573737   0.527380319182
3.272   0.542693573565   0.5273803227
3.368   0.542693573475   0.527380324715
3.464   0.542693573427   0.527380325868
3.56   0.542693573402   0.527380326529
3.656   0.542693573389   0.527380326907
3.752   0.542693573382   0.527380327124
3.848   0.542693573379   0.527380327248
3.944   0.542693573377   0.527380327319
4.04   0.542693573376   0.527380327359
4.136   0.542693573375   0.527380327382
4.232   0.542693573375   0.527380327396
4.328   0.542693573375   0.527380327403
4.424   0.542693573375   0.527380327408
4.52   0.542693573375   0.52738032741
4.616   0.542693573375   0.527380327412
4.712   0.542693573375   0.527380327413
4.808   0.542693573375   0.527380327413
4.904   0.542693573375   0.527380327413
5.0   0.542693573375   0.527380327413
5.096   0.542693573375   0.527380327414
5.192   0.542693573375   0.527380327414
5.288   0.542693573375   0.527380327414
5.384   0.542693573375   0.527380327414
5.48   0.542693573375   0.527380327414
5.576   0.542693573375   0.527380327414
5.672   0.542693573375   0.527380327414
5.768   0.542693573375   0.527380327414
5.864   0.542693573375   0.527380327414
5.96   0.542693573375   0.527380327414
6.056   0.542693573375   0.527380327414
6.152   0.542693573375   0.527380327414
6.248   0.542693573375   0.527380327414
6.344   0.542693573375   0.527380327414
6.44   0.542693573375   0.527380327414
6.536   0.542693573375   0.527380327414
6.632   0.542693573375   0.527380327414
6.728   0.542693573375   0.527380327414
6.824   0.542693573375   0.527380327414
6.92   0.542693573375   0.527380327414
7.016   0.542693573375   0.527380327414
7.112   0.542693573375   0.527380327414
7.208   0.542693573375   0.527380327414
7.304   0.542693573375   0.527380327414
7.4   0.542693573375   0.527380327414
7.496   0.542693573375   0.527380327414
7.592   0.542693573375   0.527380327414
7.688   0.542693573375   0.527380327414
7.784   0.542693573375   0.527380327414
7.88   0.542693573375   0.527380327414
7.976   0.542693573375   0.527380327414
8.072   0.542693573375   0.527380327414
8.168   0.542693573375   0.527380327414
8.264   0.542693573375   0.527380327414
8.36   0.542693573375   0.527380327414
8.456   0.542693573375   0.527380327414
8.552   0.542693573375   0.527380327414
8.648   0.542693573375   0.527380327414
8.744   0.542693573375   0.527380327414
8.84   0.542693573375   0.527380327414
8.936   0.542693573375   0.527380327414
9.032   0.542693573375   0.527380327414
9.128   0.542693573375   0.527380327414
9.224   0.542693573375   0.527380327414
9.32   0.542693573375   0.527380327414
9.416   0.542693573375   0.527380327414
9.512   0.542693573375   0.527380327414
9.608   0.542693573375   0.527380327414
9.704   0.542693573375   0.527380327414
