0.2   0.564760080642   0.41947159464
0.296   0.56128178618   0.465678574152
0.392   0.558325716935   0.495138849831
0.488   0.555876496488   0.514087392189
0.584   0.553906750474   0.525902590629
0.68   0.552380278027   0.533000417085
0.776   0.551252749743   0.537173341781
0.872   0.55046985298   0.539600437373
0.968   0.549965100867   0.540992541727
1.064   0.549663823958   0.541774261453
1.16   0.54949636713   0.542203034608
1.256   0.549406925929   0.542433850764
1.352   0.5493610674   0.542556648077
1.448   0.549337977936   0.542621522987
1.544   0.549326467508   0.542655694396
1.64   0.549320759704   0.542673667105
1.736   0.549317937135   0.542683113772
1.832   0.549316543339   0.542688077723
1.928   0.549315855581   0.54269068589
2.024   0.549315516341   0.542692056246
2.12   0.54931534904   0.542692776246
2.216   0.549315266541   0.542693154545
2.312   0.549315225862   0.542693353311
2.408   0.549315205804   0.542693457747
2.504   0.549315195914   0.542693512621
2.6   0.549315191038   0.542693541453
2.696   0.549315188634   0.542693556602
2.792   0.549315187448   0.542693564562
2.888   0.549315186863   0.542693568744
2.984   0.549315186575   0.542693570942
3.08   0.549315186433   0.542693572096
3.176   0.549315186363   0.542693572703
3.272   0.549315186329   0.542693573022
3.368   0.549315186311   0.542693573189
3.464   0.549315186303   0.542693573277
3.56   0.549315186299   0.542693573323
3.656   0.549315186297   0.542693573348
3.752   0.549315186296   0.542693573361
3.848   0.549315186295   0.542693573367
3.944   0.549315186295   0.542693573371
4.04   0.549315186295   0.542693573373
4.136   0.549315186295   0.542693573374
4.232   0.549315186295   0.542693573374
4.328   0.549315186295   0.542693573374
4.424   0.549315186295   0.542693573374
4.52   0.549315186295   0.542693573375
4.616   0.549315186295   0.542693573375
4.712   0.549315186295   0.542693573375
4.808   0.549315186295   0.542693573375
4.904   0.549315186295   0.542693573375
5.0   0.549315186295   0.542693573375
5.096   0.549315186295   0.542693573375
5.192   0.549315186295   0.542693573375
5.288   0.549315186295   0.542693573375
5.384   0.549315186295   0.542693573375
5.48   0.549315186295   0.542693573375
5.576   0.549315186295   0.542693573375
5.672   0.549315186295   0.542693573375
5.768   0.549315186295   0.542693573375
5.864   0.549315186295   0.542693573375
5.96   0.549315186295   0.542693573375
6.056   0.549315186295   0.542693573375
6.152   0.549315186295   0.542693573375
6.248   0.549315186295   0.542693573375
6.344   0.549315186295   0.542693573375
6.44   0.549315186295   0.542693573375
6.536   0.549315186295   0.542693573375
6.632   0.549315186295   0.542693573375
6.728   0.549315186295   0.542693573375
6.824   0.549315186295   0.542693573375
6.92   0.549315186295   0.542693573375
7.016   0.549315186295   0.542693573375
7.112   0.549315186295   0.542693573375
7.208   0.549315186295   0.542693573375
7.304   0.549315186295   0.542693573375
7.4   0.549315186295   0.542693573375
7.496   0.549315186295   0.542693573375
7.592   0.549315186295   0.542693573375
7.688   0.549315186295   0.542693573375
7.784   0.549315186295   0.542693573375
7.88   0.549315186295   0.542693573375
7.976   0.549315186295   0.542693573375
8.072   0.549315186295   0.542693573375
8.168   0.549315186295   0.542693573375
8.264   0.549315186295   0.542693573375
8.36   0.549315186295   0.542693573375
8.456   0.549315186295   0.542693573375
8.552   0.549315186295   0.542693573375
8.648   0.549315186295   0.542693573375
8.744   0.549315186295   0.542693573375
8.84   0.549315186295   0.542693573375
8.936   0.549315186295   0.542693573375
9.032   0.549315186295   0.542693573375
9.128   0.549315186295   0.542693573375
9.224   0.549315186295   0.542693573375
9.32   0.549315186295   0.542693573375
9.416   0.549315186295   0.542693573375
9.512   0.549315186295   0.542693573375
9.608   0.549315186295   0.542693573375
9.704   0.549315186295   0.542693573375
