0.2   0.562459774815   0.394931062801
0.296   0.558001974503   0.439507776956
0.392   0.554188615846   0.469302098124
0.488   0.551019345735   0.489611487605
0.584   0.548476864668   0.503309863455
0.68   0.546525767357   0.512314663282
0.776   0.545108477764   0.518063883918
0.872   0.54414264479   0.521635770766
0.968   0.543526755569   0.523801332948
1.064   0.543157140639   0.525087476763
1.16   0.542945923079   0.525839585585
1.256   0.542828797659   0.526274992776
1.352   0.542765422051   0.526525763686
1.448   0.542731561308   0.52666978533
1.544   0.542713602506   0.526752307155
1.64   0.542704117319   0.526799652228
1.736   0.542699119256   0.526826798815
1.832   0.542696489007   0.526842365874
1.928   0.542695105811   0.526851293916
2.024   0.542694378699   0.526856414937
2.12   0.542693996555   0.52685935256
2.216   0.542693795738   0.526861037807
2.312   0.542693690214   0.526862004638
2.408   0.542693634766   0.526862559329
2.504   0.542693605632   0.526862877573
2.6   0.542693590324   0.526863060162
2.696   0.54269358228   0.526863164921
2.792   0.542693578054   0.526863225026
2.888   0.542693575833   0.526863259512
2.984   0.542693574666   0.526863279297
3.08   0.542693574053   0.52686329065
3.176   0.542693573731   0.526863297163
3.272   0.542693573562   0.5268633009
3.368   0.542693573473   0.526863303044
3.464   0.542693573426   0.526863304274
3.56   0.542693573402   0.52686330498
3.656   0.542693573389   0.526863305385
3.752   0.542693573382   0.526863305618
3.848   0.542693573379   0.526863305751
3.944   0.542693573377   0.526863305827
4.04   0.542693573376   0.526863305871
4.136   0.542693573375   0.526863305896
4.232   0.542693573375   0.526863305911
4.328   0.542693573375   0.526863305919
4.424   0.542693573375   0.526863305924
4.52   0.542693573375   0.526863305927
4.616   0.542693573375   0.526863305928
4.712   0.542693573375   0.526863305929
4.808   0.542693573375   0.52686330593
4.904   0.542693573375   0.52686330593
5.0   0.542693573375   0.52686330593
5.096   0.542693573375   0.52686330593
5.192   0.542693573375   0.52686330593
5.288   0.542693573375   0.52686330593
5.384   0.542693573375   0.52686330593
5.48   0.542693573375   0.52686330593
5.576   0.542693573375   0.52686330593
5.672   0.542693573375   0.52686330593
5.768   0.542693573375   0.52686330593
5.864   0.542693573375   0.52686330593
5.96   0.542693573375   0.52686330593
6.056   0.542693573375   0.52686330593
6.152   0.542693573375   0.52686330593
6.248   0.542693573375   0.52686330593
6.344   0.542693573375   0.52686330593
6.44   0.542693573375   0.52686330593
6.536   0.542693573375   0.52686330593
6.632   0.542693573375   0.52686330593
6.728   0.542693573375   0.52686330593
6.824   0.542693573375   0.52686330593
6.92   0.542693573375   0.52686330593
7.016   0.542693573375   0.52686330593
7.112   0.542693573375   0.52686330593
7.208   0.542693573375   0.52686330593
7.304   0.542693573375   0.52686330593
7.4   0.542693573375   0.52686330593
7.496   0.542693573375   0.52686330593
7.592   0.542693573375   0.52686330593
7.688   0.542693573375   0.52686330593
7.784   0.542693573375   0.52686330593
7.88   0.542693573375   0.52686330593
7.976   0.542693573375   0.52686330593
8.072   0.542693573375   0.52686330593
8.168   0.542693573375   0.52686330593
8.264   0.542693573375   0.52686330593
8.36   0.542693573375   0.52686330593
8.456   0.542693573375   0.52686330593
8.552   0.542693573375   0.52686330593
8.648   0.542693573375   0.52686330593
8.744   0.542693573375   0.52686330593
8.84   0.542693573375   0.52686330593
8.936   0.542693573375   0.52686330593
9.032   0.542693573375   0.52686330593
9.128   0.542693573375   0.52686330593
9.224   0.542693573375   0.52686330593
9.32   0.542693573375   0.52686330593
9.416   0.542693573375   0.52686330593
9.512   0.542693573375   0.52686330593
9.608   0.542693573375   0.52686330593
9.704   0.542693573375   0.52686330593
