0.2   0.563173415718   -0.404251318169
0.296   0.558980377298   -0.449277563415
0.392   0.555358027556   -0.479035252491
0.488   0.552293335334   -0.499084521193
0.584   0.549759242759   -0.512430371383
0.68   0.547718764558   -0.521107392017
0.776   0.546127905284   -0.526639946206
0.872   0.544937087603   -0.530124434501
0.968   0.544090254203   -0.532293422762
1.064   0.543523076869   -0.533619870227
1.16   0.54316665606   -0.534412033644
1.256   0.542955199335   -0.534873332574
1.352   0.542835490359   -0.535136359934
1.448   0.542769404939   -0.535284308557
1.544   0.542733792899   -0.535366546345
1.64   0.542714815273   -0.535412164673
1.736   0.542704765992   -0.535437376356
1.832   0.542699463316   -0.535451290654
1.928   0.542696670691   -0.535458964522
2.024   0.542695201526   -0.535463195265
2.12   0.542694429061   -0.535465527365
2.216   0.542694023037   -0.535466812784
2.312   0.542693809657   -0.535467521265
2.408   0.542693697529   -0.535467911751
2.504   0.542693638611   -0.53546812697
2.6   0.542693607652   -0.53546824559
2.696   0.542693591385   -0.535468310968
2.792   0.542693582838   -0.535468347001
2.888   0.542693578347   -0.535468366861
2.984   0.542693575987   -0.535468377807
3.08   0.542693574747   -0.53546838384
3.176   0.542693574096   -0.535468387165
3.272   0.542693573754   -0.535468388998
3.368   0.542693573574   -0.535468390008
3.464   0.542693573479   -0.535468390565
3.56   0.54269357343   -0.535468390872
3.656   0.542693573404   -0.535468391041
3.752   0.54269357339   -0.535468391134
3.848   0.542693573383   -0.535468391185
3.944   0.542693573379   -0.535468391214
4.04   0.542693573377   -0.535468391229
4.136   0.542693573376   -0.535468391238
4.232   0.542693573375   -0.535468391243
4.328   0.542693573375   -0.535468391245
4.424   0.542693573375   -0.535468391247
4.52   0.542693573375   -0.535468391248
4.616   0.542693573375   -0.535468391248
4.712   0.542693573375   -0.535468391248
4.808   0.542693573375   -0.535468391248
4.904   0.542693573375   -0.535468391248
5.0   0.542693573375   -0.535468391249
5.096   0.542693573375   -0.535468391249
5.192   0.542693573375   -0.535468391249
5.288   0.542693573375   -0.535468391249
5.384   0.542693573375   -0.535468391249
5.48   0.542693573375   -0.535468391249
5.576   0.542693573375   -0.535468391249
5.672   0.542693573375   -0.535468391249
5.768   0.542693573375   -0.535468391249
5.864   0.542693573375   -0.535468391249
5.96   0.542693573375   -0.535468391249
6.056   0.542693573375   -0.535468391249
6.152   0.542693573375   -0.535468391249
6.248   0.542693573375   -0.535468391249
6.344   0.542693573375   -0.535468391249
6.44   0.542693573375   -0.535468391249
6.536   0.542693573375   -0.535468391249
6.632   0.542693573375   -0.535468391249
6.728   0.542693573375   -0.535468391249
6.824   0.542693573375   -0.535468391249
6.92   0.542693573375   -0.535468391249
7.016   0.542693573375   -0.535468391249
7.112   0.542693573375   -0.535468391249
7.208   0.542693573375   -0.535468391249
7.304   0.542693573375   -0.535468391249
7.4   0.542693573375   -0.535468391249
7.496   0.542693573375   -0.535468391249
7.592   0.542693573375   -0.535468391249
7.688   0.542693573375   -0.535468391249
7.784   0.542693573375   -0.535468391249
7.88   0.542693573375   -0.535468391249
7.976   0.542693573375   -0.535468391249
8.072   0.542693573375   -0.535468391249
8.168   0.542693573375   -0.535468391249
8.264   0.542693573375   -0.535468391249
8.36   0.542693573375   -0.535468391249
8.456   0.542693573375   -0.535468391249
8.552   0.542693573375   -0.535468391249
8.648   0.542693573375   -0.535468391249
8.744   0.542693573375   -0.535468391249
8.84   0.542693573375   -0.535468391249
8.936   0.542693573375   -0.535468391249
9.032   0.542693573375   -0.535468391249
9.128   0.542693573375   -0.535468391249
9.224   0.542693573375   -0.535468391249
9.32   0.542693573375   -0.535468391249
9.416   0.542693573375   -0.535468391249
9.512   0.542693573375   -0.535468391249
9.608   0.542693573375   -0.535468391249
9.704   0.542693573375   -0.535468391249
