0.2   0.563310504297   0.410223209059
0.296   0.559180055472   0.453572788724
0.392   0.555612257113   0.482369992588
0.488   0.55259009696   0.501802643094
0.584   0.550082488464   0.514729302334
0.68   0.548048773258   0.523125488947
0.776   0.546442506221   0.528486845506
0.872   0.545214519717   0.531885914968
0.968   0.544313851267   0.534030263565
1.064   0.543686750014   0.535367564374
1.16   0.543275493153   0.536183806442
1.256   0.543021945833   0.536668243233
1.352   0.542874312349   0.536947766687
1.448   0.542790911297   0.537105606445
1.544   0.542745432732   0.537193493257
1.64   0.542721031837   0.537241884328
1.736   0.54270806152   0.537268427154
1.832   0.542701203224   0.537282946194
1.928   0.542697587259   0.537290876463
2.024   0.542695683788   0.537295204611
2.12   0.542694682645   0.537297565873
2.216   0.54269415633   0.537298853822
2.312   0.542693879709   0.537299556263
2.408   0.542693734341   0.537299939351
2.504   0.542693657954   0.537300148271
2.6   0.542693617816   0.537300262204
2.696   0.542693596726   0.537300324338
2.792   0.542693585644   0.537300358222
2.888   0.542693579821   0.5373003767
2.984   0.542693576762   0.537300386777
3.08   0.542693575154   0.537300392273
3.176   0.54269357431   0.537300395269
3.272   0.542693573866   0.537300396904
3.368   0.542693573633   0.537300397795
3.464   0.54269357351   0.537300398281
3.56   0.542693573446   0.537300398546
3.656   0.542693573412   0.537300398691
3.752   0.542693573394   0.53730039877
3.848   0.542693573385   0.537300398813
3.944   0.54269357338   0.537300398836
4.04   0.542693573378   0.537300398849
4.136   0.542693573376   0.537300398856
4.232   0.542693573375   0.53730039886
4.328   0.542693573375   0.537300398862
4.424   0.542693573375   0.537300398863
4.52   0.542693573375   0.537300398863
4.616   0.542693573375   0.537300398864
4.712   0.542693573375   0.537300398864
4.808   0.542693573375   0.537300398864
4.904   0.542693573375   0.537300398864
5.0   0.542693573375   0.537300398864
5.096   0.542693573375   0.537300398864
5.192   0.542693573375   0.537300398864
5.288   0.542693573375   0.537300398864
5.384   0.542693573375   0.537300398864
5.48   0.542693573375   0.537300398864
5.576   0.542693573375   0.537300398864
5.672   0.542693573375   0.537300398864
5.768   0.542693573375   0.537300398864
5.864   0.542693573375   0.537300398864
5.96   0.542693573375   0.537300398864
6.056   0.542693573375   0.537300398864
6.152   0.542693573375   0.537300398864
6.248   0.542693573375   0.537300398864
6.344   0.542693573375   0.537300398864
6.44   0.542693573375   0.537300398864
6.536   0.542693573375   0.537300398864
6.632   0.542693573375   0.537300398864
6.728   0.542693573375   0.537300398864
6.824   0.542693573375   0.537300398864
6.92   0.542693573375   0.537300398864
7.016   0.542693573375   0.537300398864
7.112   0.542693573375   0.537300398864
7.208   0.542693573375   0.537300398864
7.304   0.542693573375   0.537300398864
7.4   0.542693573375   0.537300398864
7.496   0.542693573375   0.537300398864
7.592   0.542693573375   0.537300398864
7.688   0.542693573375   0.537300398864
7.784   0.542693573375   0.537300398864
7.88   0.542693573375   0.537300398864
7.976   0.542693573375   0.537300398864
8.072   0.542693573375   0.537300398864
8.168   0.542693573375   0.537300398864
8.264   0.542693573375   0.537300398864
8.36   0.542693573375   0.537300398864
8.456   0.542693573375   0.537300398864
8.552   0.542693573375   0.537300398864
8.648   0.542693573375   0.537300398864
8.744   0.542693573375   0.537300398864
8.84   0.542693573375   0.537300398864
8.936   0.542693573375   0.537300398864
9.032   0.542693573375   0.537300398864
9.128   0.542693573375   0.537300398864
9.224   0.542693573375   0.537300398864
9.32   0.542693573375   0.537300398864
9.416   0.542693573375   0.537300398864
9.512   0.542693573375   0.537300398864
9.608   0.542693573375   0.537300398864
9.704   0.542693573375   0.537300398864
