0.2   0.565997569232   0.450551416569
0.296   0.563240627743   0.486988952457
0.392   0.56109301007   0.510389844187
0.488   0.559536645483   0.524910226962
0.584   0.55851170011   0.533292926811
0.68   0.557908033969   0.537823594099
0.776   0.557588755971   0.540184095066
0.872   0.557433800594   0.54139805755
0.968   0.557362113975   0.542021866587
1.064   0.557330123676   0.542343982187
1.16   0.557316058197   0.542511020044
1.256   0.557309918915   0.542598026611
1.352   0.557307248609   0.542643489855
1.448   0.557306089059   0.542667295743
1.544   0.557305585922   0.542679778061
1.64   0.557305367685   0.542686328512
1.736   0.557305273039   0.542689767804
1.832   0.557305231996   0.542691574145
1.928   0.557305214198   0.542692523018
2.024   0.55730520648   0.542693021515
2.12   0.557305203134   0.54269328342
2.216   0.557305201683   0.542693421026
2.312   0.557305201053   0.542693493327
2.408   0.55730520078   0.542693531315
2.504   0.557305200662   0.542693551276
2.6   0.557305200611   0.542693561763
2.696   0.557305200589   0.542693567274
2.792   0.557305200579   0.542693570169
2.888   0.557305200575   0.54269357169
2.984   0.557305200573   0.54269357249
3.08   0.557305200572   0.54269357291
3.176   0.557305200572   0.54269357313
3.272   0.557305200572   0.542693573246
3.368   0.557305200572   0.542693573307
3.464   0.557305200572   0.542693573339
3.56   0.557305200571   0.542693573356
3.656   0.557305200571   0.542693573365
3.752   0.557305200571   0.54269357337
3.848   0.557305200571   0.542693573372
3.944   0.557305200571   0.542693573373
4.04   0.557305200571   0.542693573374
4.136   0.557305200571   0.542693573374
4.232   0.557305200571   0.542693573374
4.328   0.557305200571   0.542693573375
4.424   0.557305200571   0.542693573375
4.52   0.557305200571   0.542693573375
4.616   0.557305200571   0.542693573375
4.712   0.557305200571   0.542693573375
4.808   0.557305200571   0.542693573375
4.904   0.557305200571   0.542693573375
5.0   0.557305200571   0.542693573375
5.096   0.557305200571   0.542693573375
5.192   0.557305200571   0.542693573375
5.288   0.557305200571   0.542693573375
5.384   0.557305200571   0.542693573375
5.48   0.557305200571   0.542693573375
5.576   0.557305200571   0.542693573375
5.672   0.557305200571   0.542693573375
5.768   0.557305200571   0.542693573375
5.864   0.557305200571   0.542693573375
5.96   0.557305200571   0.542693573375
6.056   0.557305200571   0.542693573375
6.152   0.557305200571   0.542693573375
6.248   0.557305200571   0.542693573375
6.344   0.557305200571   0.542693573375
6.44   0.557305200571   0.542693573375
6.536   0.557305200571   0.542693573375
6.632   0.557305200571   0.542693573375
6.728   0.557305200571   0.542693573375
6.824   0.557305200571   0.542693573375
6.92   0.557305200571   0.542693573375
7.016   0.557305200571   0.542693573375
7.112   0.557305200571   0.542693573375
7.208   0.557305200571   0.542693573375
7.304   0.557305200571   0.542693573375
7.4   0.557305200571   0.542693573375
7.496   0.557305200571   0.542693573375
7.592   0.557305200571   0.542693573375
7.688   0.557305200571   0.542693573375
7.784   0.557305200571   0.542693573375
7.88   0.557305200571   0.542693573375
7.976   0.557305200571   0.542693573375
8.072   0.557305200571   0.542693573375
8.168   0.557305200571   0.542693573375
8.264   0.557305200571   0.542693573375
8.36   0.557305200571   0.542693573375
8.456   0.557305200571   0.542693573375
8.552   0.557305200571   0.542693573375
8.648   0.557305200571   0.542693573375
8.744   0.557305200571   0.542693573375
8.84   0.557305200571   0.542693573375
8.936   0.557305200571   0.542693573375
9.032   0.557305200571   0.542693573375
9.128   0.557305200571   0.542693573375
9.224   0.557305200571   0.542693573375
9.32   0.557305200571   0.542693573375
9.416   0.557305200571   0.542693573375
9.512   0.557305200571   0.542693573375
9.608   0.557305200571   0.542693573375
9.704   0.557305200571   0.542693573375
