0.2   0.568009911664   0.466211044693
0.296   0.566431573242   0.499962299491
0.392   0.565512392579   0.520275562376
0.488   0.565070163766   0.531532292694
0.584   0.564890229525   0.537214946349
0.68   0.564824731558   0.539972796947
0.776   0.564802010102   0.541319151541
0.872   0.56479436501   0.541989509075
0.968   0.564791814616   0.54232941981
1.064   0.564790966616   0.542504051568
1.16   0.564790685008   0.542594556436
1.256   0.564790591533   0.542641720162
1.352   0.564790560511   0.542666380962
1.448   0.564790550216   0.542679301647
1.544   0.5647905468   0.542686079383
1.64   0.564790545666   0.54268963724
1.736   0.56479054529   0.542691505637
1.832   0.564790545165   0.542692487049
1.928   0.564790545124   0.542693002624
2.024   0.56479054511   0.542693273496
2.12   0.564790545106   0.542693415812
2.216   0.564790545104   0.542693490588
2.312   0.564790545104   0.542693529876
2.408   0.564790545103   0.542693550519
2.504   0.564790545103   0.542693561366
2.6   0.564790545103   0.542693567065
2.696   0.564790545103   0.542693570059
2.792   0.564790545103   0.542693571633
2.888   0.564790545103   0.542693572459
2.984   0.564790545103   0.542693572894
3.08   0.564790545103   0.542693573122
3.176   0.564790545103   0.542693573242
3.272   0.564790545103   0.542693573305
3.368   0.564790545103   0.542693573338
3.464   0.564790545103   0.542693573355
3.56   0.564790545103   0.542693573365
3.656   0.564790545103   0.542693573369
3.752   0.564790545103   0.542693573372
3.848   0.564790545103   0.542693573373
3.944   0.564790545103   0.542693573374
4.04   0.564790545103   0.542693573374
4.136   0.564790545103   0.542693573374
4.232   0.564790545103   0.542693573375
4.328   0.564790545103   0.542693573375
4.424   0.564790545103   0.542693573375
4.52   0.564790545103   0.542693573375
4.616   0.564790545103   0.542693573375
4.712   0.564790545103   0.542693573375
4.808   0.564790545103   0.542693573375
4.904   0.564790545103   0.542693573375
5.0   0.564790545103   0.542693573375
5.096   0.564790545103   0.542693573375
5.192   0.564790545103   0.542693573375
5.288   0.564790545103   0.542693573375
5.384   0.564790545103   0.542693573375
5.48   0.564790545103   0.542693573375
5.576   0.564790545103   0.542693573375
5.672   0.564790545103   0.542693573375
5.768   0.564790545103   0.542693573375
5.864   0.564790545103   0.542693573375
5.96   0.564790545103   0.542693573375
6.056   0.564790545103   0.542693573375
6.152   0.564790545103   0.542693573375
6.248   0.564790545103   0.542693573375
6.344   0.564790545103   0.542693573375
6.44   0.564790545103   0.542693573375
6.536   0.564790545103   0.542693573375
6.632   0.564790545103   0.542693573375
6.728   0.564790545103   0.542693573375
6.824   0.564790545103   0.542693573375
6.92   0.564790545103   0.542693573375
7.016   0.564790545103   0.542693573375
7.112   0.564790545103   0.542693573375
7.208   0.564790545103   0.542693573375
7.304   0.564790545103   0.542693573375
7.4   0.564790545103   0.542693573375
7.496   0.564790545103   0.542693573375
7.592   0.564790545103   0.542693573375
7.688   0.564790545103   0.542693573375
7.784   0.564790545103   0.542693573375
7.88   0.564790545103   0.542693573375
7.976   0.564790545103   0.542693573375
8.072   0.564790545103   0.542693573375
8.168   0.564790545103   0.542693573375
8.264   0.564790545103   0.542693573375
8.36   0.564790545103   0.542693573375
8.456   0.564790545103   0.542693573375
8.552   0.564790545103   0.542693573375
8.648   0.564790545103   0.542693573375
8.744   0.564790545103   0.542693573375
8.84   0.564790545103   0.542693573375
8.936   0.564790545103   0.542693573375
9.032   0.564790545103   0.542693573375
9.128   0.564790545103   0.542693573375
9.224   0.564790545103   0.542693573375
9.32   0.564790545103   0.542693573375
9.416   0.564790545103   0.542693573375
9.512   0.564790545103   0.542693573375
9.608   0.564790545103   0.542693573375
9.704   0.564790545103   0.542693573375
