0.2   0.567305333803   0.463140108492
0.296   0.565320206161   0.496919720475
0.392   0.564006731655   0.517850053881
0.488   0.563257636817   0.529954623451
0.584   0.562892360251   0.536331687517
0.68   0.562735750905   0.53951141926
0.776   0.562673134914   0.541082643447
0.872   0.562649325495   0.541868137745
0.968   0.562640426097   0.542266802224
1.064   0.562637124546   0.542471554424
1.16   0.562635903572   0.542577616647
1.256   0.562635452618   0.542632863425
1.352   0.56263528615   0.54266174135
1.448   0.562635224712   0.542676868233
1.544   0.562635202038   0.542684802147
1.64   0.562635193671   0.542688966556
1.736   0.562635190584   0.542691153365
1.832   0.562635189445   0.542692301992
1.928   0.562635189024   0.5426929054
2.024   0.562635188869   0.542693222415
2.12   0.562635188812   0.542693388974
2.216   0.562635188791   0.542693476486
2.312   0.562635188783   0.542693522467
2.408   0.56263518878   0.542693546626
2.504   0.562635188779   0.54269355932
2.6   0.562635188778   0.54269356599
2.696   0.562635188778   0.542693569495
2.792   0.562635188778   0.542693571336
2.888   0.562635188778   0.542693572303
2.984   0.562635188778   0.542693572812
3.08   0.562635188778   0.542693573079
3.176   0.562635188778   0.542693573219
3.272   0.562635188778   0.542693573293
3.368   0.562635188778   0.542693573332
3.464   0.562635188778   0.542693573352
3.56   0.562635188778   0.542693573363
3.656   0.562635188778   0.542693573368
3.752   0.562635188778   0.542693573371
3.848   0.562635188778   0.542693573373
3.944   0.562635188778   0.542693573374
4.04   0.562635188778   0.542693573374
4.136   0.562635188778   0.542693573374
4.232   0.562635188778   0.542693573375
4.328   0.562635188778   0.542693573375
4.424   0.562635188778   0.542693573375
4.52   0.562635188778   0.542693573375
4.616   0.562635188778   0.542693573375
4.712   0.562635188778   0.542693573375
4.808   0.562635188778   0.542693573375
4.904   0.562635188778   0.542693573375
5.0   0.562635188778   0.542693573375
5.096   0.562635188778   0.542693573375
5.192   0.562635188778   0.542693573375
5.288   0.562635188778   0.542693573375
5.384   0.562635188778   0.542693573375
5.48   0.562635188778   0.542693573375
5.576   0.562635188778   0.542693573375
5.672   0.562635188778   0.542693573375
5.768   0.562635188778   0.542693573375
5.864   0.562635188778   0.542693573375
5.96   0.562635188778   0.542693573375
6.056   0.562635188778   0.542693573375
6.152   0.562635188778   0.542693573375
6.248   0.562635188778   0.542693573375
6.344   0.562635188778   0.542693573375
6.44   0.562635188778   0.542693573375
6.536   0.562635188778   0.542693573375
6.632   0.562635188778   0.542693573375
6.728   0.562635188778   0.542693573375
6.824   0.562635188778   0.542693573375
6.92   0.562635188778   0.542693573375
7.016   0.562635188778   0.542693573375
7.112   0.562635188778   0.542693573375
7.208   0.562635188778   0.542693573375
7.304   0.562635188778   0.542693573375
7.4   0.562635188778   0.542693573375
7.496   0.562635188778   0.542693573375
7.592   0.562635188778   0.542693573375
7.688   0.562635188778   0.542693573375
7.784   0.562635188778   0.542693573375
7.88   0.562635188778   0.542693573375
7.976   0.562635188778   0.542693573375
8.072   0.562635188778   0.542693573375
8.168   0.562635188778   0.542693573375
8.264   0.562635188778   0.542693573375
8.36   0.562635188778   0.542693573375
8.456   0.562635188778   0.542693573375
8.552   0.562635188778   0.542693573375
8.648   0.562635188778   0.542693573375
8.744   0.562635188778   0.542693573375
8.84   0.562635188778   0.542693573375
8.936   0.562635188778   0.542693573375
9.032   0.562635188778   0.542693573375
9.128   0.562635188778   0.542693573375
9.224   0.562635188778   0.542693573375
9.32   0.562635188778   0.542693573375
9.416   0.562635188778   0.542693573375
9.512   0.562635188778   0.542693573375
9.608   0.562635188778   0.542693573375
9.704   0.562635188778   0.542693573375
