0.2   0.565855935004   0.429663977586
0.296   0.56296405618   0.475473425416
0.392   0.560643907317   0.503859701065
0.488   0.558888869981   0.521253231882
0.584   0.557662888874   0.531296540395
0.68   0.556887340556   0.536756017118
0.776   0.556445927707   0.539621638019
0.872   0.556217087231   0.541104457538
0.968   0.556106242029   0.541869259676
1.064   0.556054454578   0.542264488864
1.16   0.55603088695   0.542469578508
1.256   0.556020277912   0.5425763698
1.352   0.556015527905   0.542632151341
1.448   0.556013406725   0.542661351684
1.544   0.556012460666   0.542676659266
1.64   0.556012038967   0.542684691199
1.736   0.556011851051   0.542688907947
1.832   0.556011767323   0.542691122485
1.928   0.55601173002   0.542692285744
2.024   0.5560117134   0.542692896856
2.12   0.556011705996   0.542693217924
2.216   0.556011702698   0.542693386614
2.312   0.556011701228   0.542693475246
2.408   0.556011700573   0.542693521815
2.504   0.556011700282   0.542693546284
2.6   0.556011700152   0.54269355914
2.696   0.556011700094   0.542693565896
2.792   0.556011700068   0.542693569445
2.888   0.556011700057   0.54269357131
2.984   0.556011700051   0.54269357229
3.08   0.556011700049   0.542693572805
3.176   0.556011700048   0.542693573075
3.272   0.556011700048   0.542693573217
3.368   0.556011700047   0.542693573292
3.464   0.556011700047   0.542693573331
3.56   0.556011700047   0.542693573352
3.656   0.556011700047   0.542693573363
3.752   0.556011700047   0.542693573368
3.848   0.556011700047   0.542693573371
3.944   0.556011700047   0.542693573373
4.04   0.556011700047   0.542693573374
4.136   0.556011700047   0.542693573374
4.232   0.556011700047   0.542693573374
4.328   0.556011700047   0.542693573375
4.424   0.556011700047   0.542693573375
4.52   0.556011700047   0.542693573375
4.616   0.556011700047   0.542693573375
4.712   0.556011700047   0.542693573375
4.808   0.556011700047   0.542693573375
4.904   0.556011700047   0.542693573375
5.0   0.556011700047   0.542693573375
5.096   0.556011700047   0.542693573375
5.192   0.556011700047   0.542693573375
5.288   0.556011700047   0.542693573375
5.384   0.556011700047   0.542693573375
5.48   0.556011700047   0.542693573375
5.576   0.556011700047   0.542693573375
5.672   0.556011700047   0.542693573375
5.768   0.556011700047   0.542693573375
5.864   0.556011700047   0.542693573375
5.96   0.556011700047   0.542693573375
6.056   0.556011700047   0.542693573375
6.152   0.556011700047   0.542693573375
6.248   0.556011700047   0.542693573375
6.344   0.556011700047   0.542693573375
6.44   0.556011700047   0.542693573375
6.536   0.556011700047   0.542693573375
6.632   0.556011700047   0.542693573375
6.728   0.556011700047   0.542693573375
6.824   0.556011700047   0.542693573375
6.92   0.556011700047   0.542693573375
7.016   0.556011700047   0.542693573375
7.112   0.556011700047   0.542693573375
7.208   0.556011700047   0.542693573375
7.304   0.556011700047   0.542693573375
7.4   0.556011700047   0.542693573375
7.496   0.556011700047   0.542693573375
7.592   0.556011700047   0.542693573375
7.688   0.556011700047   0.542693573375
7.784   0.556011700047   0.542693573375
7.88   0.556011700047   0.542693573375
7.976   0.556011700047   0.542693573375
8.072   0.556011700047   0.542693573375
8.168   0.556011700047   0.542693573375
8.264   0.556011700047   0.542693573375
8.36   0.556011700047   0.542693573375
8.456   0.556011700047   0.542693573375
8.552   0.556011700047   0.542693573375
8.648   0.556011700047   0.542693573375
8.744   0.556011700047   0.542693573375
8.84   0.556011700047   0.542693573375
8.936   0.556011700047   0.542693573375
9.032   0.556011700047   0.542693573375
9.128   0.556011700047   0.542693573375
9.224   0.556011700047   0.542693573375
9.32   0.556011700047   0.542693573375
9.416   0.556011700047   0.542693573375
9.512   0.556011700047   0.542693573375
9.608   0.556011700047   0.542693573375
9.704   0.556011700047   0.542693573375
