0.2   0.562348302696   0.386123144239
0.296   0.557843983002   0.433350850544
0.392   0.553996711242   0.464603955545
0.488   0.55081125212   0.485797340162
0.584   0.548273221131   0.500055082344
0.68   0.546346169343   0.509413033291
0.776   0.544966335806   0.515377020947
0.872   0.54404155003   0.519074061828
0.968   0.543461409589   0.521311786042
1.064   0.543117952526   0.522641039806
1.16   0.542923558885   0.523420414827
1.256   0.542816506566   0.523873804667
1.352   0.542758797531   0.524136600121
1.448   0.542728030916   0.524288610152
1.544   0.542711732993   0.52437649721
1.64   0.542703130815   0.524427316078
1.736   0.542698599709   0.524456706502
1.832   0.542696215676   0.524473708039
1.928   0.542694962096   0.524483544942
2.024   0.542694303159   0.52448923736
2.12   0.542693956856   0.524492531822
2.216   0.542693774876   0.524494438629
2.312   0.542693679252   0.524495542333
2.408   0.542693629007   0.524496181204
2.504   0.542693602606   0.52449655102
2.6   0.542693588734   0.524496765093
2.696   0.542693581445   0.524496889014
2.792   0.542693577615   0.524496960749
2.888   0.542693575603   0.524497002274
2.984   0.542693574545   0.524497026312
3.08   0.54269357399   0.524497040228
3.176   0.542693573698   0.524497048283
3.272   0.542693573544   0.524497052946
3.368   0.542693573464   0.524497055645
3.464   0.542693573422   0.524497057208
3.56   0.542693573399   0.524497058112
3.656   0.542693573388   0.524497058636
3.752   0.542693573381   0.524497058939
3.848   0.542693573378   0.524497059115
3.944   0.542693573377   0.524497059216
4.04   0.542693573376   0.524497059275
4.136   0.542693573375   0.524497059309
4.232   0.542693573375   0.524497059329
4.328   0.542693573375   0.52449705934
4.424   0.542693573375   0.524497059347
4.52   0.542693573375   0.524497059351
4.616   0.542693573375   0.524497059353
4.712   0.542693573375   0.524497059354
4.808   0.542693573375   0.524497059355
4.904   0.542693573375   0.524497059355
5.0   0.542693573375   0.524497059355
5.096   0.542693573375   0.524497059356
5.192   0.542693573375   0.524497059356
5.288   0.542693573375   0.524497059356
5.384   0.542693573375   0.524497059356
5.48   0.542693573375   0.524497059356
5.576   0.542693573375   0.524497059356
5.672   0.542693573375   0.524497059356
5.768   0.542693573375   0.524497059356
5.864   0.542693573375   0.524497059356
5.96   0.542693573375   0.524497059356
6.056   0.542693573375   0.524497059356
6.152   0.542693573375   0.524497059356
6.248   0.542693573375   0.524497059356
6.344   0.542693573375   0.524497059356
6.44   0.542693573375   0.524497059356
6.536   0.542693573375   0.524497059356
6.632   0.542693573375   0.524497059356
6.728   0.542693573375   0.524497059356
6.824   0.542693573375   0.524497059356
6.92   0.542693573375   0.524497059356
7.016   0.542693573375   0.524497059356
7.112   0.542693573375   0.524497059356
7.208   0.542693573375   0.524497059356
7.304   0.542693573375   0.524497059356
7.4   0.542693573375   0.524497059356
7.496   0.542693573375   0.524497059356
7.592   0.542693573375   0.524497059356
7.688   0.542693573375   0.524497059356
7.784   0.542693573375   0.524497059356
7.88   0.542693573375   0.524497059356
7.976   0.542693573375   0.524497059356
8.072   0.542693573375   0.524497059356
8.168   0.542693573375   0.524497059356
8.264   0.542693573375   0.524497059356
8.36   0.542693573375   0.524497059356
8.456   0.542693573375   0.524497059356
8.552   0.542693573375   0.524497059356
8.648   0.542693573375   0.524497059356
8.744   0.542693573375   0.524497059356
8.84   0.542693573375   0.524497059356
8.936   0.542693573375   0.524497059356
9.032   0.542693573375   0.524497059356
9.128   0.542693573375   0.524497059356
9.224   0.542693573375   0.524497059356
9.32   0.542693573375   0.524497059356
9.416   0.542693573375   0.524497059356
9.512   0.542693573375   0.524497059356
9.608   0.542693573375   0.524497059356
9.704   0.542693573375   0.524497059356
