0.2   0.565859327955   0.440659809669
0.296   0.562997587229   0.481255251722
0.392   0.560722872897   0.506971932304
0.488   0.559024227266   0.522902726388
0.584   0.557858051533   0.532153895849
0.68   0.557135698099   0.537198782824
0.776   0.556733434252   0.53985012039
0.872   0.556529293331   0.541222405125
0.968   0.556431208927   0.541930239531
1.064   0.556386137257   0.542296125694
1.16   0.55636581602   0.542486039893
1.256   0.556356741836   0.542584963078
1.352   0.556352709036   0.542636647672
1.448   0.556350920836   0.542663708022
1.544   0.556350128779   0.542677895379
1.64   0.556349778129   0.542685340067
1.736   0.556349622929   0.542689248688
1.832   0.556349554245   0.542691301461
1.928   0.55634952385   0.542692379765
2.024   0.5563495104   0.542692946253
2.12   0.556349504448   0.542693243877
2.216   0.556349501814   0.54269340025
2.312   0.556349500649   0.542693482411
2.408   0.556349500133   0.54269352558
2.504   0.556349499905   0.542693548262
2.6   0.556349499804   0.54269356018
2.696   0.556349499759   0.542693566442
2.792   0.556349499739   0.542693569732
2.888   0.556349499731   0.542693571461
2.984   0.556349499727   0.542693572369
3.08   0.556349499725   0.542693572846
3.176   0.556349499724   0.542693573097
3.272   0.556349499724   0.542693573229
3.368   0.556349499724   0.542693573298
3.464   0.556349499724   0.542693573334
3.56   0.556349499724   0.542693573353
3.656   0.556349499724   0.542693573364
3.752   0.556349499724   0.542693573369
3.848   0.556349499724   0.542693573372
3.944   0.556349499724   0.542693573373
4.04   0.556349499724   0.542693573374
4.136   0.556349499724   0.542693573374
4.232   0.556349499724   0.542693573374
4.328   0.556349499724   0.542693573375
4.424   0.556349499724   0.542693573375
4.52   0.556349499724   0.542693573375
4.616   0.556349499724   0.542693573375
4.712   0.556349499724   0.542693573375
4.808   0.556349499724   0.542693573375
4.904   0.556349499724   0.542693573375
5.0   0.556349499724   0.542693573375
5.096   0.556349499724   0.542693573375
5.192   0.556349499724   0.542693573375
5.288   0.556349499724   0.542693573375
5.384   0.556349499724   0.542693573375
5.48   0.556349499724   0.542693573375
5.576   0.556349499724   0.542693573375
5.672   0.556349499724   0.542693573375
5.768   0.556349499724   0.542693573375
5.864   0.556349499724   0.542693573375
5.96   0.556349499724   0.542693573375
6.056   0.556349499724   0.542693573375
6.152   0.556349499724   0.542693573375
6.248   0.556349499724   0.542693573375
6.344   0.556349499724   0.542693573375
6.44   0.556349499724   0.542693573375
6.536   0.556349499724   0.542693573375
6.632   0.556349499724   0.542693573375
6.728   0.556349499724   0.542693573375
6.824   0.556349499724   0.542693573375
6.92   0.556349499724   0.542693573375
7.016   0.556349499724   0.542693573375
7.112   0.556349499724   0.542693573375
7.208   0.556349499724   0.542693573375
7.304   0.556349499724   0.542693573375
7.4   0.556349499724   0.542693573375
7.496   0.556349499724   0.542693573375
7.592   0.556349499724   0.542693573375
7.688   0.556349499724   0.542693573375
7.784   0.556349499724   0.542693573375
7.88   0.556349499724   0.542693573375
7.976   0.556349499724   0.542693573375
8.072   0.556349499724   0.542693573375
8.168   0.556349499724   0.542693573375
8.264   0.556349499724   0.542693573375
8.36   0.556349499724   0.542693573375
8.456   0.556349499724   0.542693573375
8.552   0.556349499724   0.542693573375
8.648   0.556349499724   0.542693573375
8.744   0.556349499724   0.542693573375
8.84   0.556349499724   0.542693573375
8.936   0.556349499724   0.542693573375
9.032   0.556349499724   0.542693573375
9.128   0.556349499724   0.542693573375
9.224   0.556349499724   0.542693573375
9.32   0.556349499724   0.542693573375
9.416   0.556349499724   0.542693573375
9.512   0.556349499724   0.542693573375
9.608   0.556349499724   0.542693573375
9.704   0.556349499724   0.542693573375
