0.2   0.562535623258   0.397546460873
0.296   0.558106277411   0.441586946531
0.392   0.554312527831   0.471064954106
0.488   0.551151993568   0.491167287886
0.584   0.548606207335   0.50472350525
0.68   0.546640406724   0.513632763169
0.776   0.545200269943   0.519323098462
0.872   0.544208909643   0.522862456039
0.968   0.543570206282   0.525011100813
1.064   0.543183494986   0.526287897017
1.16   0.542961087075   0.52703394512
1.256   0.542837170477   0.527464917647
1.352   0.54276994704   0.527712368957
1.448   0.542733976524   0.527853889583
1.544   0.542714882574   0.527934716538
1.64   0.542704793102   0.527980855492
1.736   0.542699475251   0.528007190169
1.832   0.54269667632   0.528022221852
1.928   0.542695204306   0.52803080265
2.024   0.542694430473   0.528035701433
2.12   0.542694023765   0.528038498364
2.216   0.542693810036   0.528040095346
2.312   0.542693697727   0.528041007222
2.408   0.542693638714   0.528041527917
2.504   0.542693607706   0.528041825248
2.6   0.542693591414   0.528041995033
2.696   0.542693582853   0.528042091986
2.792   0.542693578355   0.528042147351
2.888   0.542693575991   0.528042178966
2.984   0.54269357475   0.52804219702
3.08   0.542693574097   0.528042207329
3.176   0.542693573754   0.528042213216
3.272   0.542693573574   0.528042216578
3.368   0.542693573479   0.528042218498
3.464   0.54269357343   0.528042219594
3.56   0.542693573404   0.52804222022
3.656   0.54269357339   0.528042220577
3.752   0.542693573383   0.528042220781
3.848   0.542693573379   0.528042220898
3.944   0.542693573377   0.528042220965
4.04   0.542693573376   0.528042221003
4.136   0.542693573375   0.528042221024
4.232   0.542693573375   0.528042221037
4.328   0.542693573375   0.528042221044
4.424   0.542693573375   0.528042221048
4.52   0.542693573375   0.52804222105
4.616   0.542693573375   0.528042221051
4.712   0.542693573375   0.528042221052
4.808   0.542693573375   0.528042221053
4.904   0.542693573375   0.528042221053
5.0   0.542693573375   0.528042221053
5.096   0.542693573375   0.528042221053
5.192   0.542693573375   0.528042221053
5.288   0.542693573375   0.528042221053
5.384   0.542693573375   0.528042221053
5.48   0.542693573375   0.528042221053
5.576   0.542693573375   0.528042221053
5.672   0.542693573375   0.528042221053
5.768   0.542693573375   0.528042221053
5.864   0.542693573375   0.528042221053
5.96   0.542693573375   0.528042221053
6.056   0.542693573375   0.528042221053
6.152   0.542693573375   0.528042221053
6.248   0.542693573375   0.528042221053
6.344   0.542693573375   0.528042221053
6.44   0.542693573375   0.528042221053
6.536   0.542693573375   0.528042221053
6.632   0.542693573375   0.528042221053
6.728   0.542693573375   0.528042221053
6.824   0.542693573375   0.528042221053
6.92   0.542693573375   0.528042221053
7.016   0.542693573375   0.528042221053
7.112   0.542693573375   0.528042221053
7.208   0.542693573375   0.528042221053
7.304   0.542693573375   0.528042221053
7.4   0.542693573375   0.528042221053
7.496   0.542693573375   0.528042221053
7.592   0.542693573375   0.528042221053
7.688   0.542693573375   0.528042221053
7.784   0.542693573375   0.528042221053
7.88   0.542693573375   0.528042221053
7.976   0.542693573375   0.528042221053
8.072   0.542693573375   0.528042221053
8.168   0.542693573375   0.528042221053
8.264   0.542693573375   0.528042221053
8.36   0.542693573375   0.528042221053
8.456   0.542693573375   0.528042221053
8.552   0.542693573375   0.528042221053
8.648   0.542693573375   0.528042221053
8.744   0.542693573375   0.528042221053
8.84   0.542693573375   0.528042221053
8.936   0.542693573375   0.528042221053
9.032   0.542693573375   0.528042221053
9.128   0.542693573375   0.528042221053
9.224   0.542693573375   0.528042221053
9.32   0.542693573375   0.528042221053
9.416   0.542693573375   0.528042221053
9.512   0.542693573375   0.528042221053
9.608   0.542693573375   0.528042221053
9.704   0.542693573375   0.528042221053
