0.2   0.563852521073   0.415776308464
0.296   0.559953212002   0.459501650757
0.392   0.556587575229   0.488231956291
0.488   0.553733861207   0.50736349022
0.584   0.551355865343   0.519870039055
0.68   0.549407356643   0.527844922917
0.776   0.547836074094   0.532876103647
0.872   0.546587843256   0.536073760538
0.968   0.54560990335   0.538142801762
1.064   0.544853372216   0.539509300622
1.16   0.544274804357   0.540428934707
1.256   0.543836929128   0.541057306397
1.352   0.543508735445   0.541492149792
1.448   0.543265098269   0.541795283044
1.544   0.54308646047   0.542006948087
1.64   0.542956706164   0.542156364364
1.736   0.542864360225   0.54225725345
1.832   0.542800385252   0.542327643492
1.928   0.542762160674   0.542373532351
2.024   0.542734411064   0.542402061619
2.12   0.542716890489   0.542419320524
2.216   0.542706496216   0.542429214649
2.312   0.542700587917   0.542434910699
2.408   0.54269732956   0.542432245067
2.504   0.542695568171   0.542439288142
2.6   0.542694627671   0.542438230324
2.696   0.542694129096   0.542435378336
2.792   0.542693865864   0.542440813299
2.888   0.542693727197   0.542440656845
2.984   0.542693654236   0.542440192114
3.08   0.542693615872   0.542439057376
3.176   0.542693595707   0.54243650018
3.272   0.54269358511   0.542441288851
3.368   0.542693579541   0.542441619934
3.464   0.542693576615   0.542442435107
3.56   0.542693575077   0.542444512763
3.656   0.542693574269   0.54244127806
3.752   0.542693573845   0.542441586075
3.848   0.542693573622   0.542442346739
3.944   0.542693573504   0.542444280836
4.04   0.542693573443   0.542441248291
4.136   0.54269357341   0.542441512638
4.232   0.542693573393   0.542442163848
4.328   0.542693573385   0.54244380843
4.424   0.54269357338   0.542441194511
4.52   0.542693573377   0.542441381257
4.616   0.542693573376   0.542441838984
4.712   0.542693573375   0.542442980806
4.808   0.542693573375   0.542445953278
4.904   0.542693573375   0.542441037615
5.0   0.542693573375   0.542441000312
5.096   0.542693573375   0.542440910226
5.192   0.542693573375   0.542440693438
5.288   0.542693573375   0.542440176201
5.384   0.542693573375   0.542438967378
5.48   0.542693573375   0.542436279514
5.576   0.542693573375   0.542441073698
5.672   0.542693573375   0.542441087627
5.768   0.542693573375   0.542441121381
5.864   0.542693573375   0.542441203283
5.96   0.542693573375   0.54244140265
6.056   0.542693573375   0.542441891716
6.152   0.542693573375   0.542443114169
6.248   0.542693573375   0.542446312094
6.344   0.542693573375   0.542441030239
6.44   0.542693573375   0.542440982484
6.536   0.542693573375   0.542440867238
6.632   0.542693573375   0.542440590375
6.728   0.542693573375   0.5424399325
6.824   0.542693573375   0.542438410101
6.92   0.542693573375   0.542435104163
7.016   0.542693573375   0.542441080867
7.112   0.542693573375   0.542441104997
7.208   0.542693573375   0.542441163509
7.304   0.542693573375   0.542441305719
7.4   0.542693573375   0.542441653267
7.496   0.542693573375   0.542442514108
7.592   0.542693573375   0.542444716825
7.688   0.542693573375   0.542441307838
7.784   0.542693573375   0.542441658467
7.88   0.542693573375   0.542442527113
7.976   0.542693573375   0.542444750875
8.072   0.542693573375   0.5424413129
8.168   0.542693573375   0.542441670888
8.264   0.542693573375   0.54244255819
8.36   0.542693573375   0.542444832338
8.456   0.542693573375   0.54244132526
8.552   0.542693573375   0.542441701236
8.648   0.542693573375   0.542442634205
8.744   0.542693573375   0.542445032156
8.84   0.542693573375   0.542441051048
8.936   0.542693573375   0.542441032798
9.032   0.542693573375   0.542440988668
9.128   0.542693573375   0.542440882143
9.224   0.542693573375   0.542440626081
9.32   0.542693573375   0.542440016768
9.416   0.542693573375   0.542438601913
9.512   0.542693573375   0.54243550422
9.608   0.542693573375   0.542441078199
9.704   0.542693573375   0.542441098532
