0.2   0.563948764828   0.430965268595
0.296   0.560124559709   0.468875276862
0.392   0.556844836586   0.494388783245
0.488   0.554082684926   0.511583433289
0.584   0.551797681214   0.522880395312
0.68   0.549940622371   0.530095498701
0.776   0.548457666449   0.534647185162
0.872   0.54729445558   0.537533952403
0.968   0.5463993236   0.539390087636
1.064   0.545725478942   0.540598760264
1.16   0.545231991542   0.541389585979
1.256   0.544883637854   0.541903638969
1.352   0.544648843588   0.542230257388
1.448   0.544499442092   0.542430468518
1.544   0.54441110947   0.542548295758
1.64   0.544359347075   0.542614819572
1.736   0.544330956668   0.542651407836
1.832   0.544315774982   0.542671176448
1.928   0.544307770114   0.542681734109
2.024   0.5443035821   0.542687332332
2.12   0.544301400194   0.542690288454
2.216   0.544300265992   0.542691845806
2.312   0.544299677108   0.542692665227
2.408   0.544299371546   0.542693096088
2.504   0.544299213048   0.542693322562
2.6   0.544299130848   0.542693441581
2.696   0.54429908822   0.542693504124
2.792   0.544299066116   0.542693536988
2.888   0.544299054654   0.542693554256
2.984   0.544299048711   0.542693563329
3.08   0.544299045629   0.542693568096
3.176   0.544299044031   0.542693570601
3.272   0.544299043202   0.542693571917
3.368   0.544299042773   0.542693572609
3.464   0.54429904255   0.542693572972
3.56   0.544299042434   0.542693573163
3.656   0.544299042375   0.542693573264
3.752   0.544299042344   0.542693573316
3.848   0.544299042327   0.542693573344
3.944   0.544299042319   0.542693573359
4.04   0.544299042315   0.542693573366
4.136   0.544299042312   0.54269357337
4.232   0.544299042311   0.542693573372
4.328   0.544299042311   0.542693573373
4.424   0.54429904231   0.542693573374
4.52   0.54429904231   0.542693573374
4.616   0.54429904231   0.542693573374
4.712   0.54429904231   0.542693573375
4.808   0.54429904231   0.542693573375
4.904   0.54429904231   0.542693573375
5.0   0.54429904231   0.542693573375
5.096   0.54429904231   0.542693573375
5.192   0.54429904231   0.542693573375
5.288   0.54429904231   0.542693573375
5.384   0.54429904231   0.542693573375
5.48   0.54429904231   0.542693573375
5.576   0.54429904231   0.542693573375
5.672   0.54429904231   0.542693573375
5.768   0.54429904231   0.542693573375
5.864   0.54429904231   0.542693573375
5.96   0.54429904231   0.542693573375
6.056   0.54429904231   0.542693573375
6.152   0.54429904231   0.542693573375
6.248   0.54429904231   0.542693573375
6.344   0.54429904231   0.542693573375
6.44   0.54429904231   0.542693573375
6.536   0.54429904231   0.542693573375
6.632   0.54429904231   0.542693573375
6.728   0.54429904231   0.542693573375
6.824   0.54429904231   0.542693573375
6.92   0.54429904231   0.542693573375
7.016   0.54429904231   0.542693573375
7.112   0.54429904231   0.542693573375
7.208   0.54429904231   0.542693573375
7.304   0.54429904231   0.542693573375
7.4   0.54429904231   0.542693573375
7.496   0.54429904231   0.542693573375
7.592   0.54429904231   0.542693573375
7.688   0.54429904231   0.542693573375
7.784   0.54429904231   0.542693573375
7.88   0.54429904231   0.542693573375
7.976   0.54429904231   0.542693573375
8.072   0.54429904231   0.542693573375
8.168   0.54429904231   0.542693573375
8.264   0.54429904231   0.542693573375
8.36   0.54429904231   0.542693573375
8.456   0.54429904231   0.542693573375
8.552   0.54429904231   0.542693573375
8.648   0.54429904231   0.542693573375
8.744   0.54429904231   0.542693573375
8.84   0.54429904231   0.542693573375
8.936   0.54429904231   0.542693573375
9.032   0.54429904231   0.542693573375
9.128   0.54429904231   0.542693573375
9.224   0.54429904231   0.542693573375
9.32   0.54429904231   0.542693573375
9.416   0.54429904231   0.542693573375
9.512   0.54429904231   0.542693573375
9.608   0.54429904231   0.542693573375
9.704   0.54429904231   0.542693573375
