0.2   0.5631289187   0.419187234892
0.296   0.55894577354   0.45814591901
0.392   0.555345537635   0.484607049322
0.488   0.55230850218   0.502729395688
0.584   0.549801362788   0.514924971533
0.68   0.547781803034   0.522924106867
0.776   0.546201991757   0.528068257112
0.872   0.545010833169   0.531338196321
0.968   0.544153746939   0.533394713582
1.064   0.543571167784   0.534666204427
1.16   0.543199047429   0.535433277146
1.256   0.542975126876   0.53588328889
1.352   0.542847084315   0.536140853835
1.448   0.542775819788   0.536285882883
1.544   0.542737261556   0.536366221289
1.64   0.54271666669   0.536410668111
1.736   0.542705747116   0.536435123294
1.832   0.542699981204   0.536448552984
1.928   0.542696943479   0.536455920531
2.024   0.542695345047   0.536459960295
2.12   0.542694504525   0.536462174803
2.216   0.542694062703   0.536463388592
2.312   0.542693830503   0.53646405384
2.408   0.542693708484   0.536464418435
2.504   0.542693644367   0.536464618252
2.6   0.542693610676   0.536464727761
2.696   0.542693592974   0.536464787778
2.792   0.542693583673   0.53646482067
2.888   0.542693578786   0.536464838696
2.984   0.542693576218   0.536464848575
3.08   0.542693574869   0.536464853989
3.176   0.54269357416   0.536464856957
3.272   0.542693573787   0.536464858583
3.368   0.542693573591   0.536464859474
3.464   0.542693573489   0.536464859963
3.56   0.542693573434   0.53646486023
3.656   0.542693573406   0.536464860377
3.752   0.542693573391   0.536464860457
3.848   0.542693573383   0.536464860501
3.944   0.542693573379   0.536464860526
4.04   0.542693573377   0.536464860539
4.136   0.542693573376   0.536464860546
4.232   0.542693573375   0.53646486055
4.328   0.542693573375   0.536464860552
4.424   0.542693573375   0.536464860553
4.52   0.542693573375   0.536464860554
4.616   0.542693573375   0.536464860554
4.712   0.542693573375   0.536464860555
4.808   0.542693573375   0.536464860555
4.904   0.542693573375   0.536464860555
5.0   0.542693573375   0.536464860555
5.096   0.542693573375   0.536464860555
5.192   0.542693573375   0.536464860555
5.288   0.542693573375   0.536464860555
5.384   0.542693573375   0.536464860555
5.48   0.542693573375   0.536464860555
5.576   0.542693573375   0.536464860555
5.672   0.542693573375   0.536464860555
5.768   0.542693573375   0.536464860555
5.864   0.542693573375   0.536464860555
5.96   0.542693573375   0.536464860555
6.056   0.542693573375   0.536464860555
6.152   0.542693573375   0.536464860555
6.248   0.542693573375   0.536464860555
6.344   0.542693573375   0.536464860555
6.44   0.542693573375   0.536464860555
6.536   0.542693573375   0.536464860555
6.632   0.542693573375   0.536464860555
6.728   0.542693573375   0.536464860555
6.824   0.542693573375   0.536464860555
6.92   0.542693573375   0.536464860555
7.016   0.542693573375   0.536464860555
7.112   0.542693573375   0.536464860555
7.208   0.542693573375   0.536464860555
7.304   0.542693573375   0.536464860555
7.4   0.542693573375   0.536464860555
7.496   0.542693573375   0.536464860555
7.592   0.542693573375   0.536464860555
7.688   0.542693573375   0.536464860555
7.784   0.542693573375   0.536464860555
7.88   0.542693573375   0.536464860555
7.976   0.542693573375   0.536464860555
8.072   0.542693573375   0.536464860555
8.168   0.542693573375   0.536464860555
8.264   0.542693573375   0.536464860555
8.36   0.542693573375   0.536464860555
8.456   0.542693573375   0.536464860555
8.552   0.542693573375   0.536464860555
8.648   0.542693573375   0.536464860555
8.744   0.542693573375   0.536464860555
8.84   0.542693573375   0.536464860555
8.936   0.542693573375   0.536464860555
9.032   0.542693573375   0.536464860555
9.128   0.542693573375   0.536464860555
9.224   0.542693573375   0.536464860555
9.32   0.542693573375   0.536464860555
9.416   0.542693573375   0.536464860555
9.512   0.542693573375   0.536464860555
9.608   0.542693573375   0.536464860555
9.704   0.542693573375   0.536464860555
