0.2   0.566328284872   0.456220625776
0.296   0.563771452735   0.49094423893
0.392   0.561848717232   0.513166240227
0.488   0.560528188363   0.526754669668
0.584   0.559719889975   0.53441912704
0.68   0.559282337187   0.538462408187
0.776   0.559069629308   0.540529719088
0.872   0.55897258832   0.541580597453
0.968   0.558930495682   0.542117448231
1.064   0.558912604857   0.542393859759
1.16   0.558905075544   0.542537079465
1.256   0.558901921558   0.542611662829
1.352   0.558900603186   0.542650634815
1.448   0.558900052636   0.542671043176
1.544   0.558899822826   0.542681744865
1.64   0.558899726917   0.542687361222
1.736   0.558899686894   0.542690310199
1.832   0.558899670193   0.542691859066
1.928   0.558899663224   0.542692672704
2.024   0.558899660316   0.542693100158
2.12   0.558899659103   0.542693324739
2.216   0.558899658596   0.542693442736
2.312   0.558899658385   0.542693504734
2.408   0.558899658297   0.542693537309
2.504   0.55889965826   0.542693554425
2.6   0.558899658245   0.542693563418
2.696   0.558899658238   0.542693568143
2.792   0.558899658236   0.542693570626
2.888   0.558899658235   0.54269357193
2.984   0.558899658234   0.542693572616
3.08   0.558899658234   0.542693572976
3.176   0.558899658234   0.542693573165
3.272   0.558899658234   0.542693573265
3.368   0.558899658234   0.542693573317
3.464   0.558899658234   0.542693573344
3.56   0.558899658234   0.542693573359
3.656   0.558899658234   0.542693573366
3.752   0.558899658234   0.54269357337
3.848   0.558899658234   0.542693573372
3.944   0.558899658234   0.542693573373
4.04   0.558899658234   0.542693573374
4.136   0.558899658234   0.542693573374
4.232   0.558899658234   0.542693573374
4.328   0.558899658234   0.542693573375
4.424   0.558899658234   0.542693573375
4.52   0.558899658234   0.542693573375
4.616   0.558899658234   0.542693573375
4.712   0.558899658234   0.542693573375
4.808   0.558899658234   0.542693573375
4.904   0.558899658234   0.542693573375
5.0   0.558899658234   0.542693573375
5.096   0.558899658234   0.542693573375
5.192   0.558899658234   0.542693573375
5.288   0.558899658234   0.542693573375
5.384   0.558899658234   0.542693573375
5.48   0.558899658234   0.542693573375
5.576   0.558899658234   0.542693573375
5.672   0.558899658234   0.542693573375
5.768   0.558899658234   0.542693573375
5.864   0.558899658234   0.542693573375
5.96   0.558899658234   0.542693573375
6.056   0.558899658234   0.542693573375
6.152   0.558899658234   0.542693573375
6.248   0.558899658234   0.542693573375
6.344   0.558899658234   0.542693573375
6.44   0.558899658234   0.542693573375
6.536   0.558899658234   0.542693573375
6.632   0.558899658234   0.542693573375
6.728   0.558899658234   0.542693573375
6.824   0.558899658234   0.542693573375
6.92   0.558899658234   0.542693573375
7.016   0.558899658234   0.542693573375
7.112   0.558899658234   0.542693573375
7.208   0.558899658234   0.542693573375
7.304   0.558899658234   0.542693573375
7.4   0.558899658234   0.542693573375
7.496   0.558899658234   0.542693573375
7.592   0.558899658234   0.542693573375
7.688   0.558899658234   0.542693573375
7.784   0.558899658234   0.542693573375
7.88   0.558899658234   0.542693573375
7.976   0.558899658234   0.542693573375
8.072   0.558899658234   0.542693573375
8.168   0.558899658234   0.542693573375
8.264   0.558899658234   0.542693573375
8.36   0.558899658234   0.542693573375
8.456   0.558899658234   0.542693573375
8.552   0.558899658234   0.542693573375
8.648   0.558899658234   0.542693573375
8.744   0.558899658234   0.542693573375
8.84   0.558899658234   0.542693573375
8.936   0.558899658234   0.542693573375
9.032   0.558899658234   0.542693573375
9.128   0.558899658234   0.542693573375
9.224   0.558899658234   0.542693573375
9.32   0.558899658234   0.542693573375
9.416   0.558899658234   0.542693573375
9.512   0.558899658234   0.542693573375
9.608   0.558899658234   0.542693573375
9.704   0.558899658234   0.542693573375
