0.2   0.564835065546   0.432431527158
0.296   0.561423551787   0.473168390313
0.392   0.558551117952   0.499712548381
0.488   0.556200444077   0.516950395804
0.584   0.554343448298   0.527721483464
0.68   0.552941476054   0.534171056073
0.776   0.551943998756   0.537927324391
0.872   0.551284848169   0.540074992661
0.968   0.550883172812   0.541278775826
1.064   0.550656342806   0.541938960725
1.16   0.55053583485   0.54229420427
1.256   0.5504738678   0.54248320594
1.352   0.550442917051   0.542582948373
1.448   0.550427650301   0.542635440884
1.544   0.550420169774   0.542663032721
1.64   0.55041651709   0.542677529178
1.736   0.550414736687   0.542685144525
1.832   0.550413869664   0.542689145086
1.928   0.550413447634   0.54269124679
2.024   0.550413242256   0.542692350975
2.12   0.550413142322   0.542692931108
2.216   0.550413093698   0.542693235914
2.312   0.550413070041   0.542693396065
2.408   0.55041305853   0.542693480211
2.504   0.55041305293   0.542693524424
2.6   0.550413050206   0.542693547655
2.696   0.55041304888   0.542693559861
2.792   0.550413048235   0.542693566274
2.888   0.550413047921   0.542693569644
2.984   0.550413047769   0.542693571414
3.08   0.550413047694   0.542693572345
3.176   0.550413047658   0.542693572833
3.272   0.550413047641   0.54269357309
3.368   0.550413047632   0.542693573225
3.464   0.550413047628   0.542693573296
3.56   0.550413047626   0.542693573333
3.656   0.550413047625   0.542693573353
3.752   0.550413047624   0.542693573363
3.848   0.550413047624   0.542693573369
3.944   0.550413047624   0.542693573372
4.04   0.550413047624   0.542693573373
4.136   0.550413047624   0.542693573374
4.232   0.550413047624   0.542693573374
4.328   0.550413047624   0.542693573374
4.424   0.550413047624   0.542693573375
4.52   0.550413047624   0.542693573375
4.616   0.550413047624   0.542693573375
4.712   0.550413047624   0.542693573375
4.808   0.550413047624   0.542693573375
4.904   0.550413047624   0.542693573375
5.0   0.550413047624   0.542693573375
5.096   0.550413047624   0.542693573375
5.192   0.550413047624   0.542693573375
5.288   0.550413047624   0.542693573375
5.384   0.550413047624   0.542693573375
5.48   0.550413047624   0.542693573375
5.576   0.550413047624   0.542693573375
5.672   0.550413047624   0.542693573375
5.768   0.550413047624   0.542693573375
5.864   0.550413047624   0.542693573375
5.96   0.550413047624   0.542693573375
6.056   0.550413047624   0.542693573375
6.152   0.550413047624   0.542693573375
6.248   0.550413047624   0.542693573375
6.344   0.550413047624   0.542693573375
6.44   0.550413047624   0.542693573375
6.536   0.550413047624   0.542693573375
6.632   0.550413047624   0.542693573375
6.728   0.550413047624   0.542693573375
6.824   0.550413047624   0.542693573375
6.92   0.550413047624   0.542693573375
7.016   0.550413047624   0.542693573375
7.112   0.550413047624   0.542693573375
7.208   0.550413047624   0.542693573375
7.304   0.550413047624   0.542693573375
7.4   0.550413047624   0.542693573375
7.496   0.550413047624   0.542693573375
7.592   0.550413047624   0.542693573375
7.688   0.550413047624   0.542693573375
7.784   0.550413047624   0.542693573375
7.88   0.550413047624   0.542693573375
7.976   0.550413047624   0.542693573375
8.072   0.550413047624   0.542693573375
8.168   0.550413047624   0.542693573375
8.264   0.550413047624   0.542693573375
8.36   0.550413047624   0.542693573375
8.456   0.550413047624   0.542693573375
8.552   0.550413047624   0.542693573375
8.648   0.550413047624   0.542693573375
8.744   0.550413047624   0.542693573375
8.84   0.550413047624   0.542693573375
8.936   0.550413047624   0.542693573375
9.032   0.550413047624   0.542693573375
9.128   0.550413047624   0.542693573375
9.224   0.550413047624   0.542693573375
9.32   0.550413047624   0.542693573375
9.416   0.550413047624   0.542693573375
9.512   0.550413047624   0.542693573375
9.608   0.550413047624   0.542693573375
9.704   0.550413047624   0.542693573375
