0.2   0.562892299249   -0.400217852011
0.296   0.558589650939   -0.445290959222
0.392   0.55488284462   -0.475192883614
0.488   0.551763991932   -0.495432028612
0.584   0.549210927684   -0.508981006316
0.68   0.54718994111   -0.51783356654
0.776   0.545656164596   -0.523480176182
0.872   0.54455181322   -0.5270098481
0.968   0.54380438133   -0.529172669142
1.064   0.543330308291   -0.530469108863
1.16   0.543047006962   -0.531229492618
1.256   0.54288569715   -0.53166738457
1.352   0.542796400562   -0.531916738349
1.448   0.542748165751   -0.532057495531
1.544   0.542722423516   -0.532136656049
1.64   0.542708780152   -0.532181089275
1.736   0.542701577299   -0.532206006587
1.832   0.542697782837   -0.532219973942
1.928   0.542695786284   -0.532227802045
2.024   0.542694736426   -0.532232189146
2.12   0.542694184569   -0.532234647801
2.216   0.54269389454   -0.532236025717
2.312   0.542693742132   -0.532236797962
2.408   0.542693662047   -0.532237230768
2.504   0.542693619966   -0.532237473336
2.6   0.542693597856   -0.532237609287
2.696   0.542693586238   -0.532237685482
2.792   0.542693580133   -0.532237728186
2.888   0.542693576926   -0.532237752121
2.984   0.542693575241   -0.532237765535
3.08   0.542693574355   -0.532237773054
3.176   0.54269357389   -0.532237777267
3.272   0.542693573645   -0.532237779629
3.368   0.542693573517   -0.532237780953
3.464   0.542693573449   -0.532237781695
3.56   0.542693573414   -0.53223778211
3.656   0.542693573395   -0.532237782343
3.752   0.542693573385   -0.532237782474
3.848   0.54269357338   -0.532237782547
3.944   0.542693573378   -0.532237782588
4.04   0.542693573376   -0.532237782611
4.136   0.542693573375   -0.532237782624
4.232   0.542693573375   -0.532237782631
4.328   0.542693573375   -0.532237782635
4.424   0.542693573375   -0.532237782638
4.52   0.542693573375   -0.532237782639
4.616   0.542693573375   -0.53223778264
4.712   0.542693573375   -0.53223778264
4.808   0.542693573375   -0.53223778264
4.904   0.542693573375   -0.53223778264
5.0   0.542693573375   -0.532237782641
5.096   0.542693573375   -0.532237782641
5.192   0.542693573375   -0.532237782641
5.288   0.542693573375   -0.532237782641
5.384   0.542693573375   -0.532237782641
5.48   0.542693573375   -0.532237782641
5.576   0.542693573375   -0.532237782641
5.672   0.542693573375   -0.532237782641
5.768   0.542693573375   -0.532237782641
5.864   0.542693573375   -0.532237782641
5.96   0.542693573375   -0.532237782641
6.056   0.542693573375   -0.532237782641
6.152   0.542693573375   -0.532237782641
6.248   0.542693573375   -0.532237782641
6.344   0.542693573375   -0.532237782641
6.44   0.542693573375   -0.532237782641
6.536   0.542693573375   -0.532237782641
6.632   0.542693573375   -0.532237782641
6.728   0.542693573375   -0.532237782641
6.824   0.542693573375   -0.532237782641
6.92   0.542693573375   -0.532237782641
7.016   0.542693573375   -0.532237782641
7.112   0.542693573375   -0.532237782641
7.208   0.542693573375   -0.532237782641
7.304   0.542693573375   -0.532237782641
7.4   0.542693573375   -0.532237782641
7.496   0.542693573375   -0.532237782641
7.592   0.542693573375   -0.532237782641
7.688   0.542693573375   -0.532237782641
7.784   0.542693573375   -0.532237782641
7.88   0.542693573375   -0.532237782641
7.976   0.542693573375   -0.532237782641
8.072   0.542693573375   -0.532237782641
8.168   0.542693573375   -0.532237782641
8.264   0.542693573375   -0.532237782641
8.36   0.542693573375   -0.532237782641
8.456   0.542693573375   -0.532237782641
8.552   0.542693573375   -0.532237782641
8.648   0.542693573375   -0.532237782641
8.744   0.542693573375   -0.532237782641
8.84   0.542693573375   -0.532237782641
8.936   0.542693573375   -0.532237782641
9.032   0.542693573375   -0.532237782641
9.128   0.542693573375   -0.532237782641
9.224   0.542693573375   -0.532237782641
9.32   0.542693573375   -0.532237782641
9.416   0.542693573375   -0.532237782641
9.512   0.542693573375   -0.532237782641
9.608   0.542693573375   -0.532237782641
9.704   0.542693573375   -0.532237782641
