0.2   0.564451897673   0.426938043471
0.296   0.560844068992   0.468556925378
0.392   0.557766370455   0.495817216293
0.488   0.55519767166   0.513735974568
0.584   0.553104517749   0.525171356692
0.68   0.551445541361   0.532227507205
0.776   0.550174668551   0.536505125252
0.872   0.549242838301   0.539085792105
0.968   0.548597188942   0.540632598319
1.064   0.548178927171   0.541543566779
1.16   0.547926755683   0.542065651965
1.256   0.547784630866   0.5423561192
1.352   0.547707273733   0.542514108199
1.448   0.54766687282   0.542598745377
1.544   0.547646145519   0.542643592026
1.64   0.547635615635   0.542667271382
1.736   0.547630294526   0.542679743422
1.832   0.547627613115   0.542686304241
1.928   0.547626263879   0.542689753371
2.024   0.547625585487   0.542691566096
2.12   0.547625244527   0.542692518661
2.216   0.547625073195   0.542693019191
2.312   0.547624987111   0.542693282189
2.408   0.54762494386   0.542693420377
2.504   0.547624922131   0.542693492985
2.6   0.547624911215   0.542693531135
2.696   0.54762490573   0.542693551181
2.792   0.547624902975   0.542693561713
2.888   0.547624901591   0.542693567247
2.984   0.547624900895   0.542693570155
3.08   0.547624900546   0.542693571683
3.176   0.54762490037   0.542693572486
3.272   0.547624900282   0.542693572908
3.368   0.547624900238   0.542693573129
3.464   0.547624900216   0.542693573246
3.56   0.547624900205   0.542693573307
3.656   0.547624900199   0.542693573339
3.752   0.547624900196   0.542693573356
3.848   0.547624900195   0.542693573365
3.944   0.547624900194   0.542693573369
4.04   0.547624900194   0.542693573372
4.136   0.547624900193   0.542693573373
4.232   0.547624900193   0.542693573374
4.328   0.547624900193   0.542693573374
4.424   0.547624900193   0.542693573374
4.52   0.547624900193   0.542693573375
4.616   0.547624900193   0.542693573375
4.712   0.547624900193   0.542693573375
4.808   0.547624900193   0.542693573375
4.904   0.547624900193   0.542693573375
5.0   0.547624900193   0.542693573375
5.096   0.547624900193   0.542693573375
5.192   0.547624900193   0.542693573375
5.288   0.547624900193   0.542693573375
5.384   0.547624900193   0.542693573375
5.48   0.547624900193   0.542693573375
5.576   0.547624900193   0.542693573375
5.672   0.547624900193   0.542693573375
5.768   0.547624900193   0.542693573375
5.864   0.547624900193   0.542693573375
5.96   0.547624900193   0.542693573375
6.056   0.547624900193   0.542693573375
6.152   0.547624900193   0.542693573375
6.248   0.547624900193   0.542693573375
6.344   0.547624900193   0.542693573375
6.44   0.547624900193   0.542693573375
6.536   0.547624900193   0.542693573375
6.632   0.547624900193   0.542693573375
6.728   0.547624900193   0.542693573375
6.824   0.547624900193   0.542693573375
6.92   0.547624900193   0.542693573375
7.016   0.547624900193   0.542693573375
7.112   0.547624900193   0.542693573375
7.208   0.547624900193   0.542693573375
7.304   0.547624900193   0.542693573375
7.4   0.547624900193   0.542693573375
7.496   0.547624900193   0.542693573375
7.592   0.547624900193   0.542693573375
7.688   0.547624900193   0.542693573375
7.784   0.547624900193   0.542693573375
7.88   0.547624900193   0.542693573375
7.976   0.547624900193   0.542693573375
8.072   0.547624900193   0.542693573375
8.168   0.547624900193   0.542693573375
8.264   0.547624900193   0.542693573375
8.36   0.547624900193   0.542693573375
8.456   0.547624900193   0.542693573375
8.552   0.547624900193   0.542693573375
8.648   0.547624900193   0.542693573375
8.744   0.547624900193   0.542693573375
8.84   0.547624900193   0.542693573375
8.936   0.547624900193   0.542693573375
9.032   0.547624900193   0.542693573375
9.128   0.547624900193   0.542693573375
9.224   0.547624900193   0.542693573375
9.32   0.547624900193   0.542693573375
9.416   0.547624900193   0.542693573375
9.512   0.547624900193   0.542693573375
9.608   0.547624900193   0.542693573375
9.704   0.547624900193   0.542693573375
