0.2   0.562647355259   0.405499106905
0.296   0.558267234092   0.447179593828
0.392   0.554511844541   0.475327934856
0.488   0.551373665335   0.494611736407
0.584   0.54883038006   0.507644524644
0.68   0.546846338822   0.51622306905
0.776   0.545371036855   0.52171621691
0.872   0.544336258706   0.525147076611
0.968   0.543656013929   0.527239497242
1.064   0.543236606837   0.52848684495
1.16   0.542992094587   0.529215891158
1.256   0.542854428223   0.529635855347
1.352   0.542779316934   0.52987576414
1.448   0.542738990733   0.53001202471
1.544   0.542717543926   0.530089238039
1.64   0.542706199199   0.53013294449
1.736   0.54270021628   0.530157673469
1.832   0.542697066315   0.530171663077
1.928   0.542695409402   0.530179577142
2.024   0.542694538287   0.530184054357
2.12   0.542694080428   0.530186587354
2.216   0.542693839813   0.530188020457
2.312   0.542693713374   0.530188831292
2.408   0.542693646936   0.530189290063
2.504   0.542693612026   0.53018954964
2.6   0.542693593684   0.530189696513
2.696   0.542693584046   0.530189779616
2.792   0.542693578981   0.530189826638
2.888   0.542693576321   0.530189853243
2.984   0.542693574923   0.530189868297
3.08   0.542693574188   0.530189876815
3.176   0.542693573802   0.530189881635
3.272   0.542693573599   0.530189884362
3.368   0.542693573493   0.530189885905
3.464   0.542693573437   0.530189886778
3.56   0.542693573407   0.530189887272
3.656   0.542693573392   0.530189887552
3.752   0.542693573384   0.53018988771
3.848   0.542693573379   0.530189887799
3.944   0.542693573377   0.53018988785
4.04   0.542693573376   0.530189887879
4.136   0.542693573375   0.530189887895
4.232   0.542693573375   0.530189887904
4.328   0.542693573375   0.530189887909
4.424   0.542693573375   0.530189887912
4.52   0.542693573375   0.530189887914
4.616   0.542693573375   0.530189887915
4.712   0.542693573375   0.530189887915
4.808   0.542693573375   0.530189887916
4.904   0.542693573375   0.530189887916
5.0   0.542693573375   0.530189887916
5.096   0.542693573375   0.530189887916
5.192   0.542693573375   0.530189887916
5.288   0.542693573375   0.530189887916
5.384   0.542693573375   0.530189887916
5.48   0.542693573375   0.530189887916
5.576   0.542693573375   0.530189887916
5.672   0.542693573375   0.530189887916
5.768   0.542693573375   0.530189887916
5.864   0.542693573375   0.530189887916
5.96   0.542693573375   0.530189887916
6.056   0.542693573375   0.530189887916
6.152   0.542693573375   0.530189887916
6.248   0.542693573375   0.530189887916
6.344   0.542693573375   0.530189887916
6.44   0.542693573375   0.530189887916
6.536   0.542693573375   0.530189887916
6.632   0.542693573375   0.530189887916
6.728   0.542693573375   0.530189887916
6.824   0.542693573375   0.530189887916
6.92   0.542693573375   0.530189887916
7.016   0.542693573375   0.530189887916
7.112   0.542693573375   0.530189887916
7.208   0.542693573375   0.530189887916
7.304   0.542693573375   0.530189887916
7.4   0.542693573375   0.530189887916
7.496   0.542693573375   0.530189887916
7.592   0.542693573375   0.530189887916
7.688   0.542693573375   0.530189887916
7.784   0.542693573375   0.530189887916
7.88   0.542693573375   0.530189887916
7.976   0.542693573375   0.530189887916
8.072   0.542693573375   0.530189887916
8.168   0.542693573375   0.530189887916
8.264   0.542693573375   0.530189887916
8.36   0.542693573375   0.530189887916
8.456   0.542693573375   0.530189887916
8.552   0.542693573375   0.530189887916
8.648   0.542693573375   0.530189887916
8.744   0.542693573375   0.530189887916
8.84   0.542693573375   0.530189887916
8.936   0.542693573375   0.530189887916
9.032   0.542693573375   0.530189887916
9.128   0.542693573375   0.530189887916
9.224   0.542693573375   0.530189887916
9.32   0.542693573375   0.530189887916
9.416   0.542693573375   0.530189887916
9.512   0.542693573375   0.530189887916
9.608   0.542693573375   0.530189887916
9.704   0.542693573375   0.530189887916
