0.2   0.562717060362   0.421015058296
0.296   0.558388119496   0.457354634186
0.392   0.554682636619   0.48247370169
0.488   0.551583768133   0.499915789221
0.584   0.549061166925   0.511801752113
0.68   0.547074240479   0.519676632729
0.776   0.545572874244   0.524757170567
0.872   0.544495866785   0.52796089071
0.968   0.543769177397   0.529935625086
1.064   0.543309377326   0.531123276259
1.16   0.543035101075   0.531820773947
1.256   0.54287913233   0.532222435612
1.352   0.542792853288   0.532450911191
1.448   0.542746271899   0.532579686714
1.544   0.542721419476   0.532651972282
1.64   0.54270824997   0.532692460882
1.736   0.542701297961   0.532715115022
1.832   0.542697635844   0.532727784096
1.928   0.542695708986   0.532734867608
2.024   0.542694695793   0.532738827808
2.12   0.542694163214   0.532741041798
2.216   0.542693883318   0.532742279553
2.312   0.542693736235   0.532742971538
2.408   0.542693658949   0.532743358406
2.504   0.542693618338   0.532743574693
2.6   0.542693597   0.532743695614
2.696   0.542693585788   0.532743763219
2.792   0.542693579897   0.532743801015
2.888   0.542693576802   0.532743822146
2.984   0.542693575175   0.53274383396
3.08   0.542693574321   0.532743840565
3.176   0.542693573872   0.532743844258
3.272   0.542693573636   0.532743846323
3.368   0.542693573512   0.532743847477
3.464   0.542693573447   0.532743848122
3.56   0.542693573413   0.532743848483
3.656   0.542693573395   0.532743848685
3.752   0.542693573385   0.532743848798
3.848   0.54269357338   0.532743848861
3.944   0.542693573378   0.532743848896
4.04   0.542693573376   0.532743848916
4.136   0.542693573375   0.532743848927
4.232   0.542693573375   0.532743848933
4.328   0.542693573375   0.532743848936
4.424   0.542693573375   0.532743848938
4.52   0.542693573375   0.532743848939
4.616   0.542693573375   0.53274384894
4.712   0.542693573375   0.53274384894
4.808   0.542693573375   0.53274384894
4.904   0.542693573375   0.53274384894
5.0   0.542693573375   0.532743848941
5.096   0.542693573375   0.532743848941
5.192   0.542693573375   0.532743848941
5.288   0.542693573375   0.532743848941
5.384   0.542693573375   0.532743848941
5.48   0.542693573375   0.532743848941
5.576   0.542693573375   0.532743848941
5.672   0.542693573375   0.532743848941
5.768   0.542693573375   0.532743848941
5.864   0.542693573375   0.532743848941
5.96   0.542693573375   0.532743848941
6.056   0.542693573375   0.532743848941
6.152   0.542693573375   0.532743848941
6.248   0.542693573375   0.532743848941
6.344   0.542693573375   0.532743848941
6.44   0.542693573375   0.532743848941
6.536   0.542693573375   0.532743848941
6.632   0.542693573375   0.532743848941
6.728   0.542693573375   0.532743848941
6.824   0.542693573375   0.532743848941
6.92   0.542693573375   0.532743848941
7.016   0.542693573375   0.532743848941
7.112   0.542693573375   0.532743848941
7.208   0.542693573375   0.532743848941
7.304   0.542693573375   0.532743848941
7.4   0.542693573375   0.532743848941
7.496   0.542693573375   0.532743848941
7.592   0.542693573375   0.532743848941
7.688   0.542693573375   0.532743848941
7.784   0.542693573375   0.532743848941
7.88   0.542693573375   0.532743848941
7.976   0.542693573375   0.532743848941
8.072   0.542693573375   0.532743848941
8.168   0.542693573375   0.532743848941
8.264   0.542693573375   0.532743848941
8.36   0.542693573375   0.532743848941
8.456   0.542693573375   0.532743848941
8.552   0.542693573375   0.532743848941
8.648   0.542693573375   0.532743848941
8.744   0.542693573375   0.532743848941
8.84   0.542693573375   0.532743848941
8.936   0.542693573375   0.532743848941
9.032   0.542693573375   0.532743848941
9.128   0.542693573375   0.532743848941
9.224   0.542693573375   0.532743848941
9.32   0.542693573375   0.532743848941
9.416   0.542693573375   0.532743848941
9.512   0.542693573375   0.532743848941
9.608   0.542693573375   0.532743848941
9.704   0.542693573375   0.532743848941
