0.2   0.562172568461   0.398045293778
0.296   0.557628541266   0.43974647612
0.392   0.553767917397   0.468051707318
0.488   0.550591451175   0.487546188176
0.584   0.548079866474   0.50079902952
0.68   0.546190463678   0.509563017362
0.776   0.544851911696   0.515177747591
0.872   0.543964670095   0.518669702226
0.968   0.543413676172   0.520787559654
1.064   0.543090070527   0.522047634891
1.16   0.542907919124   0.522787747671
1.256   0.5428079867   0.523219185928
1.352   0.542754228314   0.523469813454
1.448   0.542725602502   0.523615167764
1.544   0.542710448941   0.52369936371
1.64   0.542702453789   0.523748186775
1.736   0.542698243303   0.523776492595
1.832   0.542696028215   0.523792906975
1.928   0.542694863543   0.523802427429
2.024   0.54269425136   0.523807950187
2.12   0.542693929635   0.523811154255
2.216   0.542693760572   0.52381301326
2.312   0.542693671736   0.523814091912
2.408   0.542693625057   0.523814717802
2.504   0.54269360053   0.523815080983
2.6   0.542693587643   0.523815291727
2.696   0.542693580872   0.523815414017
2.792   0.542693577314   0.523815484979
2.888   0.542693575444   0.523815526158
2.984   0.542693574462   0.523815550053
3.08   0.542693573946   0.523815563919
3.176   0.542693573675   0.523815571965
3.272   0.542693573532   0.523815576634
3.368   0.542693573458   0.523815579344
3.464   0.542693573418   0.523815580916
3.56   0.542693573398   0.523815581828
3.656   0.542693573387   0.523815582358
3.752   0.542693573381   0.523815582665
3.848   0.542693573378   0.523815582843
3.944   0.542693573376   0.523815582947
4.04   0.542693573376   0.523815583007
4.136   0.542693573375   0.523815583042
4.232   0.542693573375   0.523815583062
4.328   0.542693573375   0.523815583074
4.424   0.542693573375   0.52381558308
4.52   0.542693573375   0.523815583084
4.616   0.542693573375   0.523815583087
4.712   0.542693573375   0.523815583088
4.808   0.542693573375   0.523815583089
4.904   0.542693573375   0.523815583089
5.0   0.542693573375   0.523815583089
5.096   0.542693573375   0.52381558309
5.192   0.542693573375   0.52381558309
5.288   0.542693573375   0.52381558309
5.384   0.542693573375   0.52381558309
5.48   0.542693573375   0.52381558309
5.576   0.542693573375   0.52381558309
5.672   0.542693573375   0.52381558309
5.768   0.542693573375   0.52381558309
5.864   0.542693573375   0.52381558309
5.96   0.542693573375   0.52381558309
6.056   0.542693573375   0.52381558309
6.152   0.542693573375   0.52381558309
6.248   0.542693573375   0.52381558309
6.344   0.542693573375   0.52381558309
6.44   0.542693573375   0.52381558309
6.536   0.542693573375   0.52381558309
6.632   0.542693573375   0.52381558309
6.728   0.542693573375   0.52381558309
6.824   0.542693573375   0.52381558309
6.92   0.542693573375   0.52381558309
7.016   0.542693573375   0.52381558309
7.112   0.542693573375   0.52381558309
7.208   0.542693573375   0.52381558309
7.304   0.542693573375   0.52381558309
7.4   0.542693573375   0.52381558309
7.496   0.542693573375   0.52381558309
7.592   0.542693573375   0.52381558309
7.688   0.542693573375   0.52381558309
7.784   0.542693573375   0.52381558309
7.88   0.542693573375   0.52381558309
7.976   0.542693573375   0.52381558309
8.072   0.542693573375   0.52381558309
8.168   0.542693573375   0.52381558309
8.264   0.542693573375   0.52381558309
8.36   0.542693573375   0.52381558309
8.456   0.542693573375   0.52381558309
8.552   0.542693573375   0.52381558309
8.648   0.542693573375   0.52381558309
8.744   0.542693573375   0.52381558309
8.84   0.542693573375   0.52381558309
8.936   0.542693573375   0.52381558309
9.032   0.542693573375   0.52381558309
9.128   0.542693573375   0.52381558309
9.224   0.542693573375   0.52381558309
9.32   0.542693573375   0.52381558309
9.416   0.542693573375   0.52381558309
9.512   0.542693573375   0.52381558309
9.608   0.542693573375   0.52381558309
9.704   0.542693573375   0.52381558309
