0.2   0.56556392014   0.428616929954
0.296   0.562513453594   0.473839672965
0.392   0.560019321264   0.502179315614
0.488   0.558074621659   0.519822572767
0.584   0.556652505897   0.530248424834
0.68   0.555695496765   0.536073929826
0.776   0.555110984669   0.539214736005
0.872   0.554786324882   0.540875785107
0.968   0.55461966575   0.541745320244
1.064   0.554537883135   0.542198518867
1.16   0.554499185187   0.542434811481
1.256   0.554481160286   0.542558098008
1.352   0.554472832432   0.542622557339
1.448   0.554469000431   0.542656314793
1.544   0.554467240695   0.542674014513
1.64   0.554466433377   0.542683302242
1.736   0.554466063177   0.542688178385
1.832   0.554465893458   0.542690739231
1.928   0.554465815659   0.542692084397
2.024   0.554465779998   0.542692791071
2.12   0.554465763652   0.542693162344
2.216   0.55446575616   0.542693357411
2.312   0.554465752726   0.542693459902
2.408   0.554465751152   0.542693513753
2.504   0.55446575043   0.542693542048
2.6   0.554465750099   0.542693556915
2.696   0.554465749948   0.542693564726
2.792   0.554465749878   0.54269356883
2.888   0.554465749847   0.542693570987
2.984   0.554465749832   0.54269357212
3.08   0.554465749825   0.542693572715
3.176   0.554465749822   0.542693573028
3.272   0.554465749821   0.542693573193
3.368   0.55446574982   0.542693573279
3.464   0.55446574982   0.542693573324
3.56   0.55446574982   0.542693573348
3.656   0.55446574982   0.542693573361
3.752   0.55446574982   0.542693573367
3.848   0.55446574982   0.542693573371
3.944   0.55446574982   0.542693573373
4.04   0.55446574982   0.542693573374
4.136   0.55446574982   0.542693573374
4.232   0.55446574982   0.542693573374
4.328   0.55446574982   0.542693573375
4.424   0.55446574982   0.542693573375
4.52   0.55446574982   0.542693573375
4.616   0.55446574982   0.542693573375
4.712   0.55446574982   0.542693573375
4.808   0.55446574982   0.542693573375
4.904   0.55446574982   0.542693573375
5.0   0.55446574982   0.542693573375
5.096   0.55446574982   0.542693573375
5.192   0.55446574982   0.542693573375
5.288   0.55446574982   0.542693573375
5.384   0.55446574982   0.542693573375
5.48   0.55446574982   0.542693573375
5.576   0.55446574982   0.542693573375
5.672   0.55446574982   0.542693573375
5.768   0.55446574982   0.542693573375
5.864   0.55446574982   0.542693573375
5.96   0.55446574982   0.542693573375
6.056   0.55446574982   0.542693573375
6.152   0.55446574982   0.542693573375
6.248   0.55446574982   0.542693573375
6.344   0.55446574982   0.542693573375
6.44   0.55446574982   0.542693573375
6.536   0.55446574982   0.542693573375
6.632   0.55446574982   0.542693573375
6.728   0.55446574982   0.542693573375
6.824   0.55446574982   0.542693573375
6.92   0.55446574982   0.542693573375
7.016   0.55446574982   0.542693573375
7.112   0.55446574982   0.542693573375
7.208   0.55446574982   0.542693573375
7.304   0.55446574982   0.542693573375
7.4   0.55446574982   0.542693573375
7.496   0.55446574982   0.542693573375
7.592   0.55446574982   0.542693573375
7.688   0.55446574982   0.542693573375
7.784   0.55446574982   0.542693573375
7.88   0.55446574982   0.542693573375
7.976   0.55446574982   0.542693573375
8.072   0.55446574982   0.542693573375
8.168   0.55446574982   0.542693573375
8.264   0.55446574982   0.542693573375
8.36   0.55446574982   0.542693573375
8.456   0.55446574982   0.542693573375
8.552   0.55446574982   0.542693573375
8.648   0.55446574982   0.542693573375
8.744   0.55446574982   0.542693573375
8.84   0.55446574982   0.542693573375
8.936   0.55446574982   0.542693573375
9.032   0.55446574982   0.542693573375
9.128   0.55446574982   0.542693573375
9.224   0.55446574982   0.542693573375
9.32   0.55446574982   0.542693573375
9.416   0.55446574982   0.542693573375
9.512   0.55446574982   0.542693573375
9.608   0.55446574982   0.542693573375
9.704   0.55446574982   0.542693573375
