0.2   0.561724127133   0.39388506029
0.296   0.557045505541   0.434289552686
0.392   0.553117001009   0.461976435675
0.488   0.549941805598   0.481177892336
0.584   0.547495136458   0.494309366579
0.68   0.545716105925   0.503037009681
0.776   0.544505164946   0.508649703068
0.872   0.543734421062   0.51215237349
0.968   0.543272539125   0.514287955053
1.064   0.543008699777   0.515569763146
1.16   0.542862483754   0.516332044151
1.256   0.54278334403   0.516783584362
1.352   0.54274104671   0.5170504309
1.448   0.542718607254   0.517208063265
1.544   0.542706753208   0.517301249142
1.64   0.542700506087   0.517356326819
1.736   0.542697218238   0.517388901041
1.832   0.542695489132   0.517408172661
1.928   0.542694580154   0.517419577109
2.024   0.54269410242   0.517426327232
2.12   0.542693851366   0.517430323057
2.216   0.542693719444   0.517432688653
2.312   0.542693650125   0.517434089211
2.408   0.542693613702   0.517434918448
2.504   0.542693594564   0.517435409434
2.6   0.542693584508   0.517435700148
2.696   0.542693579225   0.517435872282
2.792   0.542693576448   0.517435974205
2.888   0.54269357499   0.517436034556
2.984   0.542693574223   0.51743607029
3.08   0.542693573821   0.517436091449
3.176   0.542693573609   0.517436103978
3.272   0.542693573498   0.517436111397
3.368   0.542693573439   0.517436115789
3.464   0.542693573409   0.51743611839
3.56   0.542693573393   0.51743611993
3.656   0.542693573384   0.517436120842
3.752   0.54269357338   0.517436121382
3.848   0.542693573377   0.517436121702
3.944   0.542693573376   0.517436121891
4.04   0.542693573375   0.517436122003
4.136   0.542693573375   0.51743612207
4.232   0.542693573375   0.517436122109
4.328   0.542693573375   0.517436122132
4.424   0.542693573375   0.517436122146
4.52   0.542693573375   0.517436122154
4.616   0.542693573375   0.517436122159
4.712   0.542693573375   0.517436122162
4.808   0.542693573375   0.517436122164
4.904   0.542693573375   0.517436122165
5.0   0.542693573375   0.517436122165
5.096   0.542693573375   0.517436122166
5.192   0.542693573375   0.517436122166
5.288   0.542693573375   0.517436122166
5.384   0.542693573375   0.517436122166
5.48   0.542693573375   0.517436122166
5.576   0.542693573375   0.517436122166
5.672   0.542693573375   0.517436122166
5.768   0.542693573375   0.517436122166
5.864   0.542693573375   0.517436122166
5.96   0.542693573375   0.517436122166
6.056   0.542693573375   0.517436122166
6.152   0.542693573375   0.517436122166
6.248   0.542693573375   0.517436122166
6.344   0.542693573375   0.517436122166
6.44   0.542693573375   0.517436122166
6.536   0.542693573375   0.517436122166
6.632   0.542693573375   0.517436122166
6.728   0.542693573375   0.517436122166
6.824   0.542693573375   0.517436122166
6.92   0.542693573375   0.517436122166
7.016   0.542693573375   0.517436122166
7.112   0.542693573375   0.517436122166
7.208   0.542693573375   0.517436122166
7.304   0.542693573375   0.517436122166
7.4   0.542693573375   0.517436122166
7.496   0.542693573375   0.517436122166
7.592   0.542693573375   0.517436122166
7.688   0.542693573375   0.517436122166
7.784   0.542693573375   0.517436122166
7.88   0.542693573375   0.517436122166
7.976   0.542693573375   0.517436122166
8.072   0.542693573375   0.517436122166
8.168   0.542693573375   0.517436122166
8.264   0.542693573375   0.517436122166
8.36   0.542693573375   0.517436122166
8.456   0.542693573375   0.517436122166
8.552   0.542693573375   0.517436122166
8.648   0.542693573375   0.517436122166
8.744   0.542693573375   0.517436122166
8.84   0.542693573375   0.517436122166
8.936   0.542693573375   0.517436122166
9.032   0.542693573375   0.517436122166
9.128   0.542693573375   0.517436122166
9.224   0.542693573375   0.517436122166
9.32   0.542693573375   0.517436122166
9.416   0.542693573375   0.517436122166
9.512   0.542693573375   0.517436122166
9.608   0.542693573375   0.517436122166
9.704   0.542693573375   0.517436122166
