0.2   0.561913209688   0.38572682334
0.296   0.55727786076   0.430223422407
0.392   0.553362367251   0.460136452077
0.488   0.550174010661   0.480639989783
0.584   0.547693827145   0.494552731843
0.68   0.545870001835   0.503748516714
0.776   0.544613283983   0.509638401487
0.872   0.543803959351   0.513302542454
0.968   0.54331420795   0.515530057418
1.064   0.543032481673   0.516862892635
1.16   0.542875574176   0.517652891298
1.256   0.5427904082   0.518118885179
1.352   0.542744814716   0.518393279294
1.448   0.542720603741   0.518554708472
1.544   0.542707807092   0.518649783447
1.64   0.542701061241   0.518705744805
1.736   0.542697510339   0.518738710503
1.832   0.542695642728   0.518758136706
1.928   0.542694660892   0.518769587351
2.024   0.542694144851   0.518776338173
2.12   0.542693873663   0.518780318722
2.216   0.542693731161   0.518782666028
2.312   0.542693656282   0.518784050309
2.408   0.542693616937   0.518784866697
2.504   0.542693596264   0.51878534818
2.6   0.542693585401   0.51878563215
2.696   0.542693579694   0.518785799632
2.792   0.542693576695   0.518785898412
2.888   0.542693575119   0.518785956673
2.984   0.542693574291   0.518785991034
3.08   0.542693573856   0.518786011301
3.176   0.542693573628   0.518786023254
3.272   0.542693573508   0.518786030304
3.368   0.542693573445   0.518786034462
3.464   0.542693573411   0.518786036915
3.56   0.542693573394   0.518786038361
3.656   0.542693573385   0.518786039214
3.752   0.54269357338   0.518786039717
3.848   0.542693573377   0.518786040014
3.944   0.542693573376   0.518786040189
4.04   0.542693573375   0.518786040292
4.136   0.542693573375   0.518786040353
4.232   0.542693573375   0.518786040389
4.328   0.542693573375   0.51878604041
4.424   0.542693573375   0.518786040423
4.52   0.542693573375   0.51878604043
4.616   0.542693573375   0.518786040434
4.712   0.542693573375   0.518786040437
4.808   0.542693573375   0.518786040439
4.904   0.542693573375   0.518786040439
5.0   0.542693573375   0.51878604044
5.096   0.542693573375   0.51878604044
5.192   0.542693573375   0.51878604044
5.288   0.542693573375   0.518786040441
5.384   0.542693573375   0.518786040441
5.48   0.542693573375   0.518786040441
5.576   0.542693573375   0.518786040441
5.672   0.542693573375   0.518786040441
5.768   0.542693573375   0.518786040441
5.864   0.542693573375   0.518786040441
5.96   0.542693573375   0.518786040441
6.056   0.542693573375   0.518786040441
6.152   0.542693573375   0.518786040441
6.248   0.542693573375   0.518786040441
6.344   0.542693573375   0.518786040441
6.44   0.542693573375   0.518786040441
6.536   0.542693573375   0.518786040441
6.632   0.542693573375   0.518786040441
6.728   0.542693573375   0.518786040441
6.824   0.542693573375   0.518786040441
6.92   0.542693573375   0.518786040441
7.016   0.542693573375   0.518786040441
7.112   0.542693573375   0.518786040441
7.208   0.542693573375   0.518786040441
7.304   0.542693573375   0.518786040441
7.4   0.542693573375   0.518786040441
7.496   0.542693573375   0.518786040441
7.592   0.542693573375   0.518786040441
7.688   0.542693573375   0.518786040441
7.784   0.542693573375   0.518786040441
7.88   0.542693573375   0.518786040441
7.976   0.542693573375   0.518786040441
8.072   0.542693573375   0.518786040441
8.168   0.542693573375   0.518786040441
8.264   0.542693573375   0.518786040441
8.36   0.542693573375   0.518786040441
8.456   0.542693573375   0.518786040441
8.552   0.542693573375   0.518786040441
8.648   0.542693573375   0.518786040441
8.744   0.542693573375   0.518786040441
8.84   0.542693573375   0.518786040441
8.936   0.542693573375   0.518786040441
9.032   0.542693573375   0.518786040441
9.128   0.542693573375   0.518786040441
9.224   0.542693573375   0.518786040441
9.32   0.542693573375   0.518786040441
9.416   0.542693573375   0.518786040441
9.512   0.542693573375   0.518786040441
9.608   0.542693573375   0.518786040441
9.704   0.542693573375   0.518786040441
