0.2   0.563976066064   0.426250048559
0.296   0.560152369581   0.466188205814
0.392   0.556867255805   0.492807779207
0.488   0.554095651542   0.510641288339
0.584   0.551798706295   0.522308663181
0.68   0.549928423968   0.529734404026
0.776   0.548431764143   0.53440551619
0.872   0.547254778508   0.537362321808
0.968   0.546345880962   0.539262433919
1.064   0.545658150811   0.540501431851
1.16   0.545150526707   0.541315630958
1.256   0.544787986441   0.541848722816
1.352   0.544539628368   0.542191710481
1.448   0.544378495968   0.542405143978
1.544   0.544279907259   0.542532869777
1.64   0.544223594608   0.54260588818
1.736   0.544191436575   0.54264641566
1.832   0.54417408431   0.542668452413
1.928   0.544164888395   0.542680270953
2.024   0.544160061242   0.54268655401
2.12   0.544157540423   0.54268987675
2.216   0.544156227644   0.542691628708
2.312   0.544155544983   0.542692550941
2.408   0.544155190266   0.542693035979
2.504   0.544155006026   0.542693290962
2.6   0.544154910352   0.542693424973
2.696   0.544154860676   0.542693495397
2.792   0.544154834884   0.542693532402
2.888   0.544154821493   0.542693551846
2.984   0.544154814541   0.542693562063
3.08   0.544154810932   0.542693567431
3.176   0.544154809058   0.542693570252
3.272   0.544154808085   0.542693571734
3.368   0.54415480758   0.542693572512
3.464   0.544154807318   0.542693572922
3.56   0.544154807182   0.542693573137
3.656   0.544154807111   0.54269357325
3.752   0.544154807074   0.542693573309
3.848   0.544154807055   0.54269357334
3.944   0.544154807045   0.542693573357
4.04   0.54415480704   0.542693573365
4.136   0.544154807038   0.54269357337
4.232   0.544154807036   0.542693573372
4.328   0.544154807035   0.542693573373
4.424   0.544154807035   0.542693573374
4.52   0.544154807035   0.542693573374
4.616   0.544154807035   0.542693573374
4.712   0.544154807035   0.542693573375
4.808   0.544154807035   0.542693573375
4.904   0.544154807035   0.542693573375
5.0   0.544154807035   0.542693573375
5.096   0.544154807035   0.542693573375
5.192   0.544154807035   0.542693573375
5.288   0.544154807035   0.542693573375
5.384   0.544154807035   0.542693573375
5.48   0.544154807035   0.542693573375
5.576   0.544154807035   0.542693573375
5.672   0.544154807035   0.542693573375
5.768   0.544154807035   0.542693573375
5.864   0.544154807035   0.542693573375
5.96   0.544154807035   0.542693573375
6.056   0.544154807035   0.542693573375
6.152   0.544154807035   0.542693573375
6.248   0.544154807035   0.542693573375
6.344   0.544154807035   0.542693573375
6.44   0.544154807035   0.542693573375
6.536   0.544154807035   0.542693573375
6.632   0.544154807035   0.542693573375
6.728   0.544154807035   0.542693573375
6.824   0.544154807035   0.542693573375
6.92   0.544154807035   0.542693573375
7.016   0.544154807035   0.542693573375
7.112   0.544154807035   0.542693573375
7.208   0.544154807035   0.542693573375
7.304   0.544154807035   0.542693573375
7.4   0.544154807035   0.542693573375
7.496   0.544154807035   0.542693573375
7.592   0.544154807035   0.542693573375
7.688   0.544154807035   0.542693573375
7.784   0.544154807035   0.542693573375
7.88   0.544154807035   0.542693573375
7.976   0.544154807035   0.542693573375
8.072   0.544154807035   0.542693573375
8.168   0.544154807035   0.542693573375
8.264   0.544154807035   0.542693573375
8.36   0.544154807035   0.542693573375
8.456   0.544154807035   0.542693573375
8.552   0.544154807035   0.542693573375
8.648   0.544154807035   0.542693573375
8.744   0.544154807035   0.542693573375
8.84   0.544154807035   0.542693573375
8.936   0.544154807035   0.542693573375
9.032   0.544154807035   0.542693573375
9.128   0.544154807035   0.542693573375
9.224   0.544154807035   0.542693573375
9.32   0.544154807035   0.542693573375
9.416   0.544154807035   0.542693573375
9.512   0.544154807035   0.542693573375
9.608   0.544154807035   0.542693573375
9.704   0.544154807035   0.542693573375
