0.2   0.563782452526   0.432585771531
0.296   0.559891090469   0.469186786762
0.392   0.556552236417   0.494046574527
0.488   0.553737613682   0.510934934112
0.584   0.551405296925   0.522126887959
0.68   0.549504471527   0.529342966947
0.776   0.547979546524   0.533939235853
0.872   0.54677422262   0.536883172446
0.968   0.545834656891   0.538798657201
1.064   0.545111712223   0.54006790609
1.16   0.544562294376   0.540922835446
1.256   0.544149892761   0.541505768653
1.352   0.54384449715   0.541906501545
1.448   0.54362234314   0.542182022765
1.544   0.543463883203   0.542369783224
1.64   0.543354535638   0.542495418374
1.736   0.543282245191   0.54257588211
1.832   0.543239520642   0.542627146978
1.928   0.543211679536   0.542656870361
2.024   0.543195572758   0.542671655921
2.12   0.54318666195   0.542681258303
2.216   0.54318185203   0.542686775618
2.312   0.543179291922   0.542689870212
2.408   0.54317793986   0.542691577945
2.504   0.543177228803   0.542692507258
2.6   0.543176855693   0.542693007258
2.696   0.543176660146   0.542693274004
2.792   0.543176557724   0.542693415481
2.888   0.543176504096   0.542693490233
2.984   0.543176476021   0.542693529636
3.08   0.543176461325   0.542693550378
3.176   0.543176453633   0.542693561287
3.272   0.543176449606   0.542693567022
3.368   0.543176447499   0.542693570036
3.464   0.543176446396   0.542693571621
3.56   0.543176445819   0.542693572453
3.656   0.543176445516   0.54269357289
3.752   0.543176445358   0.54269357312
3.848   0.543176445275   0.542693573241
3.944   0.543176445232   0.542693573304
4.04   0.543176445209   0.542693573338
4.136   0.543176445198   0.542693573355
4.232   0.543176445191   0.542693573364
4.328   0.543176445188   0.542693573369
4.424   0.543176445186   0.542693573372
4.52   0.543176445185   0.542693573373
4.616   0.543176445185   0.542693573374
4.712   0.543176445185   0.542693573374
4.808   0.543176445185   0.542693573374
4.904   0.543176445185   0.542693573375
5.0   0.543176445185   0.542693573375
5.096   0.543176445185   0.542693573375
5.192   0.543176445184   0.542693573375
5.288   0.543176445184   0.542693573375
5.384   0.543176445184   0.542693573375
5.48   0.543176445184   0.542693573375
5.576   0.543176445184   0.542693573375
5.672   0.543176445184   0.542693573375
5.768   0.543176445184   0.542693573375
5.864   0.543176445184   0.542693573375
5.96   0.543176445184   0.542693573375
6.056   0.543176445184   0.542693573375
6.152   0.543176445184   0.542693573375
6.248   0.543176445184   0.542693573375
6.344   0.543176445184   0.542693573375
6.44   0.543176445184   0.542693573375
6.536   0.543176445184   0.542693573375
6.632   0.543176445184   0.542693573375
6.728   0.543176445184   0.542693573375
6.824   0.543176445184   0.542693573375
6.92   0.543176445184   0.542693573375
7.016   0.543176445184   0.542693573375
7.112   0.543176445184   0.542693573375
7.208   0.543176445184   0.542693573375
7.304   0.543176445184   0.542693573375
7.4   0.543176445184   0.542693573375
7.496   0.543176445184   0.542693573375
7.592   0.543176445184   0.542693573375
7.688   0.543176445184   0.542693573375
7.784   0.543176445184   0.542693573375
7.88   0.543176445184   0.542693573375
7.976   0.543176445184   0.542693573375
8.072   0.543176445184   0.542693573375
8.168   0.543176445184   0.542693573375
8.264   0.543176445184   0.542693573375
8.36   0.543176445184   0.542693573375
8.456   0.543176445184   0.542693573375
8.552   0.543176445184   0.542693573375
8.648   0.543176445184   0.542693573375
8.744   0.543176445184   0.542693573375
8.84   0.543176445184   0.542693573375
8.936   0.543176445184   0.542693573375
9.032   0.543176445184   0.542693573375
9.128   0.543176445184   0.542693573375
9.224   0.543176445184   0.542693573375
9.32   0.543176445184   0.542693573375
9.416   0.543176445184   0.542693573375
9.512   0.543176445184   0.542693573375
9.608   0.543176445184   0.542693573375
9.704   0.543176445184   0.542693573375
