0.2   0.561744216319   0.385673461693
0.296   0.557061819701   0.429053497432
0.392   0.553125855064   0.458395367463
0.488   0.549943095496   0.478588438476
0.584   0.547491194441   0.49233267989
0.68   0.545710064081   0.501440527126
0.776   0.544499452841   0.507287290046
0.872   0.543730145156   0.51093308226
0.968   0.543269761864   0.51315613886
1.064   0.543007038816   0.514491644651
1.16   0.542861550082   0.515287065036
1.256   0.542782834508   0.515759157699
1.352   0.542740773314   0.516038779007
1.448   0.542718461941   0.516204382932
1.544   0.542706676376   0.516302496392
1.64   0.542700465579   0.516360652591
1.736   0.542697196914   0.516395139901
1.832   0.542695477917   0.516415598806
1.928   0.542694574258   0.516427739023
2.024   0.542694099321   0.51643494442
2.12   0.542693849737   0.516439221533
2.216   0.542693718588   0.516441760666
2.312   0.542693649675   0.516443268135
2.408   0.542693613466   0.516444163149
2.504   0.54269359444   0.516444694552
2.6   0.542693584443   0.516445010071
2.696   0.54269357919   0.516445197412
2.792   0.54269357643   0.516445308647
2.888   0.54269357498   0.516445374695
2.984   0.542693574218   0.516445413911
3.08   0.542693573818   0.516445437197
3.176   0.542693573608   0.516445451023
3.272   0.542693573497   0.516445459232
3.368   0.542693573439   0.516445464107
3.464   0.542693573408   0.516445467001
3.56   0.542693573392   0.51644546872
3.656   0.542693573384   0.51644546974
3.752   0.54269357338   0.516445470346
3.848   0.542693573377   0.516445470706
3.944   0.542693573376   0.516445470919
4.04   0.542693573375   0.516445471046
4.136   0.542693573375   0.516445471121
4.232   0.542693573375   0.516445471166
4.328   0.542693573375   0.516445471193
4.424   0.542693573375   0.516445471209
4.52   0.542693573375   0.516445471218
4.616   0.542693573375   0.516445471223
4.712   0.542693573375   0.516445471227
4.808   0.542693573375   0.516445471229
4.904   0.542693573375   0.51644547123
5.0   0.542693573375   0.516445471231
5.096   0.542693573375   0.516445471231
5.192   0.542693573375   0.516445471231
5.288   0.542693573375   0.516445471231
5.384   0.542693573375   0.516445471231
5.48   0.542693573375   0.516445471231
5.576   0.542693573375   0.516445471232
5.672   0.542693573375   0.516445471232
5.768   0.542693573375   0.516445471232
5.864   0.542693573375   0.516445471232
5.96   0.542693573375   0.516445471232
6.056   0.542693573375   0.516445471232
6.152   0.542693573375   0.516445471232
6.248   0.542693573375   0.516445471232
6.344   0.542693573375   0.516445471232
6.44   0.542693573375   0.516445471232
6.536   0.542693573375   0.516445471232
6.632   0.542693573375   0.516445471232
6.728   0.542693573375   0.516445471232
6.824   0.542693573375   0.516445471232
6.92   0.542693573375   0.516445471232
7.016   0.542693573375   0.516445471232
7.112   0.542693573375   0.516445471232
7.208   0.542693573375   0.516445471232
7.304   0.542693573375   0.516445471232
7.4   0.542693573375   0.516445471232
7.496   0.542693573375   0.516445471232
7.592   0.542693573375   0.516445471232
7.688   0.542693573375   0.516445471232
7.784   0.542693573375   0.516445471232
7.88   0.542693573375   0.516445471232
7.976   0.542693573375   0.516445471232
8.072   0.542693573375   0.516445471232
8.168   0.542693573375   0.516445471232
8.264   0.542693573375   0.516445471232
8.36   0.542693573375   0.516445471232
8.456   0.542693573375   0.516445471232
8.552   0.542693573375   0.516445471232
8.648   0.542693573375   0.516445471232
8.744   0.542693573375   0.516445471232
8.84   0.542693573375   0.516445471232
8.936   0.542693573375   0.516445471232
9.032   0.542693573375   0.516445471232
9.128   0.542693573375   0.516445471232
9.224   0.542693573375   0.516445471232
9.32   0.542693573375   0.516445471232
9.416   0.542693573375   0.516445471232
9.512   0.542693573375   0.516445471232
9.608   0.542693573375   0.516445471232
9.704   0.542693573375   0.516445471232
