0.2   0.56165076407   0.383944911225
0.296   0.55694147564   0.42729390895
0.392   0.552993632199   0.456639419488
0.488   0.549814286256   0.476849151036
0.584   0.547378889737   0.490615085182
0.68   0.545622315309   0.499745287658
0.776   0.544437722355   0.50561251973
0.872   0.543690541906   0.509276199717
0.968   0.543246112693   0.51151463322
1.064   0.54299358064   0.512863015491
1.16   0.542854157392   0.513668773513
1.256   0.542778850196   0.514148761648
1.352   0.542738649712   0.514434195528
1.448   0.542717337239   0.514603939337
1.544   0.542706082827   0.514704927645
1.64   0.542700152959   0.51476504153
1.736   0.542697032438   0.5148008416
1.832   0.542695391433   0.514822169994
1.928   0.5426945288   0.514834880321
2.024   0.54269407543   0.514842456407
2.12   0.542693837183   0.514846972841
2.216   0.542693711991   0.51484966555
2.312   0.542693646209   0.514851271057
2.408   0.542693611644   0.51485222837
2.504   0.542693593483   0.514852799202
2.6   0.54269358394   0.514853139587
2.696   0.542693578926   0.514853342561
2.792   0.542693576292   0.514853463595
2.888   0.542693574907   0.51485353577
2.984   0.54269357418   0.514853578809
3.08   0.542693573798   0.514853604473
3.176   0.542693573597   0.514853619778
3.272   0.542693573491   0.514853628904
3.368   0.542693573436   0.514853634346
3.464   0.542693573407   0.514853637591
3.56   0.542693573392   0.514853639526
3.656   0.542693573384   0.51485364068
3.752   0.542693573379   0.514853641368
3.848   0.542693573377   0.514853641779
3.944   0.542693573376   0.514853642023
4.04   0.542693573375   0.514853642169
4.136   0.542693573375   0.514853642256
4.232   0.542693573375   0.514853642308
4.328   0.542693573375   0.514853642339
4.424   0.542693573375   0.514853642358
4.52   0.542693573375   0.514853642369
4.616   0.542693573375   0.514853642375
4.712   0.542693573375   0.514853642379
4.808   0.542693573375   0.514853642381
4.904   0.542693573375   0.514853642383
5.0   0.542693573375   0.514853642384
5.096   0.542693573375   0.514853642384
5.192   0.542693573375   0.514853642384
5.288   0.542693573375   0.514853642385
5.384   0.542693573375   0.514853642385
5.48   0.542693573375   0.514853642385
5.576   0.542693573375   0.514853642385
5.672   0.542693573375   0.514853642385
5.768   0.542693573375   0.514853642385
5.864   0.542693573375   0.514853642385
5.96   0.542693573375   0.514853642385
6.056   0.542693573375   0.514853642385
6.152   0.542693573375   0.514853642385
6.248   0.542693573375   0.514853642385
6.344   0.542693573375   0.514853642385
6.44   0.542693573375   0.514853642385
6.536   0.542693573375   0.514853642385
6.632   0.542693573375   0.514853642385
6.728   0.542693573375   0.514853642385
6.824   0.542693573375   0.514853642385
6.92   0.542693573375   0.514853642385
7.016   0.542693573375   0.514853642385
7.112   0.542693573375   0.514853642385
7.208   0.542693573375   0.514853642385
7.304   0.542693573375   0.514853642385
7.4   0.542693573375   0.514853642385
7.496   0.542693573375   0.514853642385
7.592   0.542693573375   0.514853642385
7.688   0.542693573375   0.514853642385
7.784   0.542693573375   0.514853642385
7.88   0.542693573375   0.514853642385
7.976   0.542693573375   0.514853642385
8.072   0.542693573375   0.514853642385
8.168   0.542693573375   0.514853642385
8.264   0.542693573375   0.514853642385
8.36   0.542693573375   0.514853642385
8.456   0.542693573375   0.514853642385
8.552   0.542693573375   0.514853642385
8.648   0.542693573375   0.514853642385
8.744   0.542693573375   0.514853642385
8.84   0.542693573375   0.514853642385
8.936   0.542693573375   0.514853642385
9.032   0.542693573375   0.514853642385
9.128   0.542693573375   0.514853642385
9.224   0.542693573375   0.514853642385
9.32   0.542693573375   0.514853642385
9.416   0.542693573375   0.514853642385
9.512   0.542693573375   0.514853642385
9.608   0.542693573375   0.514853642385
9.704   0.542693573375   0.514853642385
