0.2   0.564557793749   0.440857701976
0.296   0.561036536316   0.476994549481
0.392   0.55806365111   0.501194165965
0.488   0.555615825333   0.517254650174
0.584   0.553658613115   0.527518337112
0.68   0.552149966323   0.533821703951
0.776   0.551041051065   0.537596844966
0.872   0.550274419626   0.539822189291
0.968   0.549781903866   0.541109465237
1.064   0.549488636113   0.541835878292
1.16   0.549325809122   0.542235180502
1.256   0.549238833968   0.542450846482
1.352   0.549194199168   0.54256555534
1.448   0.549171694425   0.542626193655
1.544   0.549160456832   0.542658144859
1.64   0.549154874293   0.542674953331
1.736   0.549152108511   0.542683789138
1.832   0.54915074016   0.542688432428
1.928   0.549150063663   0.542690872214
2.024   0.549149729335   0.54269215413
2.12   0.549149564138   0.542692827672
2.216   0.54914948252   0.542693181564
2.312   0.549149442197   0.542693367507
2.408   0.549149422277   0.542693465206
2.504   0.549149412436   0.54269351654
2.6   0.549149407574   0.542693543512
2.696   0.549149405172   0.542693557684
2.792   0.549149403985   0.54269356513
2.888   0.549149403399   0.542693569043
2.984   0.54914940311   0.542693571099
3.08   0.549149402967   0.542693572179
3.176   0.549149402896   0.542693572746
3.272   0.549149402861   0.542693573044
3.368   0.549149402844   0.542693573201
3.464   0.549149402835   0.542693573284
3.56   0.549149402831   0.542693573327
3.656   0.549149402829   0.542693573349
3.752   0.549149402828   0.542693573361
3.848   0.549149402827   0.542693573368
3.944   0.549149402827   0.542693573371
4.04   0.549149402827   0.542693573373
4.136   0.549149402827   0.542693573374
4.232   0.549149402827   0.542693573374
4.328   0.549149402827   0.542693573374
4.424   0.549149402827   0.542693573375
4.52   0.549149402827   0.542693573375
4.616   0.549149402827   0.542693573375
4.712   0.549149402827   0.542693573375
4.808   0.549149402827   0.542693573375
4.904   0.549149402827   0.542693573375
5.0   0.549149402827   0.542693573375
5.096   0.549149402827   0.542693573375
5.192   0.549149402827   0.542693573375
5.288   0.549149402827   0.542693573375
5.384   0.549149402827   0.542693573375
5.48   0.549149402827   0.542693573375
5.576   0.549149402827   0.542693573375
5.672   0.549149402827   0.542693573375
5.768   0.549149402827   0.542693573375
5.864   0.549149402827   0.542693573375
5.96   0.549149402827   0.542693573375
6.056   0.549149402827   0.542693573375
6.152   0.549149402827   0.542693573375
6.248   0.549149402827   0.542693573375
6.344   0.549149402827   0.542693573375
6.44   0.549149402827   0.542693573375
6.536   0.549149402827   0.542693573375
6.632   0.549149402827   0.542693573375
6.728   0.549149402827   0.542693573375
6.824   0.549149402827   0.542693573375
6.92   0.549149402827   0.542693573375
7.016   0.549149402827   0.542693573375
7.112   0.549149402827   0.542693573375
7.208   0.549149402827   0.542693573375
7.304   0.549149402827   0.542693573375
7.4   0.549149402827   0.542693573375
7.496   0.549149402827   0.542693573375
7.592   0.549149402827   0.542693573375
7.688   0.549149402827   0.542693573375
7.784   0.549149402827   0.542693573375
7.88   0.549149402827   0.542693573375
7.976   0.549149402827   0.542693573375
8.072   0.549149402827   0.542693573375
8.168   0.549149402827   0.542693573375
8.264   0.549149402827   0.542693573375
8.36   0.549149402827   0.542693573375
8.456   0.549149402827   0.542693573375
8.552   0.549149402827   0.542693573375
8.648   0.549149402827   0.542693573375
8.744   0.549149402827   0.542693573375
8.84   0.549149402827   0.542693573375
8.936   0.549149402827   0.542693573375
9.032   0.549149402827   0.542693573375
9.128   0.549149402827   0.542693573375
9.224   0.549149402827   0.542693573375
9.32   0.549149402827   0.542693573375
9.416   0.549149402827   0.542693573375
9.512   0.549149402827   0.542693573375
9.608   0.549149402827   0.542693573375
9.704   0.549149402827   0.542693573375
