0.2   0.566683401326   0.448786580757
0.296   0.564300779387   0.487995529294
0.392   0.562557003727   0.51229518706
0.488   0.561409740309   0.526710110744
0.584   0.56074706062   0.534575892669
0.68   0.560410631603   0.53860270302
0.776   0.560256683757   0.54061865505
0.872   0.560190130432   0.54163084124
0.968   0.560162522398   0.542144604029
1.064   0.560151249016   0.542408258528
1.16   0.560146679352   0.542544665057
1.256   0.560144833165   0.542615649626
1.352   0.56014408838   0.542652728671
1.448   0.560143788112   0.542672142755
1.544   0.560143667089   0.542682322358
1.64   0.560143618317   0.542687664557
1.736   0.560143598663   0.542690469546
1.832   0.560143590743   0.542691942781
1.928   0.560143587551   0.542692716686
2.024   0.560143586265   0.542693123267
2.12   0.560143585747   0.542693336881
2.216   0.560143585538   0.542693449116
2.312   0.560143585454   0.542693508086
2.408   0.56014358542   0.54269353907
2.504   0.560143585407   0.54269355535
2.6   0.560143585401   0.542693563904
2.696   0.560143585399   0.542693568398
2.792   0.560143585398   0.54269357076
2.888   0.560143585398   0.542693572001
2.984   0.560143585397   0.542693572653
3.08   0.560143585397   0.542693572995
3.176   0.560143585397   0.542693573175
3.272   0.560143585397   0.54269357327
3.368   0.560143585397   0.54269357332
3.464   0.560143585397   0.542693573346
3.56   0.560143585397   0.542693573359
3.656   0.560143585397   0.542693573367
3.752   0.560143585397   0.54269357337
3.848   0.560143585397   0.542693573372
3.944   0.560143585397   0.542693573373
4.04   0.560143585397   0.542693573374
4.136   0.560143585397   0.542693573374
4.232   0.560143585397   0.542693573374
4.328   0.560143585397   0.542693573375
4.424   0.560143585397   0.542693573375
4.52   0.560143585397   0.542693573375
4.616   0.560143585397   0.542693573375
4.712   0.560143585397   0.542693573375
4.808   0.560143585397   0.542693573375
4.904   0.560143585397   0.542693573375
5.0   0.560143585397   0.542693573375
5.096   0.560143585397   0.542693573375
5.192   0.560143585397   0.542693573375
5.288   0.560143585397   0.542693573375
5.384   0.560143585397   0.542693573375
5.48   0.560143585397   0.542693573375
5.576   0.560143585397   0.542693573375
5.672   0.560143585397   0.542693573375
5.768   0.560143585397   0.542693573375
5.864   0.560143585397   0.542693573375
5.96   0.560143585397   0.542693573375
6.056   0.560143585397   0.542693573375
6.152   0.560143585397   0.542693573375
6.248   0.560143585397   0.542693573375
6.344   0.560143585397   0.542693573375
6.44   0.560143585397   0.542693573375
6.536   0.560143585397   0.542693573375
6.632   0.560143585397   0.542693573375
6.728   0.560143585397   0.542693573375
6.824   0.560143585397   0.542693573375
6.92   0.560143585397   0.542693573375
7.016   0.560143585397   0.542693573375
7.112   0.560143585397   0.542693573375
7.208   0.560143585397   0.542693573375
7.304   0.560143585397   0.542693573375
7.4   0.560143585397   0.542693573375
7.496   0.560143585397   0.542693573375
7.592   0.560143585397   0.542693573375
7.688   0.560143585397   0.542693573375
7.784   0.560143585397   0.542693573375
7.88   0.560143585397   0.542693573375
7.976   0.560143585397   0.542693573375
8.072   0.560143585397   0.542693573375
8.168   0.560143585397   0.542693573375
8.264   0.560143585397   0.542693573375
8.36   0.560143585397   0.542693573375
8.456   0.560143585397   0.542693573375
8.552   0.560143585397   0.542693573375
8.648   0.560143585397   0.542693573375
8.744   0.560143585397   0.542693573375
8.84   0.560143585397   0.542693573375
8.936   0.560143585397   0.542693573375
9.032   0.560143585397   0.542693573375
9.128   0.560143585397   0.542693573375
9.224   0.560143585397   0.542693573375
9.32   0.560143585397   0.542693573375
9.416   0.560143585397   0.542693573375
9.512   0.560143585397   0.542693573375
9.608   0.560143585397   0.542693573375
9.704   0.560143585397   0.542693573375
