0.2   0.561528548638   0.375837002452
0.296   0.556779642478   0.42115324584
0.392   0.552812307217   0.451603565515
0.488   0.549635663264   0.472489579437
0.584   0.547222634798   0.486688206523
0.68   0.545500558536   0.496100820683
0.776   0.544352583564   0.502153993647
0.872   0.54363628012   0.505941458866
0.968   0.543213886402   0.50826355868
1.064   0.542975313544   0.509669133688
1.16   0.54284414684   0.510514072902
1.256   0.54277346258   0.511020731162
1.352   0.542735780492   0.511324174759
1.448   0.542715818336   0.511505959995
1.544   0.542705281447   0.511614925495
1.64   0.542699730934   0.511680280964
1.736   0.542696810417   0.511719500453
1.832   0.542695274698   0.511743045559
1.928   0.542694467441   0.511757185005
2.024   0.542694043184   0.511765677974
2.12   0.542693820238   0.511770780126
2.216   0.542693703087   0.511773845566
2.312   0.542693641531   0.511775687454
2.408   0.542693609186   0.511776794215
2.504   0.542693592191   0.511777459272
2.6   0.542693583261   0.511777858915
2.696   0.542693578569   0.511778099069
2.792   0.542693576104   0.511778243385
2.888   0.542693574809   0.511778330109
2.984   0.542693574128   0.511778382224
3.08   0.542693573771   0.511778413542
3.176   0.542693573583   0.511778432362
3.272   0.542693573484   0.511778443672
3.368   0.542693573432   0.511778450469
3.464   0.542693573405   0.511778454553
3.56   0.542693573391   0.511778457007
3.656   0.542693573383   0.511778458482
3.752   0.542693573379   0.511778459368
3.848   0.542693573377   0.511778459901
3.944   0.542693573376   0.511778460221
4.04   0.542693573375   0.511778460413
4.136   0.542693573375   0.511778460529
4.232   0.542693573375   0.511778460598
4.328   0.542693573375   0.51177846064
4.424   0.542693573375   0.511778460665
4.52   0.542693573375   0.51177846068
4.616   0.542693573375   0.511778460689
4.712   0.542693573375   0.511778460695
4.808   0.542693573375   0.511778460698
4.904   0.542693573375   0.5117784607
5.0   0.542693573375   0.511778460701
5.096   0.542693573375   0.511778460702
5.192   0.542693573375   0.511778460702
5.288   0.542693573375   0.511778460703
5.384   0.542693573375   0.511778460703
5.48   0.542693573375   0.511778460703
5.576   0.542693573375   0.511778460703
5.672   0.542693573375   0.511778460703
5.768   0.542693573375   0.511778460703
5.864   0.542693573375   0.511778460703
5.96   0.542693573375   0.511778460703
6.056   0.542693573375   0.511778460703
6.152   0.542693573375   0.511778460703
6.248   0.542693573375   0.511778460703
6.344   0.542693573375   0.511778460703
6.44   0.542693573375   0.511778460703
6.536   0.542693573375   0.511778460703
6.632   0.542693573375   0.511778460703
6.728   0.542693573375   0.511778460703
6.824   0.542693573375   0.511778460703
6.92   0.542693573375   0.511778460703
7.016   0.542693573375   0.511778460703
7.112   0.542693573375   0.511778460703
7.208   0.542693573375   0.511778460703
7.304   0.542693573375   0.511778460703
7.4   0.542693573375   0.511778460703
7.496   0.542693573375   0.511778460703
7.592   0.542693573375   0.511778460703
7.688   0.542693573375   0.511778460703
7.784   0.542693573375   0.511778460703
7.88   0.542693573375   0.511778460703
7.976   0.542693573375   0.511778460703
8.072   0.542693573375   0.511778460703
8.168   0.542693573375   0.511778460703
8.264   0.542693573375   0.511778460703
8.36   0.542693573375   0.511778460703
8.456   0.542693573375   0.511778460703
8.552   0.542693573375   0.511778460703
8.648   0.542693573375   0.511778460703
8.744   0.542693573375   0.511778460703
8.84   0.542693573375   0.511778460703
8.936   0.542693573375   0.511778460703
9.032   0.542693573375   0.511778460703
9.128   0.542693573375   0.511778460703
9.224   0.542693573375   0.511778460703
9.32   0.542693573375   0.511778460703
9.416   0.542693573375   0.511778460703
9.512   0.542693573375   0.511778460703
9.608   0.542693573375   0.511778460703
9.704   0.542693573375   0.511778460703
