0.2   0.561666057754   0.700000000004
0.296   0.556956657645   0.7
0.392   0.553006063906   0.45191272394
0.488   0.549823009199   0.475629149168
0.584   0.547384206528   0.489706047764
0.68   0.545625172432   0.499028644981
0.776   0.54443911546   0.505014258952
0.872   0.543691187163   0.508750337974
0.968   0.543246409921   0.51103298503
1.064   0.542993718926   0.512408436073
1.16   0.542854225327   0.513230830536
1.256   0.542778884453   0.513721089546
1.352   0.542738667296   0.514012878809
1.448   0.542717346361   0.514186562655
1.544   0.542706087588   0.514289995871
1.64   0.542700155452   0.514351627197
1.736   0.542697033745   0.51438836878
1.832   0.54269539212   0.514410280966
1.928   0.54269452916   0.514423352965
2.024   0.54269407562   0.514431152895
2.12   0.542693837283   0.514435807725
2.216   0.542693712044   0.514438585911
2.312   0.542693646237   0.514440244154
2.408   0.542693611659   0.514441233972
2.504   0.54269359349   0.514441824818
2.6   0.542693583944   0.514442177516
2.696   0.542693578928   0.514442388058
2.792   0.542693576293   0.51444251374
2.888   0.542693574908   0.514442588766
2.984   0.54269357418   0.514442633553
3.08   0.542693573798   0.514442660289
3.176   0.542693573597   0.51444267625
3.272   0.542693573492   0.514442685777
3.368   0.542693573436   0.514442691465
3.464   0.542693573407   0.51444269486
3.56   0.542693573392   0.514442696887
3.656   0.542693573384   0.514442698097
3.752   0.542693573379   0.514442698819
3.848   0.542693573377   0.51444269925
3.944   0.542693573376   0.514442699508
4.04   0.542693573375   0.514442699661
4.136   0.542693573375   0.514442699753
4.232   0.542693573375   0.514442699808
4.328   0.542693573375   0.51444269984
4.424   0.542693573375   0.51444269986
4.52   0.542693573375   0.514442699872
4.616   0.542693573375   0.514442699878
4.712   0.542693573375   0.514442699883
4.808   0.542693573375   0.514442699885
4.904   0.542693573375   0.514442699887
5.0   0.542693573375   0.514442699887
5.096   0.542693573375   0.514442699888
5.192   0.542693573375   0.514442699888
5.288   0.542693573375   0.514442699889
5.384   0.542693573375   0.514442699889
5.48   0.542693573375   0.514442699889
5.576   0.542693573375   0.514442699889
5.672   0.542693573375   0.514442699889
5.768   0.542693573375   0.514442699889
5.864   0.542693573375   0.514442699889
5.96   0.542693573375   0.514442699889
6.056   0.542693573375   0.514442699889
6.152   0.542693573375   0.514442699889
6.248   0.542693573375   0.514442699889
6.344   0.542693573375   0.514442699889
6.44   0.542693573375   0.514442699889
6.536   0.542693573375   0.514442699889
6.632   0.542693573375   0.514442699889
6.728   0.542693573375   0.514442699889
6.824   0.542693573375   0.514442699889
6.92   0.542693573375   0.514442699889
7.016   0.542693573375   0.514442699889
7.112   0.542693573375   0.514442699889
7.208   0.542693573375   0.514442699889
7.304   0.542693573375   0.514442699889
7.4   0.542693573375   0.514442699889
7.496   0.542693573375   0.514442699889
7.592   0.542693573375   0.514442699889
7.688   0.542693573375   0.514442699889
7.784   0.542693573375   0.514442699889
7.88   0.542693573375   0.514442699889
7.976   0.542693573375   0.514442699889
8.072   0.542693573375   0.514442699889
8.168   0.542693573375   0.514442699889
8.264   0.542693573375   0.514442699889
8.36   0.542693573375   0.514442699889
8.456   0.542693573375   0.514442699889
8.552   0.542693573375   0.514442699889
8.648   0.542693573375   0.514442699889
8.744   0.542693573375   0.514442699889
8.84   0.542693573375   0.514442699889
8.936   0.542693573375   0.514442699889
9.032   0.542693573375   0.514442699889
9.128   0.542693573375   0.514442699889
9.224   0.542693573375   0.514442699889
9.32   0.542693573375   0.514442699889
9.416   0.542693573375   0.514442699889
9.512   0.542693573375   0.514442699889
9.608   0.542693573375   0.514442699889
9.704   0.542693573375   0.514442699889
