0.2   0.564977128025   0.441604584331
0.296   0.561661002603   0.478859621028
0.392   0.558900022038   0.503424173129
0.488   0.556676887578   0.519413710419
0.584   0.554962660011   0.529354753262
0.68   0.553714016764   0.535241778712
0.776   0.55286859989   0.538611387981
0.872   0.552342735159   0.540493723123
0.968   0.552041867412   0.541522871287
1.064   0.55188155513   0.542075354246
1.16   0.551799505365   0.542368342012
1.256   0.551758972413   0.542522764014
1.352   0.551739258453   0.542603893292
1.448   0.551729749275   0.542646485194
1.544   0.551725182102   0.542668844841
1.64   0.551722993323   0.542680585007
1.736   0.551721945525   0.542686750531
1.832   0.551721444207   0.542689988989
1.928   0.551721204419   0.542691690205
2.024   0.55172108974   0.542692583956
2.12   0.551721034898   0.542693053521
2.216   0.551721008673   0.542693300233
2.312   0.551720996132   0.54269342986
2.408   0.551720990135   0.542693497968
2.504   0.551720987267   0.542693533754
2.6   0.551720985896   0.542693552557
2.696   0.55172098524   0.542693562436
2.792   0.551720984927   0.542693567627
2.888   0.551720984777   0.542693570355
2.984   0.551720984705   0.542693571788
3.08   0.551720984671   0.542693572541
3.176   0.551720984654   0.542693572937
3.272   0.551720984647   0.542693573144
3.368   0.551720984643   0.542693573254
3.464   0.551720984641   0.542693573311
3.56   0.55172098464   0.542693573341
3.656   0.55172098464   0.542693573357
3.752   0.55172098464   0.542693573365
3.848   0.55172098464   0.54269357337
3.944   0.551720984639   0.542693573372
4.04   0.551720984639   0.542693573373
4.136   0.551720984639   0.542693573374
4.232   0.551720984639   0.542693573374
4.328   0.551720984639   0.542693573374
4.424   0.551720984639   0.542693573375
4.52   0.551720984639   0.542693573375
4.616   0.551720984639   0.542693573375
4.712   0.551720984639   0.542693573375
4.808   0.551720984639   0.542693573375
4.904   0.551720984639   0.542693573375
5.0   0.551720984639   0.542693573375
5.096   0.551720984639   0.542693573375
5.192   0.551720984639   0.542693573375
5.288   0.551720984639   0.542693573375
5.384   0.551720984639   0.542693573375
5.48   0.551720984639   0.542693573375
5.576   0.551720984639   0.542693573375
5.672   0.551720984639   0.542693573375
5.768   0.551720984639   0.542693573375
5.864   0.551720984639   0.542693573375
5.96   0.551720984639   0.542693573375
6.056   0.551720984639   0.542693573375
6.152   0.551720984639   0.542693573375
6.248   0.551720984639   0.542693573375
6.344   0.551720984639   0.542693573375
6.44   0.551720984639   0.542693573375
6.536   0.551720984639   0.542693573375
6.632   0.551720984639   0.542693573375
6.728   0.551720984639   0.542693573375
6.824   0.551720984639   0.542693573375
6.92   0.551720984639   0.542693573375
7.016   0.551720984639   0.542693573375
7.112   0.551720984639   0.542693573375
7.208   0.551720984639   0.542693573375
7.304   0.551720984639   0.542693573375
7.4   0.551720984639   0.542693573375
7.496   0.551720984639   0.542693573375
7.592   0.551720984639   0.542693573375
7.688   0.551720984639   0.542693573375
7.784   0.551720984639   0.542693573375
7.88   0.551720984639   0.542693573375
7.976   0.551720984639   0.542693573375
8.072   0.551720984639   0.542693573375
8.168   0.551720984639   0.542693573375
8.264   0.551720984639   0.542693573375
8.36   0.551720984639   0.542693573375
8.456   0.551720984639   0.542693573375
8.552   0.551720984639   0.542693573375
8.648   0.551720984639   0.542693573375
8.744   0.551720984639   0.542693573375
8.84   0.551720984639   0.542693573375
8.936   0.551720984639   0.542693573375
9.032   0.551720984639   0.542693573375
9.128   0.551720984639   0.542693573375
9.224   0.551720984639   0.542693573375
9.32   0.551720984639   0.542693573375
9.416   0.551720984639   0.542693573375
9.512   0.551720984639   0.542693573375
9.608   0.551720984639   0.542693573375
9.704   0.551720984639   0.542693573375
