0.2   0.56363548849   0.406045520189
0.296   0.559627577288   0.452781312668
0.392   0.55615736528   0.483215159969
0.488   0.553207127056   0.503442161673
0.584   0.550744506904   0.516705037064
0.68   0.548726918372   0.525205261548
0.776   0.547105608919   0.530586372532
0.872   0.545829841886   0.534001553078
0.968   0.544850132574   0.536189859487
1.064   0.544120177274   0.537601514539
1.16   0.543597257393   0.538508993058
1.256   0.543240445459   0.539082745123
1.352   0.543010704409   0.539434754725
1.448   0.542871150479   0.539643100397
1.544   0.542791026149   0.539762442795
1.64   0.542745875635   0.539828983016
1.736   0.542721378201   0.539865504234
1.832   0.542708276503   0.539885351814
1.928   0.542701325556   0.539896074413
2.024   0.542697654166   0.539901847736
2.12   0.542695719676   0.539904950459
2.216   0.542694701705   0.539906616266
2.312   0.542694166402   0.539907510138
2.408   0.542693885016   0.539907989654
2.504   0.542693737134   0.539908246853
2.6   0.542693659422   0.539908384796
2.696   0.542693618588   0.539908458776
2.792   0.542693597131   0.539908498451
2.888   0.542693585857   0.539908519729
2.984   0.542693579933   0.539908531139
3.08   0.542693576821   0.539908537259
3.176   0.542693575185   0.539908540541
3.272   0.542693574326   0.539908542301
3.368   0.542693573875   0.539908543245
3.464   0.542693573637   0.539908543751
3.56   0.542693573513   0.539908544022
3.656   0.542693573447   0.539908544168
3.752   0.542693573413   0.539908544246
3.848   0.542693573395   0.539908544288
3.944   0.542693573385   0.53990854431
4.04   0.54269357338   0.539908544322
4.136   0.542693573378   0.539908544329
4.232   0.542693573376   0.539908544332
4.328   0.542693573375   0.539908544334
4.424   0.542693573375   0.539908544335
4.52   0.542693573375   0.539908544335
4.616   0.542693573375   0.539908544336
4.712   0.542693573375   0.539908544336
4.808   0.542693573375   0.539908544336
4.904   0.542693573375   0.539908544336
5.0   0.542693573375   0.539908544336
5.096   0.542693573375   0.539908544336
5.192   0.542693573375   0.539908544336
5.288   0.542693573375   0.539908544336
5.384   0.542693573375   0.539908544336
5.48   0.542693573375   0.539908544336
5.576   0.542693573375   0.539908544336
5.672   0.542693573375   0.539908544336
5.768   0.542693573375   0.539908544336
5.864   0.542693573375   0.539908544336
5.96   0.542693573375   0.539908544336
6.056   0.542693573375   0.539908544336
6.152   0.542693573375   0.539908544336
6.248   0.542693573375   0.539908544336
6.344   0.542693573375   0.539908544336
6.44   0.542693573375   0.539908544336
6.536   0.542693573375   0.539908544336
6.632   0.542693573375   0.539908544336
6.728   0.542693573375   0.539908544336
6.824   0.542693573375   0.539908544336
6.92   0.542693573375   0.539908544336
7.016   0.542693573375   0.539908544336
7.112   0.542693573375   0.539908544336
7.208   0.542693573375   0.539908544336
7.304   0.542693573375   0.539908544336
7.4   0.542693573375   0.539908544336
7.496   0.542693573375   0.539908544336
7.592   0.542693573375   0.539908544336
7.688   0.542693573375   0.539908544336
7.784   0.542693573375   0.539908544336
7.88   0.542693573375   0.539908544336
7.976   0.542693573375   0.539908544336
8.072   0.542693573375   0.539908544336
8.168   0.542693573375   0.539908544336
8.264   0.542693573375   0.539908544336
8.36   0.542693573375   0.539908544336
8.456   0.542693573375   0.539908544336
8.552   0.542693573375   0.539908544336
8.648   0.542693573375   0.539908544336
8.744   0.542693573375   0.539908544336
8.84   0.542693573375   0.539908544336
8.936   0.542693573375   0.539908544336
9.032   0.542693573375   0.539908544336
9.128   0.542693573375   0.539908544336
9.224   0.542693573375   0.539908544336
9.32   0.542693573375   0.539908544336
9.416   0.542693573375   0.539908544336
9.512   0.542693573375   0.539908544336
9.608   0.542693573375   0.539908544336
9.704   0.542693573375   0.539908544336
