0.2   0.565263722526   0.438095287334
0.296   0.562081724471   0.477870072471
0.392   0.55945756357   0.503605212574
0.488   0.55737889096   0.520050589635
0.584   0.555818367644   0.530045863247
0.68   0.554726730205   0.535805620062
0.776   0.554026544636   0.539005362587
0.872   0.553616850187   0.540741159231
0.968   0.553395933617   0.541666949165
1.064   0.553283871998   0.542155154448
1.16   0.553228853674   0.542411518224
1.256   0.553202524312   0.542545731621
1.352   0.553190060996   0.542616029405
1.448   0.553184194367   0.542652878072
1.544   0.553181440684   0.542672207377
1.64   0.553180149978   0.542682352476
1.736   0.55317954542   0.542687679322
1.832   0.553179262346   0.542690477011
1.928   0.553179129824   0.542691946622
2.024   0.553179067788   0.542692718682
2.12   0.553179038749   0.542693124309
2.216   0.553179025157   0.542693337427
2.312   0.553179018794   0.542693449402
2.408   0.553179015816   0.542693508236
2.504   0.553179014422   0.542693539149
2.6   0.553179013769   0.542693555392
2.696   0.553179013464   0.542693563926
2.792   0.553179013321   0.54269356841
2.888   0.553179013254   0.542693570766
2.984   0.553179013223   0.542693572004
3.08   0.553179013208   0.542693572654
3.176   0.553179013201   0.542693572996
3.272   0.553179013198   0.542693573176
3.368   0.553179013196   0.54269357327
3.464   0.553179013196   0.54269357332
3.56   0.553179013195   0.542693573346
3.656   0.553179013195   0.54269357336
3.752   0.553179013195   0.542693573367
3.848   0.553179013195   0.54269357337
3.944   0.553179013195   0.542693573372
4.04   0.553179013195   0.542693573374
4.136   0.553179013195   0.542693573374
4.232   0.553179013195   0.542693573374
4.328   0.553179013195   0.542693573374
4.424   0.553179013195   0.542693573375
4.52   0.553179013195   0.542693573375
4.616   0.553179013195   0.542693573375
4.712   0.553179013195   0.542693573375
4.808   0.553179013195   0.542693573375
4.904   0.553179013195   0.542693573375
5.0   0.553179013195   0.542693573375
5.096   0.553179013195   0.542693573375
5.192   0.553179013195   0.542693573375
5.288   0.553179013195   0.542693573375
5.384   0.553179013195   0.542693573375
5.48   0.553179013195   0.542693573375
5.576   0.553179013195   0.542693573375
5.672   0.553179013195   0.542693573375
5.768   0.553179013195   0.542693573375
5.864   0.553179013195   0.542693573375
5.96   0.553179013195   0.542693573375
6.056   0.553179013195   0.542693573375
6.152   0.553179013195   0.542693573375
6.248   0.553179013195   0.542693573375
6.344   0.553179013195   0.542693573375
6.44   0.553179013195   0.542693573375
6.536   0.553179013195   0.542693573375
6.632   0.553179013195   0.542693573375
6.728   0.553179013195   0.542693573375
6.824   0.553179013195   0.542693573375
6.92   0.553179013195   0.542693573375
7.016   0.553179013195   0.542693573375
7.112   0.553179013195   0.542693573375
7.208   0.553179013195   0.542693573375
7.304   0.553179013195   0.542693573375
7.4   0.553179013195   0.542693573375
7.496   0.553179013195   0.542693573375
7.592   0.553179013195   0.542693573375
7.688   0.553179013195   0.542693573375
7.784   0.553179013195   0.542693573375
7.88   0.553179013195   0.542693573375
7.976   0.553179013195   0.542693573375
8.072   0.553179013195   0.542693573375
8.168   0.553179013195   0.542693573375
8.264   0.553179013195   0.542693573375
8.36   0.553179013195   0.542693573375
8.456   0.553179013195   0.542693573375
8.552   0.553179013195   0.542693573375
8.648   0.553179013195   0.542693573375
8.744   0.553179013195   0.542693573375
8.84   0.553179013195   0.542693573375
8.936   0.553179013195   0.542693573375
9.032   0.553179013195   0.542693573375
9.128   0.553179013195   0.542693573375
9.224   0.553179013195   0.542693573375
9.32   0.553179013195   0.542693573375
9.416   0.553179013195   0.542693573375
9.512   0.553179013195   0.542693573375
9.608   0.553179013195   0.542693573375
9.704   0.553179013195   0.542693573375
