0.2   0.566610980543   0.450974057686
0.296   0.564194098098   0.488925206056
0.392   0.562415902849   0.51263419883
0.488   0.561236084089   0.526797239974
0.584   0.560546862797   0.53458208509
0.68   0.560192575194   0.538593211674
0.776   0.560028571773   0.540610245316
0.872   0.559956937143   0.541625579465
0.968   0.559926961575   0.542141637159
1.064   0.559914624178   0.542406654409
1.16   0.559909585663   0.542543811712
1.256   0.55990753523   0.542615198891
1.352   0.559906702116   0.542652491333
1.448   0.559906363846   0.54267201795
1.544   0.55990622654   0.542682256764
1.64   0.559906170813   0.54268763009
1.736   0.559906148198   0.542690451436
1.832   0.55990613902   0.542691933266
1.928   0.559906135295   0.542692711687
2.024   0.559906133784   0.54269312064
2.12   0.55990613317   0.542693335501
2.216   0.559906132921   0.54269344839
2.312   0.55990613282   0.542693507705
2.408   0.559906132779   0.54269353887
2.504   0.559906132763   0.542693555245
2.6   0.559906132756   0.542693563849
2.696   0.559906132753   0.542693568369
2.792   0.559906132752   0.542693570745
2.888   0.559906132752   0.542693571993
2.984   0.559906132751   0.542693572649
3.08   0.559906132751   0.542693572993
3.176   0.559906132751   0.542693573174
3.272   0.559906132751   0.542693573269
3.368   0.559906132751   0.542693573319
3.464   0.559906132751   0.542693573346
3.56   0.559906132751   0.542693573359
3.656   0.559906132751   0.542693573367
3.752   0.559906132751   0.54269357337
3.848   0.559906132751   0.542693573372
3.944   0.559906132751   0.542693573373
4.04   0.559906132751   0.542693573374
4.136   0.559906132751   0.542693573374
4.232   0.559906132751   0.542693573374
4.328   0.559906132751   0.542693573375
4.424   0.559906132751   0.542693573375
4.52   0.559906132751   0.542693573375
4.616   0.559906132751   0.542693573375
4.712   0.559906132751   0.542693573375
4.808   0.559906132751   0.542693573375
4.904   0.559906132751   0.542693573375
5.0   0.559906132751   0.542693573375
5.096   0.559906132751   0.542693573375
5.192   0.559906132751   0.542693573375
5.288   0.559906132751   0.542693573375
5.384   0.559906132751   0.542693573375
5.48   0.559906132751   0.542693573375
5.576   0.559906132751   0.542693573375
5.672   0.559906132751   0.542693573375
5.768   0.559906132751   0.542693573375
5.864   0.559906132751   0.542693573375
5.96   0.559906132751   0.542693573375
6.056   0.559906132751   0.542693573375
6.152   0.559906132751   0.542693573375
6.248   0.559906132751   0.542693573375
6.344   0.559906132751   0.542693573375
6.44   0.559906132751   0.542693573375
6.536   0.559906132751   0.542693573375
6.632   0.559906132751   0.542693573375
6.728   0.559906132751   0.542693573375
6.824   0.559906132751   0.542693573375
6.92   0.559906132751   0.542693573375
7.016   0.559906132751   0.542693573375
7.112   0.559906132751   0.542693573375
7.208   0.559906132751   0.542693573375
7.304   0.559906132751   0.542693573375
7.4   0.559906132751   0.542693573375
7.496   0.559906132751   0.542693573375
7.592   0.559906132751   0.542693573375
7.688   0.559906132751   0.542693573375
7.784   0.559906132751   0.542693573375
7.88   0.559906132751   0.542693573375
7.976   0.559906132751   0.542693573375
8.072   0.559906132751   0.542693573375
8.168   0.559906132751   0.542693573375
8.264   0.559906132751   0.542693573375
8.36   0.559906132751   0.542693573375
8.456   0.559906132751   0.542693573375
8.552   0.559906132751   0.542693573375
8.648   0.559906132751   0.542693573375
8.744   0.559906132751   0.542693573375
8.84   0.559906132751   0.542693573375
8.936   0.559906132751   0.542693573375
9.032   0.559906132751   0.542693573375
9.128   0.559906132751   0.542693573375
9.224   0.559906132751   0.542693573375
9.32   0.559906132751   0.542693573375
9.416   0.559906132751   0.542693573375
9.512   0.559906132751   0.542693573375
9.608   0.559906132751   0.542693573375
9.704   0.559906132751   0.542693573375
