0.2   0.564551091633   0.417157528099
0.296   0.560968145879   0.463486855359
0.392   0.557904217917   0.493155240564
0.488   0.555341601038   0.512377744567
0.584   0.553249979349   0.524505547154
0.68   0.551590633722   0.531910298092
0.776   0.550319487433   0.536356778371
0.872   0.549388650194   0.539018017896
0.968   0.54874544648   0.540602613295
1.064   0.548330432355   0.541530656021
1.16   0.548081352367   0.54206010398
1.256   0.547941544194   0.542353667344
1.352   0.547865755808   0.542512943827
1.448   0.547826288711   0.54259819628
1.544   0.547806088859   0.542643317975
1.64   0.547795848313   0.542667131612
1.736   0.547790683283   0.542679671191
1.832   0.54778808523   0.542686266631
1.928   0.547786780231   0.542689733705
2.024   0.547786125213   0.54269155579
2.12   0.547785796563   0.542692513254
2.216   0.547785631699   0.542693016351
2.312   0.547785549004   0.542693280697
2.408   0.547785507528   0.542693419593
2.504   0.547785486725   0.542693492573
2.6   0.547785476291   0.542693530919
2.696   0.547785471058   0.542693551067
2.792   0.547785468434   0.542693561654
2.888   0.547785467118   0.542693567216
2.984   0.547785466457   0.542693570139
3.08   0.547785466126   0.542693571674
3.176   0.54778546596   0.542693572481
3.272   0.547785465877   0.542693572905
3.368   0.547785465835   0.542693573128
3.464   0.547785465814   0.542693573245
3.56   0.547785465804   0.542693573307
3.656   0.547785465799   0.542693573339
3.752   0.547785465796   0.542693573356
3.848   0.547785465795   0.542693573365
3.944   0.547785465794   0.542693573369
4.04   0.547785465794   0.542693573372
4.136   0.547785465793   0.542693573373
4.232   0.547785465793   0.542693573374
4.328   0.547785465793   0.542693573374
4.424   0.547785465793   0.542693573374
4.52   0.547785465793   0.542693573375
4.616   0.547785465793   0.542693573375
4.712   0.547785465793   0.542693573375
4.808   0.547785465793   0.542693573375
4.904   0.547785465793   0.542693573375
5.0   0.547785465793   0.542693573375
5.096   0.547785465793   0.542693573375
5.192   0.547785465793   0.542693573375
5.288   0.547785465793   0.542693573375
5.384   0.547785465793   0.542693573375
5.48   0.547785465793   0.542693573375
5.576   0.547785465793   0.542693573375
5.672   0.547785465793   0.542693573375
5.768   0.547785465793   0.542693573375
5.864   0.547785465793   0.542693573375
5.96   0.547785465793   0.542693573375
6.056   0.547785465793   0.542693573375
6.152   0.547785465793   0.542693573375
6.248   0.547785465793   0.542693573375
6.344   0.547785465793   0.542693573375
6.44   0.547785465793   0.542693573375
6.536   0.547785465793   0.542693573375
6.632   0.547785465793   0.542693573375
6.728   0.547785465793   0.542693573375
6.824   0.547785465793   0.542693573375
6.92   0.547785465793   0.542693573375
7.016   0.547785465793   0.542693573375
7.112   0.547785465793   0.542693573375
7.208   0.547785465793   0.542693573375
7.304   0.547785465793   0.542693573375
7.4   0.547785465793   0.542693573375
7.496   0.547785465793   0.542693573375
7.592   0.547785465793   0.542693573375
7.688   0.547785465793   0.542693573375
7.784   0.547785465793   0.542693573375
7.88   0.547785465793   0.542693573375
7.976   0.547785465793   0.542693573375
8.072   0.547785465793   0.542693573375
8.168   0.547785465793   0.542693573375
8.264   0.547785465793   0.542693573375
8.36   0.547785465793   0.542693573375
8.456   0.547785465793   0.542693573375
8.552   0.547785465793   0.542693573375
8.648   0.547785465793   0.542693573375
8.744   0.547785465793   0.542693573375
8.84   0.547785465793   0.542693573375
8.936   0.547785465793   0.542693573375
9.032   0.547785465793   0.542693573375
9.128   0.547785465793   0.542693573375
9.224   0.547785465793   0.542693573375
9.32   0.547785465793   0.542693573375
9.416   0.547785465793   0.542693573375
9.512   0.547785465793   0.542693573375
9.608   0.547785465793   0.542693573375
9.704   0.547785465793   0.542693573375
