0.2   0.570181130818   0.476995955874
0.296   0.569695837411   0.50886069064
0.392   0.569554779975   0.526343356927
0.488   0.569522446242   0.534964640974
0.584   0.569515516818   0.538969532222
0.68   0.569514109298   0.540848499803
0.776   0.569513824551   0.541759253532
0.872   0.569513767   0.542213537981
0.968   0.569513755371   0.542444697833
1.064   0.569513753021   0.542563832156
1.16   0.569513752546   0.542625715698
1.256   0.56951375245   0.54265801345
1.352   0.569513752431   0.542674917576
1.448   0.569513752427   0.542683779574
1.544   0.569513752426   0.542688429953
1.64   0.569513752426   0.542690871617
1.736   0.569513752426   0.542692154011
1.832   0.569513752426   0.542692827664
1.928   0.569513752426   0.542693181575
2.024   0.569513752426   0.542693367517
2.12   0.569513752426   0.542693465212
2.216   0.569513752426   0.542693516543
2.312   0.569513752426   0.542693543514
2.408   0.569513752426   0.542693557685
2.504   0.569513752426   0.542693565131
2.6   0.569513752426   0.542693569043
2.696   0.569513752426   0.542693571099
2.792   0.569513752426   0.542693572179
2.888   0.569513752426   0.542693572746
2.984   0.569513752426   0.542693573045
3.08   0.569513752426   0.542693573201
3.176   0.569513752426   0.542693573284
3.272   0.569513752426   0.542693573327
3.368   0.569513752426   0.542693573349
3.464   0.569513752426   0.542693573361
3.56   0.569513752426   0.542693573368
3.656   0.569513752426   0.542693573371
3.752   0.569513752426   0.542693573373
3.848   0.569513752426   0.542693573374
3.944   0.569513752426   0.542693573374
4.04   0.569513752426   0.542693573374
4.136   0.569513752426   0.542693573375
4.232   0.569513752426   0.542693573375
4.328   0.569513752426   0.542693573375
4.424   0.569513752426   0.542693573375
4.52   0.569513752426   0.542693573375
4.616   0.569513752426   0.542693573375
4.712   0.569513752426   0.542693573375
4.808   0.569513752426   0.542693573375
4.904   0.569513752426   0.542693573375
5.0   0.569513752426   0.542693573375
5.096   0.569513752426   0.542693573375
5.192   0.569513752426   0.542693573375
5.288   0.569513752426   0.542693573375
5.384   0.569513752426   0.542693573375
5.48   0.569513752426   0.542693573375
5.576   0.569513752426   0.542693573375
5.672   0.569513752426   0.542693573375
5.768   0.569513752426   0.542693573375
5.864   0.569513752426   0.542693573375
5.96   0.569513752426   0.542693573375
6.056   0.569513752426   0.542693573375
6.152   0.569513752426   0.542693573375
6.248   0.569513752426   0.542693573375
6.344   0.569513752426   0.542693573375
6.44   0.569513752426   0.542693573375
6.536   0.569513752426   0.542693573375
6.632   0.569513752426   0.542693573375
6.728   0.569513752426   0.542693573375
6.824   0.569513752426   0.542693573375
6.92   0.569513752426   0.542693573375
7.016   0.569513752426   0.542693573375
7.112   0.569513752426   0.542693573375
7.208   0.569513752426   0.542693573375
7.304   0.569513752426   0.542693573375
7.4   0.569513752426   0.542693573375
7.496   0.569513752426   0.542693573375
7.592   0.569513752426   0.542693573375
7.688   0.569513752426   0.542693573375
7.784   0.569513752426   0.542693573375
7.88   0.569513752426   0.542693573375
7.976   0.569513752426   0.542693573375
8.072   0.569513752426   0.542693573375
8.168   0.569513752426   0.542693573375
8.264   0.569513752426   0.542693573375
8.36   0.569513752426   0.542693573375
8.456   0.569513752426   0.542693573375
8.552   0.569513752426   0.542693573375
8.648   0.569513752426   0.542693573375
8.744   0.569513752426   0.542693573375
8.84   0.569513752426   0.542693573375
8.936   0.569513752426   0.542693573375
9.032   0.569513752426   0.542693573375
9.128   0.569513752426   0.542693573375
9.224   0.569513752426   0.542693573375
9.32   0.569513752426   0.542693573375
9.416   0.569513752426   0.542693573375
9.512   0.569513752426   0.542693573375
9.608   0.569513752426   0.542693573375
9.704   0.569513752426   0.542693573375
