0.2   0.562844463737   0.415311893266
0.296   0.558549620804   0.454355434745
0.392   0.554862144793   0.480968249302
0.488   0.551767171018   0.499276417205
0.584   0.549236173153   0.511665551823
0.68   0.547230457385   0.519828815526
0.776   0.545702460994   0.525076471131
0.872   0.544594802262   0.5283820619
0.968   0.543838297777   0.530422362632
1.064   0.54335373007   0.531652684931
1.16   0.543061631388   0.532376989223
1.256   0.542894271048   0.532794549954
1.352   0.542801168542   0.533032067685
1.448   0.542750751661   0.53316575158
1.544   0.542723806149   0.533240638297
1.64   0.54270951357   0.533282481088
1.736   0.542701964648   0.533305830181
1.832   0.542697986928   0.533318851235
1.928   0.54269589368   0.533326110599
2.024   0.5426947929   0.533330157287
2.12   0.542694214255   0.533332412993
2.216   0.542693910142   0.533333670358
2.312   0.542693750331   0.533334371233
2.408   0.542693666355   0.533334761915
2.504   0.54269362223   0.53333497969
2.6   0.542693599045   0.533335101083
2.696   0.542693586863   0.53333516875
2.792   0.542693580462   0.53333520647
2.888   0.542693577098   0.533335227496
2.984   0.542693575331   0.533335239217
3.08   0.542693574403   0.53333524575
3.176   0.542693573915   0.533335249392
3.272   0.542693573658   0.533335251422
3.368   0.542693573524   0.533335252554
3.464   0.542693573453   0.533335253185
3.56   0.542693573416   0.533335253537
3.656   0.542693573396   0.533335253733
3.752   0.542693573386   0.533335253842
3.848   0.542693573381   0.533335253903
3.944   0.542693573378   0.533335253937
4.04   0.542693573376   0.533335253956
4.136   0.542693573376   0.533335253966
4.232   0.542693573375   0.533335253972
4.328   0.542693573375   0.533335253975
4.424   0.542693573375   0.533335253977
4.52   0.542693573375   0.533335253978
4.616   0.542693573375   0.533335253979
4.712   0.542693573375   0.533335253979
4.808   0.542693573375   0.533335253979
4.904   0.542693573375   0.533335253979
5.0   0.542693573375   0.533335253979
5.096   0.542693573375   0.533335253979
5.192   0.542693573375   0.533335253979
5.288   0.542693573375   0.533335253979
5.384   0.542693573375   0.533335253979
5.48   0.542693573375   0.533335253979
5.576   0.542693573375   0.533335253979
5.672   0.542693573375   0.533335253979
5.768   0.542693573375   0.533335253979
5.864   0.542693573375   0.533335253979
5.96   0.542693573375   0.533335253979
6.056   0.542693573375   0.533335253979
6.152   0.542693573375   0.533335253979
6.248   0.542693573375   0.533335253979
6.344   0.542693573375   0.533335253979
6.44   0.542693573375   0.533335253979
6.536   0.542693573375   0.533335253979
6.632   0.542693573375   0.533335253979
6.728   0.542693573375   0.533335253979
6.824   0.542693573375   0.533335253979
6.92   0.542693573375   0.533335253979
7.016   0.542693573375   0.533335253979
7.112   0.542693573375   0.533335253979
7.208   0.542693573375   0.533335253979
7.304   0.542693573375   0.533335253979
7.4   0.542693573375   0.533335253979
7.496   0.542693573375   0.533335253979
7.592   0.542693573375   0.533335253979
7.688   0.542693573375   0.533335253979
7.784   0.542693573375   0.533335253979
7.88   0.542693573375   0.533335253979
7.976   0.542693573375   0.533335253979
8.072   0.542693573375   0.533335253979
8.168   0.542693573375   0.533335253979
8.264   0.542693573375   0.533335253979
8.36   0.542693573375   0.533335253979
8.456   0.542693573375   0.533335253979
8.552   0.542693573375   0.533335253979
8.648   0.542693573375   0.533335253979
8.744   0.542693573375   0.533335253979
8.84   0.542693573375   0.533335253979
8.936   0.542693573375   0.533335253979
9.032   0.542693573375   0.533335253979
9.128   0.542693573375   0.533335253979
9.224   0.542693573375   0.533335253979
9.32   0.542693573375   0.533335253979
9.416   0.542693573375   0.533335253979
9.512   0.542693573375   0.533335253979
9.608   0.542693573375   0.533335253979
9.704   0.542693573375   0.533335253979
