0.2   0.567717935773   0.467253932225
0.296   0.565979140956   0.499885932901
0.392   0.564911256389   0.519871374956
0.488   0.564360242517   0.531175336558
0.584   0.564119103846   0.536993405436
0.68   0.564025455182   0.539852198498
0.776   0.563991084622   0.541256151358
0.872   0.563978929653   0.541956872843
0.968   0.563974679743   0.542312497113
1.064   0.563973200634   0.542495245202
1.16   0.563972686791   0.542589959138
1.256   0.563972508406   0.54263931457
1.352   0.563972446495   0.542665120225
1.448   0.563972425011   0.542678640244
1.544   0.563972417555   0.542685732182
1.64   0.563972414968   0.54268945491
1.736   0.56397241407   0.542691409865
1.832   0.563972413758   0.542692436737
1.928   0.56397241365   0.542692976191
2.024   0.563972413613   0.542693259608
2.12   0.5639724136   0.542693408516
2.216   0.563972413595   0.542693486754
2.312   0.563972413594   0.542693527862
2.408   0.563972413593   0.542693549461
2.504   0.563972413593   0.54269356081
2.6   0.563972413593   0.542693566773
2.696   0.563972413593   0.542693569906
2.792   0.563972413593   0.542693571552
2.888   0.563972413593   0.542693572417
2.984   0.563972413593   0.542693572871
3.08   0.563972413593   0.54269357311
3.176   0.563972413593   0.542693573236
3.272   0.563972413593   0.542693573302
3.368   0.563972413593   0.542693573336
3.464   0.563972413593   0.542693573355
3.56   0.563972413593   0.542693573364
3.656   0.563972413593   0.542693573369
3.752   0.563972413593   0.542693573372
3.848   0.563972413593   0.542693573373
3.944   0.563972413593   0.542693573374
4.04   0.563972413593   0.542693573374
4.136   0.563972413593   0.542693573374
4.232   0.563972413593   0.542693573375
4.328   0.563972413593   0.542693573375
4.424   0.563972413593   0.542693573375
4.52   0.563972413593   0.542693573375
4.616   0.563972413593   0.542693573375
4.712   0.563972413593   0.542693573375
4.808   0.563972413593   0.542693573375
4.904   0.563972413593   0.542693573375
5.0   0.563972413593   0.542693573375
5.096   0.563972413593   0.542693573375
5.192   0.563972413593   0.542693573375
5.288   0.563972413593   0.542693573375
5.384   0.563972413593   0.542693573375
5.48   0.563972413593   0.542693573375
5.576   0.563972413593   0.542693573375
5.672   0.563972413593   0.542693573375
5.768   0.563972413593   0.542693573375
5.864   0.563972413593   0.542693573375
5.96   0.563972413593   0.542693573375
6.056   0.563972413593   0.542693573375
6.152   0.563972413593   0.542693573375
6.248   0.563972413593   0.542693573375
6.344   0.563972413593   0.542693573375
6.44   0.563972413593   0.542693573375
6.536   0.563972413593   0.542693573375
6.632   0.563972413593   0.542693573375
6.728   0.563972413593   0.542693573375
6.824   0.563972413593   0.542693573375
6.92   0.563972413593   0.542693573375
7.016   0.563972413593   0.542693573375
7.112   0.563972413593   0.542693573375
7.208   0.563972413593   0.542693573375
7.304   0.563972413593   0.542693573375
7.4   0.563972413593   0.542693573375
7.496   0.563972413593   0.542693573375
7.592   0.563972413593   0.542693573375
7.688   0.563972413593   0.542693573375
7.784   0.563972413593   0.542693573375
7.88   0.563972413593   0.542693573375
7.976   0.563972413593   0.542693573375
8.072   0.563972413593   0.542693573375
8.168   0.563972413593   0.542693573375
8.264   0.563972413593   0.542693573375
8.36   0.563972413593   0.542693573375
8.456   0.563972413593   0.542693573375
8.552   0.563972413593   0.542693573375
8.648   0.563972413593   0.542693573375
8.744   0.563972413593   0.542693573375
8.84   0.563972413593   0.542693573375
8.936   0.563972413593   0.542693573375
9.032   0.563972413593   0.542693573375
9.128   0.563972413593   0.542693573375
9.224   0.563972413593   0.542693573375
9.32   0.563972413593   0.542693573375
9.416   0.563972413593   0.542693573375
9.512   0.563972413593   0.542693573375
9.608   0.563972413593   0.542693573375
9.704   0.563972413593   0.542693573375
