0.2   0.562088987122   0.394968373635
0.296   0.557515740076   0.437268438115
0.392   0.553637264071   0.465928313769
0.488   0.550456247944   0.485651937912
0.584   0.547953683804   0.499058895932
0.68   0.54608442578   0.507925556692
0.776   0.544771851216   0.513605585675
0.872   0.543910076522   0.517137559362
0.968   0.543379544685   0.519280355002
1.064   0.543070077676   0.520556946869
1.16   0.542896689689   0.521308607857
1.256   0.542801868378   0.52174827409
1.352   0.542750947083   0.52200471007
1.448   0.542723858705   0.522154075423
1.544   0.542709526932   0.522241034805
1.64   0.542701967669   0.52229169034
1.736   0.542697987401   0.522321202154
1.832   0.542695893619   0.522338400297
1.928   0.542694792783   0.522348424794
2.024   0.542694214169   0.522354268862
2.12   0.542693910091   0.522357676232
2.216   0.542693750302   0.522359663053
2.312   0.54269366634   0.522360821623
2.408   0.542693622222   0.522361497242
2.504   0.542693599041   0.522361891237
2.6   0.54269358686   0.522362121004
2.696   0.54269358046   0.522362254999
2.792   0.542693577098   0.522362333142
2.888   0.542693575331   0.522362378714
2.984   0.542693574403   0.522362405291
3.08   0.542693573915   0.52236242079
3.176   0.542693573658   0.522362429829
3.272   0.542693573524   0.5223624351
3.368   0.542693573453   0.522362438174
3.464   0.542693573416   0.522362439967
3.56   0.542693573396   0.522362441013
3.656   0.542693573386   0.522362441623
3.752   0.542693573381   0.522362441978
3.848   0.542693573378   0.522362442186
3.944   0.542693573376   0.522362442306
4.04   0.542693573376   0.522362442377
4.136   0.542693573375   0.522362442418
4.232   0.542693573375   0.522362442442
4.328   0.542693573375   0.522362442456
4.424   0.542693573375   0.522362442464
4.52   0.542693573375   0.522362442469
4.616   0.542693573375   0.522362442472
4.712   0.542693573375   0.522362442473
4.808   0.542693573375   0.522362442474
4.904   0.542693573375   0.522362442475
5.0   0.542693573375   0.522362442475
5.096   0.542693573375   0.522362442475
5.192   0.542693573375   0.522362442476
5.288   0.542693573375   0.522362442476
5.384   0.542693573375   0.522362442476
5.48   0.542693573375   0.522362442476
5.576   0.542693573375   0.522362442476
5.672   0.542693573375   0.522362442476
5.768   0.542693573375   0.522362442476
5.864   0.542693573375   0.522362442476
5.96   0.542693573375   0.522362442476
6.056   0.542693573375   0.522362442476
6.152   0.542693573375   0.522362442476
6.248   0.542693573375   0.522362442476
6.344   0.542693573375   0.522362442476
6.44   0.542693573375   0.522362442476
6.536   0.542693573375   0.522362442476
6.632   0.542693573375   0.522362442476
6.728   0.542693573375   0.522362442476
6.824   0.542693573375   0.522362442476
6.92   0.542693573375   0.522362442476
7.016   0.542693573375   0.522362442476
7.112   0.542693573375   0.522362442476
7.208   0.542693573375   0.522362442476
7.304   0.542693573375   0.522362442476
7.4   0.542693573375   0.522362442476
7.496   0.542693573375   0.522362442476
7.592   0.542693573375   0.522362442476
7.688   0.542693573375   0.522362442476
7.784   0.542693573375   0.522362442476
7.88   0.542693573375   0.522362442476
7.976   0.542693573375   0.522362442476
8.072   0.542693573375   0.522362442476
8.168   0.542693573375   0.522362442476
8.264   0.542693573375   0.522362442476
8.36   0.542693573375   0.522362442476
8.456   0.542693573375   0.522362442476
8.552   0.542693573375   0.522362442476
8.648   0.542693573375   0.522362442476
8.744   0.542693573375   0.522362442476
8.84   0.542693573375   0.522362442476
8.936   0.542693573375   0.522362442476
9.032   0.542693573375   0.522362442476
9.128   0.542693573375   0.522362442476
9.224   0.542693573375   0.522362442476
9.32   0.542693573375   0.522362442476
9.416   0.542693573375   0.522362442476
9.512   0.542693573375   0.522362442476
9.608   0.542693573375   0.522362442476
9.704   0.542693573375   0.522362442476
