0.2   0.568371293721   0.465688026226
0.296   0.566991516955   0.500439354479
0.392   0.566247758566   0.520937234081
0.488   0.565922762154   0.532022605075
0.584   0.565802958693   0.537498037288
0.68   0.565762361568   0.540121829707
0.776   0.565749378694   0.541395767941
0.872   0.565745288994   0.542028927669
0.968   0.565744008059   0.542349791436
1.064   0.565743607692   0.542514635863
1.16   0.565743482647   0.542600077702
1.256   0.565743443602   0.542644608193
1.352   0.565743431411   0.542667894285
1.448   0.565743427605   0.542680095499
1.544   0.565743426417   0.542686496097
1.64   0.565743426046   0.542689856072
1.736   0.56574342593   0.542691620581
1.832   0.565743425894   0.542692547433
1.928   0.565743425883   0.542693034348
2.024   0.565743425879   0.542693290164
2.12   0.565743425878   0.54269342457
2.216   0.565743425878   0.542693495189
2.312   0.565743425878   0.542693532294
2.408   0.565743425878   0.54269355179
2.504   0.565743425878   0.542693562033
2.6   0.565743425878   0.542693567416
2.696   0.565743425878   0.542693570244
2.792   0.565743425878   0.542693571729
2.888   0.565743425878   0.54269357251
2.984   0.565743425878   0.54269357292
3.08   0.565743425878   0.542693573136
3.176   0.565743425878   0.542693573249
3.272   0.565743425878   0.542693573309
3.368   0.565743425878   0.54269357334
3.464   0.565743425878   0.542693573356
3.56   0.565743425878   0.542693573365
3.656   0.565743425878   0.54269357337
3.752   0.565743425878   0.542693573372
3.848   0.565743425878   0.542693573373
3.944   0.565743425878   0.542693573374
4.04   0.565743425878   0.542693573374
4.136   0.565743425878   0.542693573374
4.232   0.565743425878   0.542693573375
4.328   0.565743425878   0.542693573375
4.424   0.565743425878   0.542693573375
4.52   0.565743425878   0.542693573375
4.616   0.565743425878   0.542693573375
4.712   0.565743425878   0.542693573375
4.808   0.565743425878   0.542693573375
4.904   0.565743425878   0.542693573375
5.0   0.565743425878   0.542693573375
5.096   0.565743425878   0.542693573375
5.192   0.565743425878   0.542693573375
5.288   0.565743425878   0.542693573375
5.384   0.565743425878   0.542693573375
5.48   0.565743425878   0.542693573375
5.576   0.565743425878   0.542693573375
5.672   0.565743425878   0.542693573375
5.768   0.565743425878   0.542693573375
5.864   0.565743425878   0.542693573375
5.96   0.565743425878   0.542693573375
6.056   0.565743425878   0.542693573375
6.152   0.565743425878   0.542693573375
6.248   0.565743425878   0.542693573375
6.344   0.565743425878   0.542693573375
6.44   0.565743425878   0.542693573375
6.536   0.565743425878   0.542693573375
6.632   0.565743425878   0.542693573375
6.728   0.565743425878   0.542693573375
6.824   0.565743425878   0.542693573375
6.92   0.565743425878   0.542693573375
7.016   0.565743425878   0.542693573375
7.112   0.565743425878   0.542693573375
7.208   0.565743425878   0.542693573375
7.304   0.565743425878   0.542693573375
7.4   0.565743425878   0.542693573375
7.496   0.565743425878   0.542693573375
7.592   0.565743425878   0.542693573375
7.688   0.565743425878   0.542693573375
7.784   0.565743425878   0.542693573375
7.88   0.565743425878   0.542693573375
7.976   0.565743425878   0.542693573375
8.072   0.565743425878   0.542693573375
8.168   0.565743425878   0.542693573375
8.264   0.565743425878   0.542693573375
8.36   0.565743425878   0.542693573375
8.456   0.565743425878   0.542693573375
8.552   0.565743425878   0.542693573375
8.648   0.565743425878   0.542693573375
8.744   0.565743425878   0.542693573375
8.84   0.565743425878   0.542693573375
8.936   0.565743425878   0.542693573375
9.032   0.565743425878   0.542693573375
9.128   0.565743425878   0.542693573375
9.224   0.565743425878   0.542693573375
9.32   0.565743425878   0.542693573375
9.416   0.565743425878   0.542693573375
9.512   0.565743425878   0.542693573375
9.608   0.565743425878   0.542693573375
9.704   0.565743425878   0.542693573375
