0.2   0.564298928276   0.423801668552
0.296   0.560613411812   0.466128147915
0.392   0.557456109761   0.493859184075
0.488   0.554805023125   0.512149229066
0.584   0.552625102429   0.523901788756
0.68   0.550872849702   0.531226300214
0.776   0.54950027286   0.535726676374
0.872   0.548458371707   0.538495256019
0.968   0.547698743811   0.540203984585
1.064   0.547173109853   0.541251483409
1.16   0.546831402612   0.541880494413
1.256   0.546623785193   0.542246282357
1.352   0.546505663686   0.542452040572
1.448   0.546440427428   0.542564741675
1.544   0.546405918406   0.542625317787
1.64   0.546387985242   0.542657551448
1.736   0.546378757154   0.542674603207
1.832   0.546374033804   0.54268359436
1.928   0.546371623037   0.54268832707
2.024   0.546370394437   0.542690816019
2.12   0.546369768796   0.542692124373
2.216   0.546369450329   0.542692811973
2.312   0.546369288257   0.542693173298
2.408   0.546369205785   0.542693363159
2.504   0.546369163821   0.54269346292
2.6   0.546369142469   0.542693515338
2.696   0.546369131605   0.542693542881
2.792   0.546369126077   0.542693557352
2.888   0.546369123265   0.542693564956
2.984   0.546369121834   0.542693568951
3.08   0.546369121106   0.54269357105
3.176   0.546369120736   0.542693572153
3.272   0.546369120547   0.542693572733
3.368   0.546369120451   0.542693573038
3.464   0.546369120402   0.542693573198
3.56   0.546369120378   0.542693573282
3.656   0.546369120365   0.542693573326
3.752   0.546369120358   0.542693573349
3.848   0.546369120355   0.542693573361
3.944   0.546369120354   0.542693573368
4.04   0.546369120353   0.542693573371
4.136   0.546369120352   0.542693573373
4.232   0.546369120352   0.542693573374
4.328   0.546369120352   0.542693573374
4.424   0.546369120352   0.542693573374
4.52   0.546369120352   0.542693573375
4.616   0.546369120352   0.542693573375
4.712   0.546369120352   0.542693573375
4.808   0.546369120352   0.542693573375
4.904   0.546369120352   0.542693573375
5.0   0.546369120352   0.542693573375
5.096   0.546369120352   0.542693573375
5.192   0.546369120352   0.542693573375
5.288   0.546369120352   0.542693573375
5.384   0.546369120352   0.542693573375
5.48   0.546369120352   0.542693573375
5.576   0.546369120352   0.542693573375
5.672   0.546369120352   0.542693573375
5.768   0.546369120352   0.542693573375
5.864   0.546369120352   0.542693573375
5.96   0.546369120352   0.542693573375
6.056   0.546369120352   0.542693573375
6.152   0.546369120352   0.542693573375
6.248   0.546369120352   0.542693573375
6.344   0.546369120352   0.542693573375
6.44   0.546369120352   0.542693573375
6.536   0.546369120352   0.542693573375
6.632   0.546369120352   0.542693573375
6.728   0.546369120352   0.542693573375
6.824   0.546369120352   0.542693573375
6.92   0.546369120352   0.542693573375
7.016   0.546369120352   0.542693573375
7.112   0.546369120352   0.542693573375
7.208   0.546369120352   0.542693573375
7.304   0.546369120352   0.542693573375
7.4   0.546369120352   0.542693573375
7.496   0.546369120352   0.542693573375
7.592   0.546369120352   0.542693573375
7.688   0.546369120352   0.542693573375
7.784   0.546369120352   0.542693573375
7.88   0.546369120352   0.542693573375
7.976   0.546369120352   0.542693573375
8.072   0.546369120352   0.542693573375
8.168   0.546369120352   0.542693573375
8.264   0.546369120352   0.542693573375
8.36   0.546369120352   0.542693573375
8.456   0.546369120352   0.542693573375
8.552   0.546369120352   0.542693573375
8.648   0.546369120352   0.542693573375
8.744   0.546369120352   0.542693573375
8.84   0.546369120352   0.542693573375
8.936   0.546369120352   0.542693573375
9.032   0.546369120352   0.542693573375
9.128   0.546369120352   0.542693573375
9.224   0.546369120352   0.542693573375
9.32   0.546369120352   0.542693573375
9.416   0.546369120352   0.542693573375
9.512   0.546369120352   0.542693573375
9.608   0.546369120352   0.542693573375
9.704   0.546369120352   0.542693573375
