0.2   0.561319156203   0.37039755137
0.296   0.556513875368   0.41602918474
0.392   0.552526282352   0.446692800565
0.488   0.54936453547   0.467733487273
0.584   0.546993918119   0.482051297427
0.68   0.545328083154   0.491560454533
0.776   0.544235228923   0.497693849834
0.872   0.543563004463   0.501548220645
0.968   0.543170971836   0.503925201838
1.064   0.542951211452   0.505374383455
1.16   0.542831004518   0.506252697842
1.256   0.542766409722   0.506783972583
1.352   0.542732030466   0.507105074621
1.448   0.542713834914   0.507299230424
1.544   0.542704235492   0.507416704082
1.64   0.542699180254   0.507487827016
1.736   0.542696520755   0.507530910868
1.832   0.542695122409   0.507557020637
1.928   0.542694387397   0.507572848701
2.024   0.542694001119   0.507582446028
2.12   0.542693798134   0.507588266274
2.216   0.542693691473   0.507591796312
2.312   0.542693635428   0.507593937474
2.408   0.542693605979   0.507595236271
2.504   0.542693590506   0.507596024127
2.6   0.542693582376   0.507596502054
2.696   0.542693578104   0.507596791978
2.792   0.54269357586   0.507596967855
2.888   0.54269357468   0.507597074548
2.984   0.542693574061   0.507597139272
3.08   0.542693573735   0.507597178537
3.176   0.542693573564   0.507597202356
3.272   0.542693573474   0.507597216806
3.368   0.542693573427   0.507597225572
3.464   0.542693573402   0.507597230889
3.56   0.542693573389   0.507597234115
3.656   0.542693573382   0.507597236072
3.752   0.542693573379   0.50759723726
3.848   0.542693573377   0.50759723798
3.944   0.542693573376   0.507597238417
4.04   0.542693573375   0.507597238682
4.136   0.542693573375   0.507597238842
4.232   0.542693573375   0.50759723894
4.328   0.542693573375   0.507597238999
4.424   0.542693573375   0.507597239035
4.52   0.542693573375   0.507597239057
4.616   0.542693573375   0.50759723907
4.712   0.542693573375   0.507597239078
4.808   0.542693573375   0.507597239083
4.904   0.542693573375   0.507597239086
5.0   0.542693573375   0.507597239088
5.096   0.542693573375   0.507597239089
5.192   0.542693573375   0.507597239089
5.288   0.542693573375   0.50759723909
5.384   0.542693573375   0.50759723909
5.48   0.542693573375   0.50759723909
5.576   0.542693573375   0.50759723909
5.672   0.542693573375   0.50759723909
5.768   0.542693573375   0.50759723909
5.864   0.542693573375   0.50759723909
5.96   0.542693573375   0.50759723909
6.056   0.542693573375   0.50759723909
6.152   0.542693573375   0.50759723909
6.248   0.542693573375   0.50759723909
6.344   0.542693573375   0.50759723909
6.44   0.542693573375   0.50759723909
6.536   0.542693573375   0.50759723909
6.632   0.542693573375   0.50759723909
6.728   0.542693573375   0.50759723909
6.824   0.542693573375   0.50759723909
6.92   0.542693573375   0.50759723909
7.016   0.542693573375   0.50759723909
7.112   0.542693573375   0.50759723909
7.208   0.542693573375   0.50759723909
7.304   0.542693573375   0.50759723909
7.4   0.542693573375   0.50759723909
7.496   0.542693573375   0.50759723909
7.592   0.542693573375   0.50759723909
7.688   0.542693573375   0.50759723909
7.784   0.542693573375   0.50759723909
7.88   0.542693573375   0.50759723909
7.976   0.542693573375   0.50759723909
8.072   0.542693573375   0.50759723909
8.168   0.542693573375   0.50759723909
8.264   0.542693573375   0.50759723909
8.36   0.542693573375   0.50759723909
8.456   0.542693573375   0.50759723909
8.552   0.542693573375   0.50759723909
8.648   0.542693573375   0.50759723909
8.744   0.542693573375   0.50759723909
8.84   0.542693573375   0.50759723909
8.936   0.542693573375   0.50759723909
9.032   0.542693573375   0.50759723909
9.128   0.542693573375   0.50759723909
9.224   0.542693573375   0.50759723909
9.32   0.542693573375   0.50759723909
9.416   0.542693573375   0.50759723909
9.512   0.542693573375   0.50759723909
9.608   0.542693573375   0.50759723909
9.704   0.542693573375   0.50759723909
