0.2   0.562660158925   0.399469452867
0.296   0.558275378296   0.443504756953
0.392   0.554511819315   0.472936213202
0.488   0.551364773289   0.492975048313
0.584   0.548814382813   0.506464106839
0.68   0.54682667919   0.515316371346
0.776   0.545351622844   0.520969747504
0.872   0.544320080725   0.524491971952
0.968   0.54364431809   0.526635669638
1.064   0.543229045572   0.527911873183
1.16   0.542987553796   0.528657491696
1.256   0.54285186588   0.529087220589
1.352   0.542777915072   0.52933299646
1.448   0.542738237401   0.529472822718
1.544   0.542717143184   0.529552210947
1.64   0.542705987215   0.529597243587
1.736   0.542700104491   0.529622779369
1.832   0.542697007461   0.529637258245
1.928   0.542695378446   0.529645467996
2.024   0.542694522013   0.5296501233
2.12   0.542694071875   0.529652763211
2.216   0.542693835318   0.529654260308
2.312   0.542693711012   0.529655109341
2.408   0.542693645695   0.529655590855
2.504   0.542693611374   0.529655863941
2.6   0.542693593341   0.529656018822
2.696   0.542693583866   0.529656106662
2.792   0.542693578887   0.529656156481
2.888   0.542693576271   0.529656184736
2.984   0.542693574896   0.529656200761
3.08   0.542693574174   0.52965620985
3.176   0.542693573795   0.529656215005
3.272   0.542693573595   0.529656217928
3.368   0.542693573491   0.529656219586
3.464   0.542693573436   0.529656220527
3.56   0.542693573407   0.52965622106
3.656   0.542693573391   0.529656221363
3.752   0.542693573383   0.529656221534
3.848   0.542693573379   0.529656221631
3.944   0.542693573377   0.529656221687
4.04   0.542693573376   0.529656221718
4.136   0.542693573375   0.529656221736
4.232   0.542693573375   0.529656221746
4.328   0.542693573375   0.529656221751
4.424   0.542693573375   0.529656221755
4.52   0.542693573375   0.529656221756
4.616   0.542693573375   0.529656221758
4.712   0.542693573375   0.529656221758
4.808   0.542693573375   0.529656221758
4.904   0.542693573375   0.529656221759
5.0   0.542693573375   0.529656221759
5.096   0.542693573375   0.529656221759
5.192   0.542693573375   0.529656221759
5.288   0.542693573375   0.529656221759
5.384   0.542693573375   0.529656221759
5.48   0.542693573375   0.529656221759
5.576   0.542693573375   0.529656221759
5.672   0.542693573375   0.529656221759
5.768   0.542693573375   0.529656221759
5.864   0.542693573375   0.529656221759
5.96   0.542693573375   0.529656221759
6.056   0.542693573375   0.529656221759
6.152   0.542693573375   0.529656221759
6.248   0.542693573375   0.529656221759
6.344   0.542693573375   0.529656221759
6.44   0.542693573375   0.529656221759
6.536   0.542693573375   0.529656221759
6.632   0.542693573375   0.529656221759
6.728   0.542693573375   0.529656221759
6.824   0.542693573375   0.529656221759
6.92   0.542693573375   0.529656221759
7.016   0.542693573375   0.529656221759
7.112   0.542693573375   0.529656221759
7.208   0.542693573375   0.529656221759
7.304   0.542693573375   0.529656221759
7.4   0.542693573375   0.529656221759
7.496   0.542693573375   0.529656221759
7.592   0.542693573375   0.529656221759
7.688   0.542693573375   0.529656221759
7.784   0.542693573375   0.529656221759
7.88   0.542693573375   0.529656221759
7.976   0.542693573375   0.529656221759
8.072   0.542693573375   0.529656221759
8.168   0.542693573375   0.529656221759
8.264   0.542693573375   0.529656221759
8.36   0.542693573375   0.529656221759
8.456   0.542693573375   0.529656221759
8.552   0.542693573375   0.529656221759
8.648   0.542693573375   0.529656221759
8.744   0.542693573375   0.529656221759
8.84   0.542693573375   0.529656221759
8.936   0.542693573375   0.529656221759
9.032   0.542693573375   0.529656221759
9.128   0.542693573375   0.529656221759
9.224   0.542693573375   0.529656221759
9.32   0.542693573375   0.529656221759
9.416   0.542693573375   0.529656221759
9.512   0.542693573375   0.529656221759
9.608   0.542693573375   0.529656221759
9.704   0.542693573375   0.529656221759
