0.2   0.563482887528   0.418658997122
0.296   0.559436434051   0.459480369121
0.392   0.555945999328   0.486824740538
0.488   0.552989649709   0.505329441775
0.584   0.550531297659   0.517630665525
0.68   0.548525378486   0.525609000254
0.776   0.546921028739   0.530710793567
0.872   0.545666196697   0.533971794236
0.968   0.54471058974   0.536067859356
1.064   0.544007068263   0.537417731282
1.16   0.543511352801   0.538279412337
1.256   0.543180122319   0.538817685915
1.352   0.542971635172   0.539143154752
1.448   0.542848396026   0.539333189898
1.544   0.542777405708   0.539440882495
1.64   0.542738372463   0.539500577277
1.736   0.54271733279   0.539533245199
1.832   0.542706120824   0.539550982823
1.928   0.542700184272   0.539560569762
2.024   0.542697052056   0.539565738101
2.12   0.542695402621   0.539568520483
2.216   0.542694534921   0.539570017269
2.312   0.542694078714   0.53957082215
2.408   0.542693838927   0.539571254879
2.504   0.542693712913   0.539571487502
2.6   0.542693646695   0.539571612547
2.696   0.5426936119   0.539571679762
2.792   0.542693593617   0.539571715891
2.888   0.542693584011   0.539571735311
2.984   0.542693578963   0.53957174575
3.08   0.542693576311   0.53957175136
3.176   0.542693574918   0.539571754376
3.272   0.542693574185   0.539571755997
3.368   0.542693573801   0.539571756869
3.464   0.542693573598   0.539571757337
3.56   0.542693573492   0.539571757589
3.656   0.542693573436   0.539571757724
3.752   0.542693573407   0.539571757797
3.848   0.542693573392   0.539571757836
3.944   0.542693573384   0.539571757857
4.04   0.542693573379   0.539571757868
4.136   0.542693573377   0.539571757874
4.232   0.542693573376   0.539571757878
4.328   0.542693573375   0.539571757879
4.424   0.542693573375   0.53957175788
4.52   0.542693573375   0.539571757881
4.616   0.542693573375   0.539571757881
4.712   0.542693573375   0.539571757881
4.808   0.542693573375   0.539571757881
4.904   0.542693573375   0.539571757881
5.0   0.542693573375   0.539571757881
5.096   0.542693573375   0.539571757881
5.192   0.542693573375   0.539571757881
5.288   0.542693573375   0.539571757881
5.384   0.542693573375   0.539571757881
5.48   0.542693573375   0.539571757881
5.576   0.542693573375   0.539571757881
5.672   0.542693573375   0.539571757881
5.768   0.542693573375   0.539571757881
5.864   0.542693573375   0.539571757881
5.96   0.542693573375   0.539571757881
6.056   0.542693573375   0.539571757881
6.152   0.542693573375   0.539571757881
6.248   0.542693573375   0.539571757881
6.344   0.542693573375   0.539571757881
6.44   0.542693573375   0.539571757881
6.536   0.542693573375   0.539571757881
6.632   0.542693573375   0.539571757881
6.728   0.542693573375   0.539571757881
6.824   0.542693573375   0.539571757881
6.92   0.542693573375   0.539571757881
7.016   0.542693573375   0.539571757881
7.112   0.542693573375   0.539571757881
7.208   0.542693573375   0.539571757881
7.304   0.542693573375   0.539571757881
7.4   0.542693573375   0.539571757881
7.496   0.542693573375   0.539571757881
7.592   0.542693573375   0.539571757881
7.688   0.542693573375   0.539571757881
7.784   0.542693573375   0.539571757881
7.88   0.542693573375   0.539571757881
7.976   0.542693573375   0.539571757881
8.072   0.542693573375   0.539571757881
8.168   0.542693573375   0.539571757881
8.264   0.542693573375   0.539571757881
8.36   0.542693573375   0.539571757881
8.456   0.542693573375   0.539571757881
8.552   0.542693573375   0.539571757881
8.648   0.542693573375   0.539571757881
8.744   0.542693573375   0.539571757881
8.84   0.542693573375   0.539571757881
8.936   0.542693573375   0.539571757881
9.032   0.542693573375   0.539571757881
9.128   0.542693573375   0.539571757881
9.224   0.542693573375   0.539571757881
9.32   0.542693573375   0.539571757881
9.416   0.542693573375   0.539571757881
9.512   0.542693573375   0.539571757881
9.608   0.542693573375   0.539571757881
9.704   0.542693573375   0.539571757881
