0.2   0.562993494138   0.415596193217
0.296   0.558753076369   0.455268066037
0.392   0.55510557833   0.482178950804
0.488   0.552034442278   0.500617482543
0.584   0.549509509113   0.513046306722
0.68   0.547491127751   0.521210244848
0.776   0.545932652749   0.526454982393
0.872   0.544781032485   0.529769987655
0.968   0.543975237464   0.531831543726
1.064   0.543445309253   0.533086709817
1.16   0.543118085412   0.533832024797
1.256   0.542927188103   0.534263794122
1.352   0.5428194575   0.534509768747
1.448   0.542760669524   0.534647848547
1.544   0.542729109451   0.53472483394
1.64   0.54271232698   0.534767591335
1.736   0.542703450639   0.534791289343
1.832   0.542698769922   0.534804409763
1.928   0.542696305716   0.534811670049
2.024   0.542695009575   0.534815686572
2.12   0.542694328152   0.534817908331
2.216   0.542693970001   0.534819137248
2.312   0.542693781787   0.534819816982
2.408   0.542693682884   0.534820192953
2.504   0.542693630915   0.534820400907
2.6   0.542693603609   0.53482051593
2.696   0.542693589261   0.53482057955
2.792   0.542693581722   0.53482061474
2.888   0.54269357776   0.534820634204
2.984   0.542693575679   0.53482064497
3.08   0.542693574585   0.534820650924
3.176   0.542693574011   0.534820654218
3.272   0.542693573709   0.53482065604
3.368   0.54269357355   0.534820657047
3.464   0.542693573467   0.534820657605
3.56   0.542693573423   0.534820657913
3.656   0.5426935734   0.534820658083
3.752   0.542693573388   0.534820658178
3.848   0.542693573382   0.53482065823
3.944   0.542693573378   0.534820658259
4.04   0.542693573377   0.534820658275
4.136   0.542693573376   0.534820658284
4.232   0.542693573375   0.534820658288
4.328   0.542693573375   0.534820658291
4.424   0.542693573375   0.534820658293
4.52   0.542693573375   0.534820658294
4.616   0.542693573375   0.534820658294
4.712   0.542693573375   0.534820658294
4.808   0.542693573375   0.534820658294
4.904   0.542693573375   0.534820658294
5.0   0.542693573375   0.534820658294
5.096   0.542693573375   0.534820658295
5.192   0.542693573375   0.534820658295
5.288   0.542693573375   0.534820658295
5.384   0.542693573375   0.534820658295
5.48   0.542693573375   0.534820658295
5.576   0.542693573375   0.534820658295
5.672   0.542693573375   0.534820658295
5.768   0.542693573375   0.534820658295
5.864   0.542693573375   0.534820658295
5.96   0.542693573375   0.534820658295
6.056   0.542693573375   0.534820658295
6.152   0.542693573375   0.534820658295
6.248   0.542693573375   0.534820658295
6.344   0.542693573375   0.534820658295
6.44   0.542693573375   0.534820658295
6.536   0.542693573375   0.534820658295
6.632   0.542693573375   0.534820658295
6.728   0.542693573375   0.534820658295
6.824   0.542693573375   0.534820658295
6.92   0.542693573375   0.534820658295
7.016   0.542693573375   0.534820658295
7.112   0.542693573375   0.534820658295
7.208   0.542693573375   0.534820658295
7.304   0.542693573375   0.534820658295
7.4   0.542693573375   0.534820658295
7.496   0.542693573375   0.534820658295
7.592   0.542693573375   0.534820658295
7.688   0.542693573375   0.534820658295
7.784   0.542693573375   0.534820658295
7.88   0.542693573375   0.534820658295
7.976   0.542693573375   0.534820658295
8.072   0.542693573375   0.534820658295
8.168   0.542693573375   0.534820658295
8.264   0.542693573375   0.534820658295
8.36   0.542693573375   0.534820658295
8.456   0.542693573375   0.534820658295
8.552   0.542693573375   0.534820658295
8.648   0.542693573375   0.534820658295
8.744   0.542693573375   0.534820658295
8.84   0.542693573375   0.534820658295
8.936   0.542693573375   0.534820658295
9.032   0.542693573375   0.534820658295
9.128   0.542693573375   0.534820658295
9.224   0.542693573375   0.534820658295
9.32   0.542693573375   0.534820658295
9.416   0.542693573375   0.534820658295
9.512   0.542693573375   0.534820658295
9.608   0.542693573375   0.534820658295
9.704   0.542693573375   0.534820658295
