0.2   0.561298846518   0.366682937916
0.296   0.556485735802   0.413444098313
0.392   0.552493998658   0.44472392701
0.488   0.549332578781   0.466132752595
0.584   0.546966246949   0.48068064331
0.68   0.545306941046   0.490336712151
0.776   0.544220774216   0.49656491688
0.872   0.543553973236   0.500480969513
0.968   0.543165686949   0.502898375294
1.064   0.542948246007   0.504374179031
1.16   0.542829388854   0.505270049885
1.256   0.542765543138   0.50581288637
1.352   0.542731569852   0.506141580985
1.448   0.542713591339   0.50634070493
1.544   0.542704107057   0.506461417331
1.64   0.54269911264   0.506534643882
1.736   0.542696485191   0.506579089294
1.832   0.542695103712   0.506606077434
1.928   0.54269437757   0.506622470414
2.024   0.542693995955   0.506632430029
2.12   0.54269379542   0.506638482002
2.216   0.542693690047   0.506642159899
2.312   0.542693634678   0.506644395193
2.408   0.542693605586   0.506645753793
2.504   0.542693590299   0.506646579572
2.6   0.542693582267   0.506647081503
2.696   0.542693578047   0.506647386597
2.792   0.54269357583   0.506647572045
2.888   0.542693574665   0.50664768477
2.984   0.542693574052   0.50664775329
3.08   0.542693573731   0.506647794939
3.176   0.542693573562   0.506647820256
3.272   0.542693573473   0.506647835645
3.368   0.542693573426   0.506647844999
3.464   0.542693573402   0.506647850685
3.56   0.542693573389   0.506647854142
3.656   0.542693573382   0.506647856243
3.752   0.542693573379   0.50664785752
3.848   0.542693573377   0.506647858296
3.944   0.542693573376   0.506647858768
4.04   0.542693573375   0.506647859055
4.136   0.542693573375   0.506647859229
4.232   0.542693573375   0.506647859335
4.328   0.542693573375   0.506647859399
4.424   0.542693573375   0.506647859438
4.52   0.542693573375   0.506647859462
4.616   0.542693573375   0.506647859477
4.712   0.542693573375   0.506647859486
4.808   0.542693573375   0.506647859491
4.904   0.542693573375   0.506647859494
5.0   0.542693573375   0.506647859496
5.096   0.542693573375   0.506647859497
5.192   0.542693573375   0.506647859498
5.288   0.542693573375   0.506647859498
5.384   0.542693573375   0.506647859499
5.48   0.542693573375   0.506647859499
5.576   0.542693573375   0.506647859499
5.672   0.542693573375   0.506647859499
5.768   0.542693573375   0.506647859499
5.864   0.542693573375   0.506647859499
5.96   0.542693573375   0.506647859499
6.056   0.542693573375   0.506647859499
6.152   0.542693573375   0.506647859499
6.248   0.542693573375   0.506647859499
6.344   0.542693573375   0.506647859499
6.44   0.542693573375   0.506647859499
6.536   0.542693573375   0.506647859499
6.632   0.542693573375   0.506647859499
6.728   0.542693573375   0.506647859499
6.824   0.542693573375   0.506647859499
6.92   0.542693573375   0.506647859499
7.016   0.542693573375   0.506647859499
7.112   0.542693573375   0.506647859499
7.208   0.542693573375   0.506647859499
7.304   0.542693573375   0.506647859499
7.4   0.542693573375   0.506647859499
7.496   0.542693573375   0.506647859499
7.592   0.542693573375   0.506647859499
7.688   0.542693573375   0.506647859499
7.784   0.542693573375   0.506647859499
7.88   0.542693573375   0.506647859499
7.976   0.542693573375   0.506647859499
8.072   0.542693573375   0.506647859499
8.168   0.542693573375   0.506647859499
8.264   0.542693573375   0.506647859499
8.36   0.542693573375   0.506647859499
8.456   0.542693573375   0.506647859499
8.552   0.542693573375   0.506647859499
8.648   0.542693573375   0.506647859499
8.744   0.542693573375   0.506647859499
8.84   0.542693573375   0.506647859499
8.936   0.542693573375   0.506647859499
9.032   0.542693573375   0.506647859499
9.128   0.542693573375   0.506647859499
9.224   0.542693573375   0.506647859499
9.32   0.542693573375   0.506647859499
9.416   0.542693573375   0.506647859499
9.512   0.542693573375   0.506647859499
9.608   0.542693573375   0.506647859499
9.704   0.542693573375   0.506647859499
