0.2   0.564619134664   0.430203395695
0.296   0.561097919182   0.471082186198
0.392   0.558110653756   0.497841796566
0.488   0.555637675073   0.515357985007
0.584   0.553647620779   0.526444165588
0.68   0.552101086479   0.533201856244
0.776   0.550952000093   0.53723044874
0.872   0.550146479653   0.53960389015
0.968   0.549620504963   0.540981403787
1.064   0.549302132078   0.541762995037
1.16   0.549122294633   0.542195166004
1.256   0.549026113574   0.542429089371
1.352   0.548976056876   0.542553964317
1.448   0.548950682694   0.54262005987
1.544   0.548937960538   0.542654910698
1.64   0.548931619138   0.542673251209
1.736   0.548928467963   0.542682894127
1.832   0.548926904578   0.542687962012
1.928   0.548926129578   0.54269062501
2.024   0.548925745558   0.542692024236
2.12   0.548925555313   0.542692759421
2.216   0.548925461076   0.542693145703
2.312   0.548925414398   0.542693348665
2.408   0.548925391279   0.542693455306
2.504   0.548925379827   0.542693511338
2.6   0.548925374156   0.542693540779
2.696   0.548925371347   0.542693556248
2.792   0.548925369955   0.542693564376
2.888   0.548925369266   0.542693568646
2.984   0.548925368925   0.54269357089
3.08   0.548925368756   0.542693572069
3.176   0.548925368672   0.542693572689
3.272   0.548925368631   0.542693573014
3.368   0.54892536861   0.542693573185
3.464   0.5489253686   0.542693573275
3.56   0.548925368595   0.542693573322
3.656   0.548925368592   0.542693573347
3.752   0.548925368591   0.54269357336
3.848   0.54892536859   0.542693573367
3.944   0.54892536859   0.542693573371
4.04   0.54892536859   0.542693573373
4.136   0.54892536859   0.542693573374
4.232   0.54892536859   0.542693573374
4.328   0.54892536859   0.542693573374
4.424   0.54892536859   0.542693573374
4.52   0.54892536859   0.542693573375
4.616   0.54892536859   0.542693573375
4.712   0.54892536859   0.542693573375
4.808   0.54892536859   0.542693573375
4.904   0.54892536859   0.542693573375
5.0   0.54892536859   0.542693573375
5.096   0.54892536859   0.542693573375
5.192   0.54892536859   0.542693573375
5.288   0.54892536859   0.542693573375
5.384   0.54892536859   0.542693573375
5.48   0.54892536859   0.542693573375
5.576   0.54892536859   0.542693573375
5.672   0.54892536859   0.542693573375
5.768   0.54892536859   0.542693573375
5.864   0.54892536859   0.542693573375
5.96   0.54892536859   0.542693573375
6.056   0.54892536859   0.542693573375
6.152   0.54892536859   0.542693573375
6.248   0.54892536859   0.542693573375
6.344   0.54892536859   0.542693573375
6.44   0.54892536859   0.542693573375
6.536   0.54892536859   0.542693573375
6.632   0.54892536859   0.542693573375
6.728   0.54892536859   0.542693573375
6.824   0.54892536859   0.542693573375
6.92   0.54892536859   0.542693573375
7.016   0.54892536859   0.542693573375
7.112   0.54892536859   0.542693573375
7.208   0.54892536859   0.542693573375
7.304   0.54892536859   0.542693573375
7.4   0.54892536859   0.542693573375
7.496   0.54892536859   0.542693573375
7.592   0.54892536859   0.542693573375
7.688   0.54892536859   0.542693573375
7.784   0.54892536859   0.542693573375
7.88   0.54892536859   0.542693573375
7.976   0.54892536859   0.542693573375
8.072   0.54892536859   0.542693573375
8.168   0.54892536859   0.542693573375
8.264   0.54892536859   0.542693573375
8.36   0.54892536859   0.542693573375
8.456   0.54892536859   0.542693573375
8.552   0.54892536859   0.542693573375
8.648   0.54892536859   0.542693573375
8.744   0.54892536859   0.542693573375
8.84   0.54892536859   0.542693573375
8.936   0.54892536859   0.542693573375
9.032   0.54892536859   0.542693573375
9.128   0.54892536859   0.542693573375
9.224   0.54892536859   0.542693573375
9.32   0.54892536859   0.542693573375
9.416   0.54892536859   0.542693573375
9.512   0.54892536859   0.542693573375
9.608   0.54892536859   0.542693573375
9.704   0.54892536859   0.542693573375
