0.2   0.567405607534   0.452850988782
0.296   0.565446431344   0.491978156783
0.392   0.564150231667   0.515575687139
0.488   0.5634129773   0.528974658521
0.584   0.563055404943   0.535915989351
0.68   0.562903184145   0.539327701809
0.776   0.562842787411   0.540996886619
0.872   0.562819997102   0.541826312675
0.968   0.562811542258   0.542245797593
1.064   0.562808428656   0.542460809558
1.16   0.562807285553   0.542572058668
1.256   0.562806866409   0.542629969455
1.352   0.562806712798   0.542660228675
1.448   0.562806656512   0.54267607579
1.544   0.56280663589   0.542684386476
1.64   0.562806628335   0.542688748358
1.736   0.562806625567   0.542691038779
1.832   0.562806624552   0.542692241803
1.928   0.562806624181   0.542692873781
2.024   0.562806624045   0.542693205803
2.12   0.562806623995   0.542693380246
2.216   0.562806623977   0.5426934719
2.312   0.56280662397   0.542693520057
2.408   0.562806623967   0.54269354536
2.504   0.562806623967   0.542693558655
2.6   0.562806623966   0.542693565641
2.696   0.562806623966   0.542693569311
2.792   0.562806623966   0.542693571239
2.888   0.562806623966   0.542693572253
2.984   0.562806623966   0.542693572785
3.08   0.562806623966   0.542693573065
3.176   0.562806623966   0.542693573212
3.272   0.562806623966   0.542693573289
3.368   0.562806623966   0.54269357333
3.464   0.562806623966   0.542693573351
3.56   0.562806623966   0.542693573362
3.656   0.562806623966   0.542693573368
3.752   0.562806623966   0.542693573371
3.848   0.562806623966   0.542693573373
3.944   0.562806623966   0.542693573374
4.04   0.562806623966   0.542693573374
4.136   0.562806623966   0.542693573374
4.232   0.562806623966   0.542693573375
4.328   0.562806623966   0.542693573375
4.424   0.562806623966   0.542693573375
4.52   0.562806623966   0.542693573375
4.616   0.562806623966   0.542693573375
4.712   0.562806623966   0.542693573375
4.808   0.562806623966   0.542693573375
4.904   0.562806623966   0.542693573375
5.0   0.562806623966   0.542693573375
5.096   0.562806623966   0.542693573375
5.192   0.562806623966   0.542693573375
5.288   0.562806623966   0.542693573375
5.384   0.562806623966   0.542693573375
5.48   0.562806623966   0.542693573375
5.576   0.562806623966   0.542693573375
5.672   0.562806623966   0.542693573375
5.768   0.562806623966   0.542693573375
5.864   0.562806623966   0.542693573375
5.96   0.562806623966   0.542693573375
6.056   0.562806623966   0.542693573375
6.152   0.562806623966   0.542693573375
6.248   0.562806623966   0.542693573375
6.344   0.562806623966   0.542693573375
6.44   0.562806623966   0.542693573375
6.536   0.562806623966   0.542693573375
6.632   0.562806623966   0.542693573375
6.728   0.562806623966   0.542693573375
6.824   0.562806623966   0.542693573375
6.92   0.562806623966   0.542693573375
7.016   0.562806623966   0.542693573375
7.112   0.562806623966   0.542693573375
7.208   0.562806623966   0.542693573375
7.304   0.562806623966   0.542693573375
7.4   0.562806623966   0.542693573375
7.496   0.562806623966   0.542693573375
7.592   0.562806623966   0.542693573375
7.688   0.562806623966   0.542693573375
7.784   0.562806623966   0.542693573375
7.88   0.562806623966   0.542693573375
7.976   0.562806623966   0.542693573375
8.072   0.562806623966   0.542693573375
8.168   0.562806623966   0.542693573375
8.264   0.562806623966   0.542693573375
8.36   0.562806623966   0.542693573375
8.456   0.562806623966   0.542693573375
8.552   0.562806623966   0.542693573375
8.648   0.562806623966   0.542693573375
8.744   0.562806623966   0.542693573375
8.84   0.562806623966   0.542693573375
8.936   0.562806623966   0.542693573375
9.032   0.562806623966   0.542693573375
9.128   0.562806623966   0.542693573375
9.224   0.562806623966   0.542693573375
9.32   0.562806623966   0.542693573375
9.416   0.562806623966   0.542693573375
9.512   0.562806623966   0.542693573375
9.608   0.562806623966   0.542693573375
9.704   0.562806623966   0.542693573375
