0.2   0.562064147281   0.396238130605
0.296   0.557485121637   0.43793186363
0.392   0.553604649962   0.466261863224
0.488   0.550424938268   0.485793087133
0.584   0.547926294938   0.499085231023
0.68   0.546062604892   0.507883489859
0.776   0.544756045252   0.513523036643
0.872   0.543899617797   0.517031198143
0.968   0.543373136464   0.51916015866
1.064   0.543066371002   0.5204288738
1.16   0.542894624359   0.52117615168
1.256   0.542800747565   0.521613427582
1.352   0.542750347322   0.52186857806
1.448   0.542723540349   0.522017264905
1.544   0.542709358714   0.522103864636
1.64   0.542701879009   0.522154335651
1.736   0.542697940738   0.522183753569
1.832   0.542695869078   0.522200904916
1.928   0.542694779882   0.522210906747
2.024   0.542694207389   0.522216740288
2.12   0.542693906528   0.522220143085
2.216   0.54269374843   0.522222128152
2.312   0.542693665356   0.522223286231
2.408   0.542693621705   0.522223961873
2.504   0.542693598769   0.522224356063
2.6   0.542693586718   0.522224586049
2.696   0.542693580385   0.522224720234
2.792   0.542693577058   0.522224798523
2.888   0.54269357531   0.522224844201
2.984   0.542693574392   0.522224870852
3.08   0.542693573909   0.522224886402
3.176   0.542693573655   0.522224895475
3.272   0.542693573522   0.522224900768
3.368   0.542693573452   0.522224903856
3.464   0.542693573415   0.522224905658
3.56   0.542693573396   0.52222490671
3.656   0.542693573386   0.522224907323
3.752   0.542693573381   0.522224907681
3.848   0.542693573378   0.52222490789
3.944   0.542693573376   0.522224908012
4.04   0.542693573376   0.522224908083
4.136   0.542693573375   0.522224908124
4.232   0.542693573375   0.522224908149
4.328   0.542693573375   0.522224908163
4.424   0.542693573375   0.522224908171
4.52   0.542693573375   0.522224908176
4.616   0.542693573375   0.522224908178
4.712   0.542693573375   0.52222490818
4.808   0.542693573375   0.522224908181
4.904   0.542693573375   0.522224908182
5.0   0.542693573375   0.522224908182
5.096   0.542693573375   0.522224908182
5.192   0.542693573375   0.522224908182
5.288   0.542693573375   0.522224908182
5.384   0.542693573375   0.522224908182
5.48   0.542693573375   0.522224908182
5.576   0.542693573375   0.522224908182
5.672   0.542693573375   0.522224908182
5.768   0.542693573375   0.522224908182
5.864   0.542693573375   0.522224908182
5.96   0.542693573375   0.522224908182
6.056   0.542693573375   0.522224908182
6.152   0.542693573375   0.522224908182
6.248   0.542693573375   0.522224908182
6.344   0.542693573375   0.522224908182
6.44   0.542693573375   0.522224908182
6.536   0.542693573375   0.522224908182
6.632   0.542693573375   0.522224908182
6.728   0.542693573375   0.522224908182
6.824   0.542693573375   0.522224908182
6.92   0.542693573375   0.522224908182
7.016   0.542693573375   0.522224908182
7.112   0.542693573375   0.522224908182
7.208   0.542693573375   0.522224908182
7.304   0.542693573375   0.522224908182
7.4   0.542693573375   0.522224908182
7.496   0.542693573375   0.522224908182
7.592   0.542693573375   0.522224908182
7.688   0.542693573375   0.522224908182
7.784   0.542693573375   0.522224908182
7.88   0.542693573375   0.522224908182
7.976   0.542693573375   0.522224908182
8.072   0.542693573375   0.522224908182
8.168   0.542693573375   0.522224908182
8.264   0.542693573375   0.522224908182
8.36   0.542693573375   0.522224908182
8.456   0.542693573375   0.522224908182
8.552   0.542693573375   0.522224908182
8.648   0.542693573375   0.522224908182
8.744   0.542693573375   0.522224908182
8.84   0.542693573375   0.522224908182
8.936   0.542693573375   0.522224908182
9.032   0.542693573375   0.522224908182
9.128   0.542693573375   0.522224908182
9.224   0.542693573375   0.522224908182
9.32   0.542693573375   0.522224908182
9.416   0.542693573375   0.522224908182
9.512   0.542693573375   0.522224908182
9.608   0.542693573375   0.522224908182
9.704   0.542693573375   0.522224908182
