0.2   0.568033632379   0.459652131279
0.296   0.56645050792   0.496808536437
0.392   0.56552316902   0.518822840866
0.488   0.565074561199   0.530901180556
0.584   0.564891315123   0.536941494225
0.68   0.564824472167   0.539848933276
0.776   0.56480125974   0.5412601987
0.872   0.56479344643   0.541960385584
0.968   0.564790839438   0.542314677824
1.064   0.564789972527   0.542496475155
1.16   0.564789684618   0.54259062683
1.256   0.564789589045   0.542639670908
1.352   0.564789557325   0.54266530888
1.448   0.564789546797   0.542678739738
1.544   0.564789543304   0.542685784555
1.64   0.564789542144   0.542689482452
1.736   0.564789541759   0.542691424344
1.832   0.564789541632   0.542692444346
1.928   0.564789541589   0.542692980189
2.024   0.564789541575   0.542693261709
2.12   0.564789541571   0.542693409619
2.216   0.564789541569   0.542693487334
2.312   0.564789541569   0.542693528166
2.408   0.564789541568   0.542693549621
2.504   0.564789541568   0.542693560894
2.6   0.564789541568   0.542693566817
2.696   0.564789541568   0.542693569929
2.792   0.564789541568   0.542693571564
2.888   0.564789541568   0.542693572423
2.984   0.564789541568   0.542693572875
3.08   0.564789541568   0.542693573112
3.176   0.564789541568   0.542693573237
3.272   0.564789541568   0.542693573302
3.368   0.564789541568   0.542693573337
3.464   0.564789541568   0.542693573355
3.56   0.564789541568   0.542693573364
3.656   0.564789541568   0.542693573369
3.752   0.564789541568   0.542693573372
3.848   0.564789541568   0.542693573373
3.944   0.564789541568   0.542693573374
4.04   0.564789541568   0.542693573374
4.136   0.564789541568   0.542693573374
4.232   0.564789541568   0.542693573375
4.328   0.564789541568   0.542693573375
4.424   0.564789541568   0.542693573375
4.52   0.564789541568   0.542693573375
4.616   0.564789541568   0.542693573375
4.712   0.564789541568   0.542693573375
4.808   0.564789541568   0.542693573375
4.904   0.564789541568   0.542693573375
5.0   0.564789541568   0.542693573375
5.096   0.564789541568   0.542693573375
5.192   0.564789541568   0.542693573375
5.288   0.564789541568   0.542693573375
5.384   0.564789541568   0.542693573375
5.48   0.564789541568   0.542693573375
5.576   0.564789541568   0.542693573375
5.672   0.564789541568   0.542693573375
5.768   0.564789541568   0.542693573375
5.864   0.564789541568   0.542693573375
5.96   0.564789541568   0.542693573375
6.056   0.564789541568   0.542693573375
6.152   0.564789541568   0.542693573375
6.248   0.564789541568   0.542693573375
6.344   0.564789541568   0.542693573375
6.44   0.564789541568   0.542693573375
6.536   0.564789541568   0.542693573375
6.632   0.564789541568   0.542693573375
6.728   0.564789541568   0.542693573375
6.824   0.564789541568   0.542693573375
6.92   0.564789541568   0.542693573375
7.016   0.564789541568   0.542693573375
7.112   0.564789541568   0.542693573375
7.208   0.564789541568   0.542693573375
7.304   0.564789541568   0.542693573375
7.4   0.564789541568   0.542693573375
7.496   0.564789541568   0.542693573375
7.592   0.564789541568   0.542693573375
7.688   0.564789541568   0.542693573375
7.784   0.564789541568   0.542693573375
7.88   0.564789541568   0.542693573375
7.976   0.564789541568   0.542693573375
8.072   0.564789541568   0.542693573375
8.168   0.564789541568   0.542693573375
8.264   0.564789541568   0.542693573375
8.36   0.564789541568   0.542693573375
8.456   0.564789541568   0.542693573375
8.552   0.564789541568   0.542693573375
8.648   0.564789541568   0.542693573375
8.744   0.564789541568   0.542693573375
8.84   0.564789541568   0.542693573375
8.936   0.564789541568   0.542693573375
9.032   0.564789541568   0.542693573375
9.128   0.564789541568   0.542693573375
9.224   0.564789541568   0.542693573375
9.32   0.564789541568   0.542693573375
9.416   0.564789541568   0.542693573375
9.512   0.564789541568   0.542693573375
9.608   0.564789541568   0.542693573375
9.704   0.564789541568   0.542693573375
