0.2   0.563925145356   0.419468734844
0.296   0.560064459297   0.461987370982
0.392   0.556737661352   0.490033299322
0.488   0.553921828434   0.508728239337
0.584   0.551579803676   0.52093722655
0.68   0.5496646812   0.528706553377
0.776   0.548123825012   0.533597522651
0.872   0.546902982179   0.536699972593
0.968   0.545949589281   0.53870335701
1.064   0.545215207623   0.540023014908
1.16   0.54465704797   0.540907481312
1.256   0.544238669914   0.541507596719
1.352   0.543930004414   0.541917687229
1.448   0.543707096442   0.542197242443
1.544   0.543550134723   0.54238531286
1.64   0.543443917041   0.542508792324
1.736   0.543375479911   0.542586097814
1.832   0.543335687491   0.542632495916
1.928   0.543310747083   0.542659463681
2.024   0.543296693733   0.542674800439
2.12   0.543289049416   0.542683373455
2.216   0.54328496564   0.54268809091
2.312   0.543282805441   0.542690650757
2.408   0.543281668858   0.542692024294
2.504   0.543281072556   0.542692755334
2.6   0.543280760183   0.542693142342
2.696   0.543280596678   0.542693346549
2.792   0.54328051113   0.542693454095
2.888   0.543280466381   0.542693510674
2.984   0.543280442976   0.542693540422
3.08   0.543280430734   0.542693556058
3.176   0.543280424333   0.542693564276
3.272   0.543280420985   0.542693568594
3.368   0.543280419234   0.542693570862
3.464   0.543280418318   0.542693572055
3.56   0.543280417839   0.542693572681
3.656   0.543280417589   0.54269357301
3.752   0.543280417458   0.542693573183
3.848   0.543280417389   0.542693573274
3.944   0.543280417353   0.542693573322
4.04   0.543280417335   0.542693573347
4.136   0.543280417325   0.54269357336
4.232   0.54328041732   0.542693573367
4.328   0.543280417317   0.542693573371
4.424   0.543280417316   0.542693573373
4.52   0.543280417315   0.542693573374
4.616   0.543280417315   0.542693573374
4.712   0.543280417314   0.542693573374
4.808   0.543280417314   0.542693573374
4.904   0.543280417314   0.542693573375
5.0   0.543280417314   0.542693573375
5.096   0.543280417314   0.542693573375
5.192   0.543280417314   0.542693573375
5.288   0.543280417314   0.542693573375
5.384   0.543280417314   0.542693573375
5.48   0.543280417314   0.542693573375
5.576   0.543280417314   0.542693573375
5.672   0.543280417314   0.542693573375
5.768   0.543280417314   0.542693573375
5.864   0.543280417314   0.542693573375
5.96   0.543280417314   0.542693573375
6.056   0.543280417314   0.542693573375
6.152   0.543280417314   0.542693573375
6.248   0.543280417314   0.542693573375
6.344   0.543280417314   0.542693573375
6.44   0.543280417314   0.542693573375
6.536   0.543280417314   0.542693573375
6.632   0.543280417314   0.542693573375
6.728   0.543280417314   0.542693573375
6.824   0.543280417314   0.542693573375
6.92   0.543280417314   0.542693573375
7.016   0.543280417314   0.542693573375
7.112   0.543280417314   0.542693573375
7.208   0.543280417314   0.542693573375
7.304   0.543280417314   0.542693573375
7.4   0.543280417314   0.542693573375
7.496   0.543280417314   0.542693573375
7.592   0.543280417314   0.542693573375
7.688   0.543280417314   0.542693573375
7.784   0.543280417314   0.542693573375
7.88   0.543280417314   0.542693573375
7.976   0.543280417314   0.542693573375
8.072   0.543280417314   0.542693573375
8.168   0.543280417314   0.542693573375
8.264   0.543280417314   0.542693573375
8.36   0.543280417314   0.542693573375
8.456   0.543280417314   0.542693573375
8.552   0.543280417314   0.542693573375
8.648   0.543280417314   0.542693573375
8.744   0.543280417314   0.542693573375
8.84   0.543280417314   0.542693573375
8.936   0.543280417314   0.542693573375
9.032   0.543280417314   0.542693573375
9.128   0.543280417314   0.542693573375
9.224   0.543280417314   0.542693573375
9.32   0.543280417314   0.542693573375
9.416   0.543280417314   0.542693573375
9.512   0.543280417314   0.542693573375
9.608   0.543280417314   0.542693573375
9.704   0.543280417314   0.542693573375
