0.2   0.562169980579   0.384080739873
0.296   0.557608167579   0.430903356802
0.392   0.553727895868   0.461998782015
0.488   0.550536178513   0.483144680628
0.584   0.548018126149   0.497408207113
0.68   0.546132186662   0.50679150089
0.776   0.544804496399   0.512780146748
0.872   0.543930790305   0.516494936848
0.968   0.54339189337   0.518745574723
1.064   0.543077103137   0.520085703613
1.16   0.542900563737   0.52087481838
1.256   0.542803960555   0.52133659787
1.352   0.54275206369   0.521606129032
1.448   0.542724450574   0.521763226235
1.544   0.542709839438   0.521854837029
1.64   0.542702132312   0.521908239937
1.736   0.542698074038   0.521939388358
1.832   0.542695939178   0.521957561906
1.928   0.542694816732   0.521968167846
2.024   0.542694226756   0.521974358509
2.12   0.542693916705   0.521977972449
2.216   0.542693753778   0.521980082355
2.312   0.542693668166   0.521981314242
2.408   0.542693623181   0.521982033519
2.504   0.542693599545   0.521982453502
2.6   0.542693587125   0.521982698733
2.696   0.5426935806   0.521982841926
2.792   0.542693577171   0.521982925539
2.888   0.542693575369   0.521982974362
2.984   0.542693574423   0.521983002871
3.08   0.542693573925   0.521983019518
3.176   0.542693573664   0.521983029239
3.272   0.542693573527   0.521983034915
3.368   0.542693573455   0.521983038229
3.464   0.542693573417   0.521983040164
3.56   0.542693573397   0.521983041294
3.656   0.542693573386   0.521983041954
3.752   0.542693573381   0.52198304234
3.848   0.542693573378   0.521983042565
3.944   0.542693573376   0.521983042696
4.04   0.542693573376   0.521983042773
4.136   0.542693573375   0.521983042817
4.232   0.542693573375   0.521983042844
4.328   0.542693573375   0.521983042859
4.424   0.542693573375   0.521983042868
4.52   0.542693573375   0.521983042873
4.616   0.542693573375   0.521983042876
4.712   0.542693573375   0.521983042878
4.808   0.542693573375   0.521983042879
4.904   0.542693573375   0.52198304288
5.0   0.542693573375   0.52198304288
5.096   0.542693573375   0.52198304288
5.192   0.542693573375   0.52198304288
5.288   0.542693573375   0.52198304288
5.384   0.542693573375   0.52198304288
5.48   0.542693573375   0.52198304288
5.576   0.542693573375   0.52198304288
5.672   0.542693573375   0.52198304288
5.768   0.542693573375   0.52198304288
5.864   0.542693573375   0.52198304288
5.96   0.542693573375   0.52198304288
6.056   0.542693573375   0.52198304288
6.152   0.542693573375   0.52198304288
6.248   0.542693573375   0.52198304288
6.344   0.542693573375   0.52198304288
6.44   0.542693573375   0.52198304288
6.536   0.542693573375   0.52198304288
6.632   0.542693573375   0.52198304288
6.728   0.542693573375   0.52198304288
6.824   0.542693573375   0.52198304288
6.92   0.542693573375   0.52198304288
7.016   0.542693573375   0.52198304288
7.112   0.542693573375   0.52198304288
7.208   0.542693573375   0.52198304288
7.304   0.542693573375   0.52198304288
7.4   0.542693573375   0.52198304288
7.496   0.542693573375   0.52198304288
7.592   0.542693573375   0.52198304288
7.688   0.542693573375   0.52198304288
7.784   0.542693573375   0.52198304288
7.88   0.542693573375   0.52198304288
7.976   0.542693573375   0.52198304288
8.072   0.542693573375   0.52198304288
8.168   0.542693573375   0.52198304288
8.264   0.542693573375   0.52198304288
8.36   0.542693573375   0.52198304288
8.456   0.542693573375   0.52198304288
8.552   0.542693573375   0.52198304288
8.648   0.542693573375   0.52198304288
8.744   0.542693573375   0.52198304288
8.84   0.542693573375   0.52198304288
8.936   0.542693573375   0.52198304288
9.032   0.542693573375   0.52198304288
9.128   0.542693573375   0.52198304288
9.224   0.542693573375   0.52198304288
9.32   0.542693573375   0.52198304288
9.416   0.542693573375   0.52198304288
9.512   0.542693573375   0.52198304288
9.608   0.542693573375   0.52198304288
9.704   0.542693573375   0.52198304288
