0.2   0.565082294377   0.423817806485
0.296   0.561772485267   0.469392303255
0.392   0.55899580575   0.498292283108
0.488   0.556740546748   0.516668206034
0.584   0.554983164453   0.527902988199
0.68   0.553686123595   0.534468317498
0.776   0.552793768098   0.538193569776
0.872   0.552228891544   0.540267435048
0.968   0.551900328784   0.541401238223
1.064   0.551722975055   0.542010681602
1.16   0.551631279102   0.542334190132
1.256   0.551585686992   0.542504818151
1.352   0.551563408963   0.54259446996
1.448   0.551552623989   0.542641538551
1.544   0.551547428178   0.542666247852
1.64   0.551544931231   0.542679221305
1.736   0.551543732781   0.542686034301
1.832   0.551543157928   0.542689612763
1.928   0.551542882279   0.542691492558
2.024   0.551542750123   0.542692480117
2.12   0.551542686767   0.542692998965
2.216   0.551542656396   0.542693271569
2.312   0.551542641837   0.542693414799
2.408   0.551542634858   0.542693490055
2.504   0.551542631512   0.542693529596
2.6   0.551542629908   0.542693550372
2.696   0.55154262914   0.542693561288
2.792   0.551542628771   0.542693567024
2.888   0.551542628594   0.542693570038
2.984   0.55154262851   0.542693571621
3.08   0.551542628469   0.542693572453
3.176   0.55154262845   0.542693572891
3.272   0.55154262844   0.54269357312
3.368   0.551542628436   0.542693573241
3.464   0.551542628434   0.542693573304
3.56   0.551542628433   0.542693573338
3.656   0.551542628432   0.542693573355
3.752   0.551542628432   0.542693573364
3.848   0.551542628432   0.542693573369
3.944   0.551542628432   0.542693573372
4.04   0.551542628432   0.542693573373
4.136   0.551542628432   0.542693573374
4.232   0.551542628432   0.542693573374
4.328   0.551542628432   0.542693573374
4.424   0.551542628432   0.542693573375
4.52   0.551542628432   0.542693573375
4.616   0.551542628432   0.542693573375
4.712   0.551542628432   0.542693573375
4.808   0.551542628432   0.542693573375
4.904   0.551542628432   0.542693573375
5.0   0.551542628432   0.542693573375
5.096   0.551542628432   0.542693573375
5.192   0.551542628432   0.542693573375
5.288   0.551542628432   0.542693573375
5.384   0.551542628432   0.542693573375
5.48   0.551542628432   0.542693573375
5.576   0.551542628432   0.542693573375
5.672   0.551542628432   0.542693573375
5.768   0.551542628432   0.542693573375
5.864   0.551542628432   0.542693573375
5.96   0.551542628432   0.542693573375
6.056   0.551542628432   0.542693573375
6.152   0.551542628432   0.542693573375
6.248   0.551542628432   0.542693573375
6.344   0.551542628432   0.542693573375
6.44   0.551542628432   0.542693573375
6.536   0.551542628432   0.542693573375
6.632   0.551542628432   0.542693573375
6.728   0.551542628432   0.542693573375
6.824   0.551542628432   0.542693573375
6.92   0.551542628432   0.542693573375
7.016   0.551542628432   0.542693573375
7.112   0.551542628432   0.542693573375
7.208   0.551542628432   0.542693573375
7.304   0.551542628432   0.542693573375
7.4   0.551542628432   0.542693573375
7.496   0.551542628432   0.542693573375
7.592   0.551542628432   0.542693573375
7.688   0.551542628432   0.542693573375
7.784   0.551542628432   0.542693573375
7.88   0.551542628432   0.542693573375
7.976   0.551542628432   0.542693573375
8.072   0.551542628432   0.542693573375
8.168   0.551542628432   0.542693573375
8.264   0.551542628432   0.542693573375
8.36   0.551542628432   0.542693573375
8.456   0.551542628432   0.542693573375
8.552   0.551542628432   0.542693573375
8.648   0.551542628432   0.542693573375
8.744   0.551542628432   0.542693573375
8.84   0.551542628432   0.542693573375
8.936   0.551542628432   0.542693573375
9.032   0.551542628432   0.542693573375
9.128   0.551542628432   0.542693573375
9.224   0.551542628432   0.542693573375
9.32   0.551542628432   0.542693573375
9.416   0.551542628432   0.542693573375
9.512   0.551542628432   0.542693573375
9.608   0.551542628432   0.542693573375
9.704   0.551542628432   0.542693573375
