0.2   0.562043175411   0.397626076026
0.296   0.557459729263   0.438699994743
0.392   0.553578089013   0.466689743671
0.488   0.550399885249   0.486020863521
0.584   0.547904731838   0.499192519322
0.68   0.546045663816   0.507918343807
0.776   0.544743909889   0.513514715958
0.872   0.54389165308   0.516997345866
0.968   0.543368282932   0.519111358757
1.064   0.543063573124   0.520371437662
1.16   0.542893068753   0.521113790968
1.256   0.542799904269   0.521548286651
1.352   0.542749896331   0.521801874859
1.448   0.542723301037   0.521949691304
1.544   0.542709232286   0.522035799112
1.64   0.54270181238   0.522085997625
1.736   0.542697905672   0.522115263634
1.832   0.542695850637   0.52213233041
1.928   0.542694770188   0.522142285236
2.024   0.542694202294   0.522148092702
2.12   0.54269390385   0.522151481068
2.216   0.542693747023   0.522153458171
2.312   0.542693664616   0.522154611867
2.408   0.542693621316   0.522155285107
2.504   0.542693598565   0.522155677985
2.6   0.54269358661   0.522155907259
2.696   0.542693580329   0.522156041057
2.792   0.542693577029   0.52215611914
2.888   0.542693575295   0.522156164708
2.984   0.542693574383   0.522156191301
3.08   0.542693573905   0.52215620682
3.176   0.542693573653   0.522156215877
3.272   0.542693573521   0.522156221162
3.368   0.542693573452   0.522156224246
3.464   0.542693573415   0.522156226047
3.56   0.542693573396   0.522156227097
3.656   0.542693573386   0.52215622771
3.752   0.542693573381   0.522156228068
3.848   0.542693573378   0.522156228277
3.944   0.542693573376   0.522156228399
4.04   0.542693573376   0.52215622847
4.136   0.542693573375   0.522156228511
4.232   0.542693573375   0.522156228535
4.328   0.542693573375   0.522156228549
4.424   0.542693573375   0.522156228558
4.52   0.542693573375   0.522156228563
4.616   0.542693573375   0.522156228565
4.712   0.542693573375   0.522156228567
4.808   0.542693573375   0.522156228568
4.904   0.542693573375   0.522156228569
5.0   0.542693573375   0.522156228569
5.096   0.542693573375   0.522156228569
5.192   0.542693573375   0.522156228569
5.288   0.542693573375   0.522156228569
5.384   0.542693573375   0.522156228569
5.48   0.542693573375   0.522156228569
5.576   0.542693573375   0.522156228569
5.672   0.542693573375   0.522156228569
5.768   0.542693573375   0.522156228569
5.864   0.542693573375   0.522156228569
5.96   0.542693573375   0.522156228569
6.056   0.542693573375   0.522156228569
6.152   0.542693573375   0.522156228569
6.248   0.542693573375   0.522156228569
6.344   0.542693573375   0.522156228569
6.44   0.542693573375   0.522156228569
6.536   0.542693573375   0.522156228569
6.632   0.542693573375   0.522156228569
6.728   0.542693573375   0.522156228569
6.824   0.542693573375   0.522156228569
6.92   0.542693573375   0.522156228569
7.016   0.542693573375   0.522156228569
7.112   0.542693573375   0.522156228569
7.208   0.542693573375   0.522156228569
7.304   0.542693573375   0.522156228569
7.4   0.542693573375   0.522156228569
7.496   0.542693573375   0.522156228569
7.592   0.542693573375   0.522156228569
7.688   0.542693573375   0.522156228569
7.784   0.542693573375   0.522156228569
7.88   0.542693573375   0.522156228569
7.976   0.542693573375   0.522156228569
8.072   0.542693573375   0.522156228569
8.168   0.542693573375   0.522156228569
8.264   0.542693573375   0.522156228569
8.36   0.542693573375   0.522156228569
8.456   0.542693573375   0.522156228569
8.552   0.542693573375   0.522156228569
8.648   0.542693573375   0.522156228569
8.744   0.542693573375   0.522156228569
8.84   0.542693573375   0.522156228569
8.936   0.542693573375   0.522156228569
9.032   0.542693573375   0.522156228569
9.128   0.542693573375   0.522156228569
9.224   0.542693573375   0.522156228569
9.32   0.542693573375   0.522156228569
9.416   0.542693573375   0.522156228569
9.512   0.542693573375   0.522156228569
9.608   0.542693573375   0.522156228569
9.704   0.542693573375   0.522156228569
