0.2   0.564587058624   0.431380981221
0.296   0.561053590825   0.471628140949
0.392   0.558055472188   0.498067646067
0.488   0.555572296322   0.515420765729
0.584   0.553571970769   0.526432885672
0.68   0.552014514118   0.533164972427
0.776   0.550853681949   0.537191027994
0.872   0.550036132085   0.539571332851
0.968   0.549499097122   0.540958208377
1.064   0.549171901407   0.5417481856
1.16   0.54898597343   0.542186427295
1.256   0.54888606638   0.542424188093
1.352   0.548833864453   0.54255130128
1.448   0.548807329001   0.542618635335
1.544   0.548793994295   0.542654155193
1.64   0.548787334361   0.542672852354
1.736   0.548784018856   0.542682684057
1.832   0.54878237108   0.542687851504
1.928   0.548781552861   0.542690566912
2.024   0.548781146749   0.542691993701
2.12   0.548780945227   0.542692743375
2.216   0.548780845238   0.542693137271
2.312   0.548780795631   0.542693344234
2.408   0.548780771019   0.542693452978
2.504   0.548780758809   0.542693510115
2.6   0.548780752752   0.542693540136
2.696   0.548780749746   0.54269355591
2.792   0.548780748256   0.542693564198
2.888   0.548780747516   0.542693568553
2.984   0.548780747149   0.542693570841
3.08   0.548780746967   0.542693572044
3.176   0.548780746877   0.542693572675
3.272   0.548780746832   0.542693573007
3.368   0.54878074681   0.542693573182
3.464   0.548780746799   0.542693573273
3.56   0.548780746793   0.542693573321
3.656   0.54878074679   0.542693573347
3.752   0.548780746789   0.54269357336
3.848   0.548780746788   0.542693573367
3.944   0.548780746788   0.542693573371
4.04   0.548780746788   0.542693573373
4.136   0.548780746788   0.542693573374
4.232   0.548780746788   0.542693573374
4.328   0.548780746788   0.542693573374
4.424   0.548780746788   0.542693573374
4.52   0.548780746788   0.542693573375
4.616   0.548780746788   0.542693573375
4.712   0.548780746788   0.542693573375
4.808   0.548780746788   0.542693573375
4.904   0.548780746788   0.542693573375
5.0   0.548780746788   0.542693573375
5.096   0.548780746788   0.542693573375
5.192   0.548780746788   0.542693573375
5.288   0.548780746788   0.542693573375
5.384   0.548780746788   0.542693573375
5.48   0.548780746788   0.542693573375
5.576   0.548780746788   0.542693573375
5.672   0.548780746788   0.542693573375
5.768   0.548780746788   0.542693573375
5.864   0.548780746788   0.542693573375
5.96   0.548780746788   0.542693573375
6.056   0.548780746788   0.542693573375
6.152   0.548780746788   0.542693573375
6.248   0.548780746788   0.542693573375
6.344   0.548780746788   0.542693573375
6.44   0.548780746788   0.542693573375
6.536   0.548780746788   0.542693573375
6.632   0.548780746788   0.542693573375
6.728   0.548780746788   0.542693573375
6.824   0.548780746788   0.542693573375
6.92   0.548780746788   0.542693573375
7.016   0.548780746788   0.542693573375
7.112   0.548780746788   0.542693573375
7.208   0.548780746788   0.542693573375
7.304   0.548780746788   0.542693573375
7.4   0.548780746788   0.542693573375
7.496   0.548780746788   0.542693573375
7.592   0.548780746788   0.542693573375
7.688   0.548780746788   0.542693573375
7.784   0.548780746788   0.542693573375
7.88   0.548780746788   0.542693573375
7.976   0.548780746788   0.542693573375
8.072   0.548780746788   0.542693573375
8.168   0.548780746788   0.542693573375
8.264   0.548780746788   0.542693573375
8.36   0.548780746788   0.542693573375
8.456   0.548780746788   0.542693573375
8.552   0.548780746788   0.542693573375
8.648   0.548780746788   0.542693573375
8.744   0.548780746788   0.542693573375
8.84   0.548780746788   0.542693573375
8.936   0.548780746788   0.542693573375
9.032   0.548780746788   0.542693573375
9.128   0.548780746788   0.542693573375
9.224   0.548780746788   0.542693573375
9.32   0.548780746788   0.542693573375
9.416   0.548780746788   0.542693573375
9.512   0.548780746788   0.542693573375
9.608   0.548780746788   0.542693573375
9.704   0.548780746788   0.542693573375
