0.2   0.561783550821   0.389648626143
0.296   0.557116287147   0.431896788854
0.392   0.553189464947   0.460603161189
0.488   0.550008292283   0.480409630906
0.584   0.547550455649   0.493909806872
0.68   0.5457579312   0.502862180867
0.776   0.544533988078   0.508610338124
0.872   0.543752700563   0.512193573148
0.968   0.543283390091   0.514376456398
1.064   0.543014854326   0.515685730732
1.16   0.542865860421   0.516463833649
1.256   0.542785162854   0.516924475537
1.352   0.542742015865   0.517196541737
1.448   0.542719120473   0.517357158743
1.544   0.542707024038   0.517452077612
1.64   0.542700648729   0.517508145513
1.736   0.542697293284   0.517541289659
1.832   0.542695528591   0.517560889406
1.928   0.542694600896   0.517572482774
2.024   0.54269411332   0.517579341646
2.12   0.542693857094   0.517583400045
2.216   0.542693722454   0.517585801625
2.312   0.542693651707   0.517587222862
2.408   0.542693614533   0.517588063975
2.504   0.542693595001   0.517588561774
2.6   0.542693584738   0.517588856393
2.696   0.542693579345   0.517589030763
2.792   0.542693576512   0.517589133965
2.888   0.542693575023   0.517589195046
2.984   0.542693574241   0.517589231197
3.08   0.54269357383   0.517589252593
3.176   0.542693573614   0.517589265257
3.272   0.5426935735   0.517589272752
3.368   0.542693573441   0.517589277188
3.464   0.542693573409   0.517589279814
3.56   0.542693573393   0.517589281368
3.656   0.542693573384   0.517589282288
3.752   0.54269357338   0.517589282832
3.848   0.542693573377   0.517589283154
3.944   0.542693573376   0.517589283345
4.04   0.542693573375   0.517589283458
4.136   0.542693573375   0.517589283525
4.232   0.542693573375   0.517589283564
4.328   0.542693573375   0.517589283588
4.424   0.542693573375   0.517589283601
4.52   0.542693573375   0.51758928361
4.616   0.542693573375   0.517589283614
4.712   0.542693573375   0.517589283617
4.808   0.542693573375   0.517589283619
4.904   0.542693573375   0.51758928362
5.0   0.542693573375   0.517589283621
5.096   0.542693573375   0.517589283621
5.192   0.542693573375   0.517589283621
5.288   0.542693573375   0.517589283621
5.384   0.542693573375   0.517589283621
5.48   0.542693573375   0.517589283621
5.576   0.542693573375   0.517589283621
5.672   0.542693573375   0.517589283621
5.768   0.542693573375   0.517589283621
5.864   0.542693573375   0.517589283621
5.96   0.542693573375   0.517589283621
6.056   0.542693573375   0.517589283621
6.152   0.542693573375   0.517589283621
6.248   0.542693573375   0.517589283621
6.344   0.542693573375   0.517589283621
6.44   0.542693573375   0.517589283621
6.536   0.542693573375   0.517589283621
6.632   0.542693573375   0.517589283621
6.728   0.542693573375   0.517589283621
6.824   0.542693573375   0.517589283621
6.92   0.542693573375   0.517589283621
7.016   0.542693573375   0.517589283621
7.112   0.542693573375   0.517589283621
7.208   0.542693573375   0.517589283621
7.304   0.542693573375   0.517589283621
7.4   0.542693573375   0.517589283621
7.496   0.542693573375   0.517589283621
7.592   0.542693573375   0.517589283621
7.688   0.542693573375   0.517589283621
7.784   0.542693573375   0.517589283621
7.88   0.542693573375   0.517589283621
7.976   0.542693573375   0.517589283621
8.072   0.542693573375   0.517589283621
8.168   0.542693573375   0.517589283621
8.264   0.542693573375   0.517589283621
8.36   0.542693573375   0.517589283621
8.456   0.542693573375   0.517589283621
8.552   0.542693573375   0.517589283621
8.648   0.542693573375   0.517589283621
8.744   0.542693573375   0.517589283621
8.84   0.542693573375   0.517589283621
8.936   0.542693573375   0.517589283621
9.032   0.542693573375   0.517589283621
9.128   0.542693573375   0.517589283621
9.224   0.542693573375   0.517589283621
9.32   0.542693573375   0.517589283621
9.416   0.542693573375   0.517589283621
9.512   0.542693573375   0.517589283621
9.608   0.542693573375   0.517589283621
9.704   0.542693573375   0.517589283621
