0.2   0.563980605299   0.436584546127
0.296   0.560184930457   0.472370262891
0.392   0.556939238096   0.496676267735
0.488   0.554214702613   0.51313353697
0.584   0.551969501283   0.523967142614
0.68   0.550153685245   0.530889324154
0.776   0.548713375201   0.535252525057
0.872   0.547594822891   0.538011250295
0.968   0.546747357711   0.53977212701
1.064   0.546124948356   0.540902111539
1.16   0.54568624191   0.541622730218
1.256   0.545392464183   0.542072898177
1.352   0.545207424696   0.542344262744
1.448   0.545098792381   0.542502015852
1.544   0.545036364316   0.542590439836
1.64   0.545002489948   0.542638576176
1.736   0.544984528493   0.54266443583
1.832   0.544975126883   0.542678194726
1.928   0.544970240696   0.542685473716
2.024   0.544967710986   0.542689312276
2.12   0.544966403957   0.542691333023
2.216   0.544965729381   0.542692395836
2.312   0.544965381419   0.542692954555
2.408   0.544965201986   0.5426932482
2.504   0.544965109472   0.54269340251
2.6   0.544965061777   0.542693483595
2.696   0.544965037188   0.542693526201
2.792   0.544965024513   0.542693548588
2.888   0.544965017979   0.542693560351
2.984   0.54496501461   0.542693566532
3.08   0.544965012874   0.542693569779
3.176   0.544965011979   0.542693571485
3.272   0.544965011517   0.542693572382
3.368   0.544965011279   0.542693572853
3.464   0.544965011157   0.542693573101
3.56   0.544965011093   0.542693573231
3.656   0.544965011061   0.542693573299
3.752   0.544965011044   0.542693573335
3.848   0.544965011035   0.542693573354
3.944   0.544965011031   0.542693573364
4.04   0.544965011029   0.542693573369
4.136   0.544965011027   0.542693573372
4.232   0.544965011027   0.542693573373
4.328   0.544965011027   0.542693573374
4.424   0.544965011026   0.542693573374
4.52   0.544965011026   0.542693573374
4.616   0.544965011026   0.542693573375
4.712   0.544965011026   0.542693573375
4.808   0.544965011026   0.542693573375
4.904   0.544965011026   0.542693573375
5.0   0.544965011026   0.542693573375
5.096   0.544965011026   0.542693573375
5.192   0.544965011026   0.542693573375
5.288   0.544965011026   0.542693573375
5.384   0.544965011026   0.542693573375
5.48   0.544965011026   0.542693573375
5.576   0.544965011026   0.542693573375
5.672   0.544965011026   0.542693573375
5.768   0.544965011026   0.542693573375
5.864   0.544965011026   0.542693573375
5.96   0.544965011026   0.542693573375
6.056   0.544965011026   0.542693573375
6.152   0.544965011026   0.542693573375
6.248   0.544965011026   0.542693573375
6.344   0.544965011026   0.542693573375
6.44   0.544965011026   0.542693573375
6.536   0.544965011026   0.542693573375
6.632   0.544965011026   0.542693573375
6.728   0.544965011026   0.542693573375
6.824   0.544965011026   0.542693573375
6.92   0.544965011026   0.542693573375
7.016   0.544965011026   0.542693573375
7.112   0.544965011026   0.542693573375
7.208   0.544965011026   0.542693573375
7.304   0.544965011026   0.542693573375
7.4   0.544965011026   0.542693573375
7.496   0.544965011026   0.542693573375
7.592   0.544965011026   0.542693573375
7.688   0.544965011026   0.542693573375
7.784   0.544965011026   0.542693573375
7.88   0.544965011026   0.542693573375
7.976   0.544965011026   0.542693573375
8.072   0.544965011026   0.542693573375
8.168   0.544965011026   0.542693573375
8.264   0.544965011026   0.542693573375
8.36   0.544965011026   0.542693573375
8.456   0.544965011026   0.542693573375
8.552   0.544965011026   0.542693573375
8.648   0.544965011026   0.542693573375
8.744   0.544965011026   0.542693573375
8.84   0.544965011026   0.542693573375
8.936   0.544965011026   0.542693573375
9.032   0.544965011026   0.542693573375
9.128   0.544965011026   0.542693573375
9.224   0.544965011026   0.542693573375
9.32   0.544965011026   0.542693573375
9.416   0.544965011026   0.542693573375
9.512   0.544965011026   0.542693573375
9.608   0.544965011026   0.542693573375
9.704   0.544965011026   0.542693573375
