0.2   0.564381912829   0.429195775771
0.296   0.560747119164   0.469569433106
0.392   0.557645642399   0.496201074334
0.488   0.555054927909   0.513801108391
0.584   0.552940034065   0.525093283418
0.68   0.551258188354   0.532102106795
0.776   0.549962290637   0.536378570093
0.872   0.549003205856   0.538978023826
0.968   0.548329489781   0.540550728093
1.064   0.547885734245   0.54148732901
1.16   0.547613192811   0.542030335898
1.256   0.547457170383   0.542335379937
1.352   0.547371022709   0.542502637698
1.448   0.547325608711   0.542592463465
1.544   0.547302148275   0.542640230699
1.64   0.54729016499   0.542665488109
1.736   0.54728408155   0.542678801725
1.832   0.547281003296   0.542685808172
1.928   0.547279448353   0.54268949238
2.024   0.547278663593   0.542691428874
2.12   0.54727826772   0.542692446536
2.216   0.547278068068   0.542692981288
2.312   0.54727796739   0.542693262272
2.408   0.547277916625   0.542693409911
2.504   0.547277891028   0.542693487486
2.6   0.547277878122   0.542693528246
2.696   0.547277871615   0.542693549663
2.792   0.547277868334   0.542693560916
2.888   0.547277866679   0.542693566828
2.984   0.547277865845   0.542693569935
3.08   0.547277865425   0.542693571567
3.176   0.547277865213   0.542693572425
3.272   0.547277865106   0.542693572876
3.368   0.547277865052   0.542693573112
3.464   0.547277865025   0.542693573237
3.56   0.547277865011   0.542693573302
3.656   0.547277865004   0.542693573337
3.752   0.547277865   0.542693573355
3.848   0.547277864999   0.542693573364
3.944   0.547277864998   0.542693573369
4.04   0.547277864997   0.542693573372
4.136   0.547277864997   0.542693573373
4.232   0.547277864997   0.542693573374
4.328   0.547277864997   0.542693573374
4.424   0.547277864997   0.542693573374
4.52   0.547277864997   0.542693573375
4.616   0.547277864997   0.542693573375
4.712   0.547277864997   0.542693573375
4.808   0.547277864997   0.542693573375
4.904   0.547277864997   0.542693573375
5.0   0.547277864997   0.542693573375
5.096   0.547277864997   0.542693573375
5.192   0.547277864997   0.542693573375
5.288   0.547277864997   0.542693573375
5.384   0.547277864997   0.542693573375
5.48   0.547277864997   0.542693573375
5.576   0.547277864997   0.542693573375
5.672   0.547277864997   0.542693573375
5.768   0.547277864997   0.542693573375
5.864   0.547277864997   0.542693573375
5.96   0.547277864997   0.542693573375
6.056   0.547277864997   0.542693573375
6.152   0.547277864997   0.542693573375
6.248   0.547277864997   0.542693573375
6.344   0.547277864997   0.542693573375
6.44   0.547277864997   0.542693573375
6.536   0.547277864997   0.542693573375
6.632   0.547277864997   0.542693573375
6.728   0.547277864997   0.542693573375
6.824   0.547277864997   0.542693573375
6.92   0.547277864997   0.542693573375
7.016   0.547277864997   0.542693573375
7.112   0.547277864997   0.542693573375
7.208   0.547277864997   0.542693573375
7.304   0.547277864997   0.542693573375
7.4   0.547277864997   0.542693573375
7.496   0.547277864997   0.542693573375
7.592   0.547277864997   0.542693573375
7.688   0.547277864997   0.542693573375
7.784   0.547277864997   0.542693573375
7.88   0.547277864997   0.542693573375
7.976   0.547277864997   0.542693573375
8.072   0.547277864997   0.542693573375
8.168   0.547277864997   0.542693573375
8.264   0.547277864997   0.542693573375
8.36   0.547277864997   0.542693573375
8.456   0.547277864997   0.542693573375
8.552   0.547277864997   0.542693573375
8.648   0.547277864997   0.542693573375
8.744   0.547277864997   0.542693573375
8.84   0.547277864997   0.542693573375
8.936   0.547277864997   0.542693573375
9.032   0.547277864997   0.542693573375
9.128   0.547277864997   0.542693573375
9.224   0.547277864997   0.542693573375
9.32   0.547277864997   0.542693573375
9.416   0.547277864997   0.542693573375
9.512   0.547277864997   0.542693573375
9.608   0.547277864997   0.542693573375
9.704   0.547277864997   0.542693573375
