0.2   0.56569179293   0.430798305781
0.296   0.56271441176   0.475462233812
0.392   0.560302094098   0.50341207745
0.488   0.558447932749   0.520723934905
0.584   0.55712096786   0.530861272073
0.68   0.556253843735   0.536459962484
0.776   0.555742085676   0.539442277615
0.872   0.555467288852   0.541003202751
0.968   0.555330214557   0.54181431973
1.064   0.555264560573   0.542235241721
1.16   0.555234075345   0.542454162026
1.256   0.555220105081   0.542568266882
1.352   0.555213745432   0.542627896449
1.448   0.555210859821   0.542659117742
1.544   0.555209552595   0.542675486237
1.64   0.555208960854   0.54268407514
1.736   0.55520869309   0.542688584352
1.832   0.555208571947   0.542690952492
1.928   0.555208517144   0.542692196435
2.024   0.555208492352   0.542692849935
2.12   0.555208481138   0.542693193271
2.216   0.555208476065   0.542693373661
2.312   0.55520847377   0.54269346844
2.408   0.555208472732   0.542693518239
2.504   0.555208472262   0.542693544405
2.6   0.55520847205   0.542693558153
2.696   0.555208471954   0.542693565377
2.792   0.555208471911   0.542693569172
2.888   0.555208471891   0.542693571167
2.984   0.555208471882   0.542693572214
3.08   0.555208471878   0.542693572765
3.176   0.555208471876   0.542693573054
3.272   0.555208471875   0.542693573206
3.368   0.555208471875   0.542693573286
3.464   0.555208471875   0.542693573328
3.56   0.555208471875   0.54269357335
3.656   0.555208471875   0.542693573362
3.752   0.555208471875   0.542693573368
3.848   0.555208471875   0.542693573371
3.944   0.555208471875   0.542693573373
4.04   0.555208471875   0.542693573374
4.136   0.555208471875   0.542693573374
4.232   0.555208471875   0.542693573374
4.328   0.555208471875   0.542693573375
4.424   0.555208471875   0.542693573375
4.52   0.555208471875   0.542693573375
4.616   0.555208471875   0.542693573375
4.712   0.555208471875   0.542693573375
4.808   0.555208471875   0.542693573375
4.904   0.555208471875   0.542693573375
5.0   0.555208471875   0.542693573375
5.096   0.555208471875   0.542693573375
5.192   0.555208471875   0.542693573375
5.288   0.555208471875   0.542693573375
5.384   0.555208471875   0.542693573375
5.48   0.555208471875   0.542693573375
5.576   0.555208471875   0.542693573375
5.672   0.555208471875   0.542693573375
5.768   0.555208471875   0.542693573375
5.864   0.555208471875   0.542693573375
5.96   0.555208471875   0.542693573375
6.056   0.555208471875   0.542693573375
6.152   0.555208471875   0.542693573375
6.248   0.555208471875   0.542693573375
6.344   0.555208471875   0.542693573375
6.44   0.555208471875   0.542693573375
6.536   0.555208471875   0.542693573375
6.632   0.555208471875   0.542693573375
6.728   0.555208471875   0.542693573375
6.824   0.555208471875   0.542693573375
6.92   0.555208471875   0.542693573375
7.016   0.555208471875   0.542693573375
7.112   0.555208471875   0.542693573375
7.208   0.555208471875   0.542693573375
7.304   0.555208471875   0.542693573375
7.4   0.555208471875   0.542693573375
7.496   0.555208471875   0.542693573375
7.592   0.555208471875   0.542693573375
7.688   0.555208471875   0.542693573375
7.784   0.555208471875   0.542693573375
7.88   0.555208471875   0.542693573375
7.976   0.555208471875   0.542693573375
8.072   0.555208471875   0.542693573375
8.168   0.555208471875   0.542693573375
8.264   0.555208471875   0.542693573375
8.36   0.555208471875   0.542693573375
8.456   0.555208471875   0.542693573375
8.552   0.555208471875   0.542693573375
8.648   0.555208471875   0.542693573375
8.744   0.555208471875   0.542693573375
8.84   0.555208471875   0.542693573375
8.936   0.555208471875   0.542693573375
9.032   0.555208471875   0.542693573375
9.128   0.555208471875   0.542693573375
9.224   0.555208471875   0.542693573375
9.32   0.555208471875   0.542693573375
9.416   0.555208471875   0.542693573375
9.512   0.555208471875   0.542693573375
9.608   0.555208471875   0.542693573375
9.704   0.555208471875   0.542693573375
