0.2   0.563647475281   0.420715202075
0.296   0.559672245873   0.461468720449
0.392   0.55624485032   0.48869907189
0.488   0.553341890568   0.50706049248
0.584   0.550925709114   0.519205358598
0.68   0.548948994575   0.527039946943
0.776   0.54735889908   0.53203237079
0.872   0.546101218956   0.535226674828
0.968   0.545123732379   0.537297445209
1.064   0.544378595601   0.538658252291
1.16   0.543823661827   0.539559666367
1.256   0.54342282806   0.540155471873
1.352   0.543144260548   0.540543502981
1.448   0.542960270368   0.540788553153
1.544   0.542845397769   0.540938395849
1.64   0.542778369146   0.541025118114
1.736   0.542739421046   0.541074226744
1.832   0.542718044525   0.541101333862
1.928   0.542706541822   0.541116076679
2.024   0.542700418899   0.541124018832
2.12   0.542697179112   0.541128272672
2.216   0.542695470434   0.541130543435
2.312   0.542694570846   0.54113175335
2.408   0.542694097671   0.54113239737
2.504   0.54269384891   0.541132739987
2.6   0.542693718165   0.541132922206
2.696   0.542693649456   0.541133019104
2.792   0.542693613351   0.541133070627
2.888   0.54269359438   0.541133098022
2.984   0.542693584412   0.541133112587
3.08   0.542693579174   0.541133120331
3.176   0.542693576422   0.541133124449
3.272   0.542693574976   0.541133126638
3.368   0.542693574216   0.541133127802
3.464   0.542693573817   0.541133128421
3.56   0.542693573607   0.54113312875
3.656   0.542693573497   0.541133128925
3.752   0.542693573439   0.541133129018
3.848   0.542693573408   0.541133129067
3.944   0.542693573392   0.541133129093
4.04   0.542693573384   0.541133129107
4.136   0.54269357338   0.541133129115
4.232   0.542693573377   0.541133129119
4.328   0.542693573376   0.541133129121
4.424   0.542693573375   0.541133129122
4.52   0.542693573375   0.541133129123
4.616   0.542693573375   0.541133129123
4.712   0.542693573375   0.541133129123
4.808   0.542693573375   0.541133129123
4.904   0.542693573375   0.541133129123
5.0   0.542693573375   0.541133129123
5.096   0.542693573375   0.541133129123
5.192   0.542693573375   0.541133129123
5.288   0.542693573375   0.541133129123
5.384   0.542693573375   0.541133129123
5.48   0.542693573375   0.541133129123
5.576   0.542693573375   0.541133129123
5.672   0.542693573375   0.541133129123
5.768   0.542693573375   0.541133129123
5.864   0.542693573375   0.541133129123
5.96   0.542693573375   0.541133129123
6.056   0.542693573375   0.541133129123
6.152   0.542693573375   0.541133129123
6.248   0.542693573375   0.541133129123
6.344   0.542693573375   0.541133129123
6.44   0.542693573375   0.541133129123
6.536   0.542693573375   0.541133129123
6.632   0.542693573375   0.541133129123
6.728   0.542693573375   0.541133129123
6.824   0.542693573375   0.541133129123
6.92   0.542693573375   0.541133129123
7.016   0.542693573375   0.541133129123
7.112   0.542693573375   0.541133129123
7.208   0.542693573375   0.541133129123
7.304   0.542693573375   0.541133129123
7.4   0.542693573375   0.541133129123
7.496   0.542693573375   0.541133129123
7.592   0.542693573375   0.541133129123
7.688   0.542693573375   0.541133129123
7.784   0.542693573375   0.541133129123
7.88   0.542693573375   0.541133129123
7.976   0.542693573375   0.541133129123
8.072   0.542693573375   0.541133129123
8.168   0.542693573375   0.541133129123
8.264   0.542693573375   0.541133129123
8.36   0.542693573375   0.541133129123
8.456   0.542693573375   0.541133129123
8.552   0.542693573375   0.541133129123
8.648   0.542693573375   0.541133129123
8.744   0.542693573375   0.541133129123
8.84   0.542693573375   0.541133129123
8.936   0.542693573375   0.541133129123
9.032   0.542693573375   0.541133129123
9.128   0.542693573375   0.541133129123
9.224   0.542693573375   0.541133129123
9.32   0.542693573375   0.541133129123
9.416   0.542693573375   0.541133129123
9.512   0.542693573375   0.541133129123
9.608   0.542693573375   0.541133129123
9.704   0.542693573375   0.541133129123
