0.2   0.565460268664   0.44444893501
0.296   0.562398286217   0.482033436563
0.392   0.55991138524   0.506450502796
0.488   0.557987067856   0.521986578938
0.584   0.556592418201   0.531317994734
0.68   0.555663428251   0.536602860724
0.776   0.555101906086   0.539479956765
0.872   0.554792810177   0.541010463904
0.968   0.554635154882   0.541814329728
1.064   0.554558131174   0.542234148888
1.16   0.554521772578   0.542453292061
1.256   0.554504861919   0.542567727751
1.352   0.554497056236   0.542627590641
1.448   0.554493466953   0.542658950906
1.544   0.554491819584   0.542675396899
1.64   0.554491064184   0.542684027742
1.736   0.554490717948   0.542688559324
1.832   0.554490559286   0.542690939308
1.928   0.554490486586   0.542692189499
2.024   0.554490453277   0.542692846288
2.12   0.554490438015   0.542693191354
2.216   0.554490431023   0.542693372653
2.312   0.554490427819   0.542693467911
2.408   0.554490426352   0.542693517961
2.504   0.554490425679   0.542693544259
2.6   0.554490425371   0.542693558076
2.696   0.55449042523   0.542693565336
2.792   0.554490425165   0.542693569151
2.888   0.554490425136   0.542693571155
2.984   0.554490425122   0.542693572209
3.08   0.554490425116   0.542693572762
3.176   0.554490425113   0.542693573053
3.272   0.554490425112   0.542693573206
3.368   0.554490425111   0.542693573286
3.464   0.554490425111   0.542693573328
3.56   0.554490425111   0.54269357335
3.656   0.554490425111   0.542693573362
3.752   0.554490425111   0.542693573368
3.848   0.554490425111   0.542693573371
3.944   0.554490425111   0.542693573373
4.04   0.554490425111   0.542693573374
4.136   0.554490425111   0.542693573374
4.232   0.554490425111   0.542693573374
4.328   0.554490425111   0.542693573375
4.424   0.554490425111   0.542693573375
4.52   0.554490425111   0.542693573375
4.616   0.554490425111   0.542693573375
4.712   0.554490425111   0.542693573375
4.808   0.554490425111   0.542693573375
4.904   0.554490425111   0.542693573375
5.0   0.554490425111   0.542693573375
5.096   0.554490425111   0.542693573375
5.192   0.554490425111   0.542693573375
5.288   0.554490425111   0.542693573375
5.384   0.554490425111   0.542693573375
5.48   0.554490425111   0.542693573375
5.576   0.554490425111   0.542693573375
5.672   0.554490425111   0.542693573375
5.768   0.554490425111   0.542693573375
5.864   0.554490425111   0.542693573375
5.96   0.554490425111   0.542693573375
6.056   0.554490425111   0.542693573375
6.152   0.554490425111   0.542693573375
6.248   0.554490425111   0.542693573375
6.344   0.554490425111   0.542693573375
6.44   0.554490425111   0.542693573375
6.536   0.554490425111   0.542693573375
6.632   0.554490425111   0.542693573375
6.728   0.554490425111   0.542693573375
6.824   0.554490425111   0.542693573375
6.92   0.554490425111   0.542693573375
7.016   0.554490425111   0.542693573375
7.112   0.554490425111   0.542693573375
7.208   0.554490425111   0.542693573375
7.304   0.554490425111   0.542693573375
7.4   0.554490425111   0.542693573375
7.496   0.554490425111   0.542693573375
7.592   0.554490425111   0.542693573375
7.688   0.554490425111   0.542693573375
7.784   0.554490425111   0.542693573375
7.88   0.554490425111   0.542693573375
7.976   0.554490425111   0.542693573375
8.072   0.554490425111   0.542693573375
8.168   0.554490425111   0.542693573375
8.264   0.554490425111   0.542693573375
8.36   0.554490425111   0.542693573375
8.456   0.554490425111   0.542693573375
8.552   0.554490425111   0.542693573375
8.648   0.554490425111   0.542693573375
8.744   0.554490425111   0.542693573375
8.84   0.554490425111   0.542693573375
8.936   0.554490425111   0.542693573375
9.032   0.554490425111   0.542693573375
9.128   0.554490425111   0.542693573375
9.224   0.554490425111   0.542693573375
9.32   0.554490425111   0.542693573375
9.416   0.554490425111   0.542693573375
9.512   0.554490425111   0.542693573375
9.608   0.554490425111   0.542693573375
9.704   0.554490425111   0.542693573375
