0.2   0.561560277681   0.382237361055
0.296   0.55682560971   0.425551989474
0.392   0.552867265676   0.454897500785
0.488   0.549692319817   0.475120262356
0.584   0.547273711758   0.488904676968
0.68   0.54554109817   0.498054971309
0.776   0.544381222321   0.503941585143
0.872   0.543654626542   0.507622947745
0.968   0.543224808593   0.509876946174
1.064   0.542981512326   0.51123845105
1.16   0.542847545172   0.512054729871
1.256   0.542775291848   0.51254273172
1.352   0.542736754752   0.512834048178
1.448   0.542716334102   0.513007974829
1.544   0.542705553571   0.513111866293
1.64   0.542699874241   0.513173957908
1.736   0.542696885809   0.513211085642
1.832   0.542695314338   0.513233294853
1.928   0.542694488276   0.513246583921
2.024   0.542694054134   0.513254537216
2.12   0.542693825992   0.513259297836
2.216   0.542693706111   0.513262147696
2.312   0.542693643119   0.51326385383
2.408   0.542693610021   0.513264875293
2.504   0.54269359263   0.51326548686
2.6   0.542693583492   0.513265853024
2.696   0.542693578691   0.51326607226
2.792   0.542693576168   0.513266203525
2.888   0.542693574842   0.51326628212
2.984   0.542693574146   0.513266329178
3.08   0.54269357378   0.513266357354
3.176   0.542693573588   0.513266374225
3.272   0.542693573487   0.513266384326
3.368   0.542693573433   0.513266390374
3.464   0.542693573406   0.513266393995
3.56   0.542693573391   0.513266396163
3.656   0.542693573383   0.513266397462
3.752   0.542693573379   0.513266398239
3.848   0.542693573377   0.513266398704
3.944   0.542693573376   0.513266398983
4.04   0.542693573375   0.51326639915
4.136   0.542693573375   0.51326639925
4.232   0.542693573375   0.51326639931
4.328   0.542693573375   0.513266399345
4.424   0.542693573375   0.513266399367
4.52   0.542693573375   0.51326639938
4.616   0.542693573375   0.513266399387
4.712   0.542693573375   0.513266399392
4.808   0.542693573375   0.513266399395
4.904   0.542693573375   0.513266399396
5.0   0.542693573375   0.513266399397
5.096   0.542693573375   0.513266399398
5.192   0.542693573375   0.513266399398
5.288   0.542693573375   0.513266399399
5.384   0.542693573375   0.513266399399
5.48   0.542693573375   0.513266399399
5.576   0.542693573375   0.513266399399
5.672   0.542693573375   0.513266399399
5.768   0.542693573375   0.513266399399
5.864   0.542693573375   0.513266399399
5.96   0.542693573375   0.513266399399
6.056   0.542693573375   0.513266399399
6.152   0.542693573375   0.513266399399
6.248   0.542693573375   0.513266399399
6.344   0.542693573375   0.513266399399
6.44   0.542693573375   0.513266399399
6.536   0.542693573375   0.513266399399
6.632   0.542693573375   0.513266399399
6.728   0.542693573375   0.513266399399
6.824   0.542693573375   0.513266399399
6.92   0.542693573375   0.513266399399
7.016   0.542693573375   0.513266399399
7.112   0.542693573375   0.513266399399
7.208   0.542693573375   0.513266399399
7.304   0.542693573375   0.513266399399
7.4   0.542693573375   0.513266399399
7.496   0.542693573375   0.513266399399
7.592   0.542693573375   0.513266399399
7.688   0.542693573375   0.513266399399
7.784   0.542693573375   0.513266399399
7.88   0.542693573375   0.513266399399
7.976   0.542693573375   0.513266399399
8.072   0.542693573375   0.513266399399
8.168   0.542693573375   0.513266399399
8.264   0.542693573375   0.513266399399
8.36   0.542693573375   0.513266399399
8.456   0.542693573375   0.513266399399
8.552   0.542693573375   0.513266399399
8.648   0.542693573375   0.513266399399
8.744   0.542693573375   0.513266399399
8.84   0.542693573375   0.513266399399
8.936   0.542693573375   0.513266399399
9.032   0.542693573375   0.513266399399
9.128   0.542693573375   0.513266399399
9.224   0.542693573375   0.513266399399
9.32   0.542693573375   0.513266399399
9.416   0.542693573375   0.513266399399
9.512   0.542693573375   0.513266399399
9.608   0.542693573375   0.513266399399
9.704   0.542693573375   0.513266399399
