0.2   0.562376046611   0.396506116369
0.296   0.557893519715   0.439988491564
0.392   0.554066488822   0.469214996652
0.488   0.550894830683   0.489210956727
0.584   0.548360670764   0.502735300683
0.68   0.546426728785   0.511644233932
0.776   0.545031816668   0.517339178647
0.872   0.544088823575   0.520878530685
0.968   0.543492200356   0.523024238566
1.064   0.543136484782   0.524298880718
1.16   0.542934155196   0.525044970725
1.256   0.54282233392   0.525477630375
1.352   0.542761939206   0.525727371239
1.448   0.542729705421   0.525871177761
1.544   0.542712619777   0.525953813866
1.64   0.542703598765   0.526001362939
1.736   0.54269884616   0.526028708626
1.832   0.542696345333   0.526044437637
1.928   0.542695030269   0.526053486219
2.024   0.542694338992   0.526058692346
2.12   0.542693975688   0.526061687992
2.216   0.542693784772   0.526063411828
2.312   0.542693684452   0.526064403851
2.408   0.542693631739   0.526064974752
2.504   0.542693604041   0.526065303308
2.6   0.542693589488   0.526065492396
2.696   0.542693581841   0.526065601219
2.792   0.542693577823   0.526065663849
2.888   0.542693575712   0.526065699894
2.984   0.542693574603   0.526065720638
3.08   0.54269357402   0.526065732577
3.176   0.542693573714   0.526065739448
3.272   0.542693573553   0.526065743403
3.368   0.542693573468   0.526065745679
3.464   0.542693573424   0.526065746989
3.56   0.5426935734   0.526065747743
3.656   0.542693573388   0.526065748176
3.752   0.542693573382   0.526065748426
3.848   0.542693573378   0.52606574857
3.944   0.542693573377   0.526065748653
4.04   0.542693573376   0.5260657487
4.136   0.542693573375   0.526065748727
4.232   0.542693573375   0.526065748743
4.328   0.542693573375   0.526065748752
4.424   0.542693573375   0.526065748758
4.52   0.542693573375   0.526065748761
4.616   0.542693573375   0.526065748762
4.712   0.542693573375   0.526065748763
4.808   0.542693573375   0.526065748764
4.904   0.542693573375   0.526065748764
5.0   0.542693573375   0.526065748764
5.096   0.542693573375   0.526065748764
5.192   0.542693573375   0.526065748765
5.288   0.542693573375   0.526065748765
5.384   0.542693573375   0.526065748765
5.48   0.542693573375   0.526065748765
5.576   0.542693573375   0.526065748765
5.672   0.542693573375   0.526065748765
5.768   0.542693573375   0.526065748765
5.864   0.542693573375   0.526065748765
5.96   0.542693573375   0.526065748765
6.056   0.542693573375   0.526065748765
6.152   0.542693573375   0.526065748765
6.248   0.542693573375   0.526065748765
6.344   0.542693573375   0.526065748765
6.44   0.542693573375   0.526065748765
6.536   0.542693573375   0.526065748765
6.632   0.542693573375   0.526065748765
6.728   0.542693573375   0.526065748765
6.824   0.542693573375   0.526065748765
6.92   0.542693573375   0.526065748765
7.016   0.542693573375   0.526065748765
7.112   0.542693573375   0.526065748765
7.208   0.542693573375   0.526065748765
7.304   0.542693573375   0.526065748765
7.4   0.542693573375   0.526065748765
7.496   0.542693573375   0.526065748765
7.592   0.542693573375   0.526065748765
7.688   0.542693573375   0.526065748765
7.784   0.542693573375   0.526065748765
7.88   0.542693573375   0.526065748765
7.976   0.542693573375   0.526065748765
8.072   0.542693573375   0.526065748765
8.168   0.542693573375   0.526065748765
8.264   0.542693573375   0.526065748765
8.36   0.542693573375   0.526065748765
8.456   0.542693573375   0.526065748765
8.552   0.542693573375   0.526065748765
8.648   0.542693573375   0.526065748765
8.744   0.542693573375   0.526065748765
8.84   0.542693573375   0.526065748765
8.936   0.542693573375   0.526065748765
9.032   0.542693573375   0.526065748765
9.128   0.542693573375   0.526065748765
9.224   0.542693573375   0.526065748765
9.32   0.542693573375   0.526065748765
9.416   0.542693573375   0.526065748765
9.512   0.542693573375   0.526065748765
9.608   0.542693573375   0.526065748765
9.704   0.542693573375   0.526065748765
