0.2   0.564672677842   0.417648054684
0.296   0.561148494439   0.464297565708
0.392   0.558143965838   0.494046233661
0.488   0.555642839743   0.513223394358
0.584   0.553616627779   0.525235898451
0.68   0.552028353933   0.532501020978
0.776   0.550834485239   0.536811503364
0.872   0.549984624462   0.539350252867
0.968   0.549419281522   0.540830053137
1.064   0.54907030998   0.541675412533
1.16   0.548869724125   0.542146221061
1.256   0.54876101909   0.542402429696
1.352   0.548703845003   0.542539703233
1.448   0.548674663128   0.542612495509
1.544   0.548659955518   0.542650917144
1.64   0.548652593153   0.542671147999
1.736   0.548648920911   0.542681787828
1.832   0.548647092678   0.542687380438
1.928   0.548646183371   0.542690319366
2.024   0.548645731334   0.542691863627
2.12   0.548645506674   0.542692675029
2.216   0.548645395034   0.54269310136
2.312   0.54864533956   0.542693325365
2.408   0.548645311996   0.542693443064
2.504   0.548645298301   0.542693504905
2.6   0.548645291496   0.542693537399
2.696   0.548645288115   0.542693554472
2.792   0.548645286435   0.542693563443
2.888   0.5486452856   0.542693568156
2.984   0.548645285185   0.542693570633
3.08   0.548645284979   0.542693571934
3.176   0.548645284877   0.542693572618
3.272   0.548645284826   0.542693572977
3.368   0.548645284801   0.542693573166
3.464   0.548645284788   0.542693573265
3.56   0.548645284782   0.542693573317
3.656   0.548645284779   0.542693573344
3.752   0.548645284777   0.542693573359
3.848   0.548645284777   0.542693573366
3.944   0.548645284776   0.54269357337
4.04   0.548645284776   0.542693573372
4.136   0.548645284776   0.542693573373
4.232   0.548645284776   0.542693573374
4.328   0.548645284776   0.542693573374
4.424   0.548645284776   0.542693573374
4.52   0.548645284776   0.542693573375
4.616   0.548645284776   0.542693573375
4.712   0.548645284776   0.542693573375
4.808   0.548645284776   0.542693573375
4.904   0.548645284776   0.542693573375
5.0   0.548645284776   0.542693573375
5.096   0.548645284776   0.542693573375
5.192   0.548645284776   0.542693573375
5.288   0.548645284776   0.542693573375
5.384   0.548645284776   0.542693573375
5.48   0.548645284776   0.542693573375
5.576   0.548645284776   0.542693573375
5.672   0.548645284776   0.542693573375
5.768   0.548645284776   0.542693573375
5.864   0.548645284776   0.542693573375
5.96   0.548645284776   0.542693573375
6.056   0.548645284776   0.542693573375
6.152   0.548645284776   0.542693573375
6.248   0.548645284776   0.542693573375
6.344   0.548645284776   0.542693573375
6.44   0.548645284776   0.542693573375
6.536   0.548645284776   0.542693573375
6.632   0.548645284776   0.542693573375
6.728   0.548645284776   0.542693573375
6.824   0.548645284776   0.542693573375
6.92   0.548645284776   0.542693573375
7.016   0.548645284776   0.542693573375
7.112   0.548645284776   0.542693573375
7.208   0.548645284776   0.542693573375
7.304   0.548645284776   0.542693573375
7.4   0.548645284776   0.542693573375
7.496   0.548645284776   0.542693573375
7.592   0.548645284776   0.542693573375
7.688   0.548645284776   0.542693573375
7.784   0.548645284776   0.542693573375
7.88   0.548645284776   0.542693573375
7.976   0.548645284776   0.542693573375
8.072   0.548645284776   0.542693573375
8.168   0.548645284776   0.542693573375
8.264   0.548645284776   0.542693573375
8.36   0.548645284776   0.542693573375
8.456   0.548645284776   0.542693573375
8.552   0.548645284776   0.542693573375
8.648   0.548645284776   0.542693573375
8.744   0.548645284776   0.542693573375
8.84   0.548645284776   0.542693573375
8.936   0.548645284776   0.542693573375
9.032   0.548645284776   0.542693573375
9.128   0.548645284776   0.542693573375
9.224   0.548645284776   0.542693573375
9.32   0.548645284776   0.542693573375
9.416   0.548645284776   0.542693573375
9.512   0.548645284776   0.542693573375
9.608   0.548645284776   0.542693573375
9.704   0.548645284776   0.542693573375
