0.2   0.563277310663   0.424705816091
0.296   0.559162414756   0.462239801353
0.392   0.55562238383   0.487842257608
0.488   0.552633538538   0.505394567167
0.584   0.550158543478   0.517193707534
0.68   0.548151257602   0.524923347851
0.776   0.546560862166   0.529901850501
0.872   0.545335496318   0.533089817481
0.968   0.544424098615   0.535126236481
1.064   0.543776271996   0.536416307269
1.16   0.543340300485   0.537217982959
1.256   0.543064301951   0.537702101807
1.352   0.542899358629   0.537985138324
1.448   0.542805602297   0.53814616558
1.544   0.542753502933   0.538236215675
1.64   0.542725376978   0.538285680216
1.736   0.542710375162   0.538312722318
1.832   0.542702427646   0.538327445473
1.928   0.542698233094   0.538335443328
2.024   0.542696023831   0.538339782583
2.12   0.542694861511   0.538342135342
2.216   0.542694250368   0.538343410589
2.312   0.542693929134   0.538344101682
2.408   0.542693760315   0.538344476172
2.504   0.542693671602   0.538344679091
2.6   0.542693624988   0.538344789042
2.696   0.542693600494   0.538344848618
2.792   0.542693587624   0.538344880898
2.888   0.542693580862   0.538344898389
2.984   0.542693577309   0.538344907866
3.08   0.542693575442   0.538344913
3.176   0.542693574461   0.538344915783
3.272   0.542693573945   0.53834491729
3.368   0.542693573674   0.538344918107
3.464   0.542693573532   0.53834491855
3.56   0.542693573457   0.538344918789
3.656   0.542693573418   0.538344918919
3.752   0.542693573398   0.53834491899
3.848   0.542693573387   0.538344919028
3.944   0.542693573381   0.538344919049
4.04   0.542693573378   0.53834491906
4.136   0.542693573376   0.538344919066
4.232   0.542693573376   0.538344919069
4.328   0.542693573375   0.538344919071
4.424   0.542693573375   0.538344919072
4.52   0.542693573375   0.538344919072
4.616   0.542693573375   0.538344919073
4.712   0.542693573375   0.538344919073
4.808   0.542693573375   0.538344919073
4.904   0.542693573375   0.538344919073
5.0   0.542693573375   0.538344919073
5.096   0.542693573375   0.538344919073
5.192   0.542693573375   0.538344919073
5.288   0.542693573375   0.538344919073
5.384   0.542693573375   0.538344919073
5.48   0.542693573375   0.538344919073
5.576   0.542693573375   0.538344919073
5.672   0.542693573375   0.538344919073
5.768   0.542693573375   0.538344919073
5.864   0.542693573375   0.538344919073
5.96   0.542693573375   0.538344919073
6.056   0.542693573375   0.538344919073
6.152   0.542693573375   0.538344919073
6.248   0.542693573375   0.538344919073
6.344   0.542693573375   0.538344919073
6.44   0.542693573375   0.538344919073
6.536   0.542693573375   0.538344919073
6.632   0.542693573375   0.538344919073
6.728   0.542693573375   0.538344919073
6.824   0.542693573375   0.538344919073
6.92   0.542693573375   0.538344919073
7.016   0.542693573375   0.538344919073
7.112   0.542693573375   0.538344919073
7.208   0.542693573375   0.538344919073
7.304   0.542693573375   0.538344919073
7.4   0.542693573375   0.538344919073
7.496   0.542693573375   0.538344919073
7.592   0.542693573375   0.538344919073
7.688   0.542693573375   0.538344919073
7.784   0.542693573375   0.538344919073
7.88   0.542693573375   0.538344919073
7.976   0.542693573375   0.538344919073
8.072   0.542693573375   0.538344919073
8.168   0.542693573375   0.538344919073
8.264   0.542693573375   0.538344919073
8.36   0.542693573375   0.538344919073
8.456   0.542693573375   0.538344919073
8.552   0.542693573375   0.538344919073
8.648   0.542693573375   0.538344919073
8.744   0.542693573375   0.538344919073
8.84   0.542693573375   0.538344919073
8.936   0.542693573375   0.538344919073
9.032   0.542693573375   0.538344919073
9.128   0.542693573375   0.538344919073
9.224   0.542693573375   0.538344919073
9.32   0.542693573375   0.538344919073
9.416   0.542693573375   0.538344919073
9.512   0.542693573375   0.538344919073
9.608   0.542693573375   0.538344919073
9.704   0.542693573375   0.538344919073
