0.2   0.565056187199   0.429158073709
0.296   0.561745792686   0.472193836833
0.392   0.558974572103   0.499800831024
0.488   0.556729369559   0.517473614251
0.584   0.554985222846   0.5283294314
0.68   0.553703018777   0.534696503419
0.776   0.552825172932   0.538317626487
0.872   0.552272505997   0.540335090788
0.968   0.55195272468   0.541437788432
1.064   0.551780833757   0.542030184663
1.16   0.551692258836   0.542344511423
1.256   0.551648314275   0.542510248078
1.352   0.55162687553   0.542597322491
1.448   0.551616509951   0.542643036385
1.544   0.551611521581   0.542667034331
1.64   0.55160912668   0.542679634322
1.736   0.551607978281   0.542686251229
1.832   0.551607427936   0.542689726714
1.928   0.551607164275   0.542691552422
2.024   0.551607037978   0.542692511568
2.12   0.551606977485   0.542693015489
2.216   0.551606948512   0.542693280251
2.312   0.551606934635   0.54269341936
2.408   0.551606927989   0.542693492451
2.504   0.551606924806   0.542693530855
2.6   0.551606923281   0.542693551034
2.696   0.551606922551   0.542693561636
2.792   0.551606922201   0.542693567207
2.888   0.551606922034   0.542693570134
2.984   0.551606921954   0.542693571672
3.08   0.551606921915   0.54269357248
3.176   0.551606921897   0.542693572905
3.272   0.551606921888   0.542693573128
3.368   0.551606921884   0.542693573245
3.464   0.551606921882   0.542693573306
3.56   0.551606921881   0.542693573339
3.656   0.55160692188   0.542693573356
3.752   0.55160692188   0.542693573365
3.848   0.55160692188   0.542693573369
3.944   0.55160692188   0.542693573372
4.04   0.55160692188   0.542693573373
4.136   0.55160692188   0.542693573374
4.232   0.55160692188   0.542693573374
4.328   0.55160692188   0.542693573374
4.424   0.55160692188   0.542693573375
4.52   0.55160692188   0.542693573375
4.616   0.55160692188   0.542693573375
4.712   0.55160692188   0.542693573375
4.808   0.55160692188   0.542693573375
4.904   0.55160692188   0.542693573375
5.0   0.55160692188   0.542693573375
5.096   0.55160692188   0.542693573375
5.192   0.55160692188   0.542693573375
5.288   0.55160692188   0.542693573375
5.384   0.55160692188   0.542693573375
5.48   0.55160692188   0.542693573375
5.576   0.55160692188   0.542693573375
5.672   0.55160692188   0.542693573375
5.768   0.55160692188   0.542693573375
5.864   0.55160692188   0.542693573375
5.96   0.55160692188   0.542693573375
6.056   0.55160692188   0.542693573375
6.152   0.55160692188   0.542693573375
6.248   0.55160692188   0.542693573375
6.344   0.55160692188   0.542693573375
6.44   0.55160692188   0.542693573375
6.536   0.55160692188   0.542693573375
6.632   0.55160692188   0.542693573375
6.728   0.55160692188   0.542693573375
6.824   0.55160692188   0.542693573375
6.92   0.55160692188   0.542693573375
7.016   0.55160692188   0.542693573375
7.112   0.55160692188   0.542693573375
7.208   0.55160692188   0.542693573375
7.304   0.55160692188   0.542693573375
7.4   0.55160692188   0.542693573375
7.496   0.55160692188   0.542693573375
7.592   0.55160692188   0.542693573375
7.688   0.55160692188   0.542693573375
7.784   0.55160692188   0.542693573375
7.88   0.55160692188   0.542693573375
7.976   0.55160692188   0.542693573375
8.072   0.55160692188   0.542693573375
8.168   0.55160692188   0.542693573375
8.264   0.55160692188   0.542693573375
8.36   0.55160692188   0.542693573375
8.456   0.55160692188   0.542693573375
8.552   0.55160692188   0.542693573375
8.648   0.55160692188   0.542693573375
8.744   0.55160692188   0.542693573375
8.84   0.55160692188   0.542693573375
8.936   0.55160692188   0.542693573375
9.032   0.55160692188   0.542693573375
9.128   0.55160692188   0.542693573375
9.224   0.55160692188   0.542693573375
9.32   0.55160692188   0.542693573375
9.416   0.55160692188   0.542693573375
9.512   0.55160692188   0.542693573375
9.608   0.55160692188   0.542693573375
9.704   0.55160692188   0.542693573375
