0.2   0.56496805884   0.42362599682
0.296   0.561600770901   0.468821544797
0.392   0.558763743482   0.497612259108
0.488   0.556443536956   0.516021142184
0.584   0.554615476067   0.527366105739
0.68   0.553243059401   0.534065416013
0.776   0.552275664067   0.537915004574
0.872   0.551644542938   0.540089056962
0.968   0.55126557066   0.541294674952
1.064   0.551054563911   0.541950356023
1.16   0.550943775869   0.542301174169
1.256   0.550887384552   0.542487141969
1.352   0.550859438042   0.542585095075
1.448   0.550845745724   0.542636590681
1.544   0.550839077554   0.542663642801
1.64   0.550835840271   0.542677851325
1.736   0.550834271131   0.542685314214
1.832   0.550833511168   0.542689234358
1.928   0.550833143256   0.542691293725
2.024   0.550832965178   0.542692375644
2.12   0.550832878994   0.542692944072
2.216   0.550832837286   0.542693242726
2.312   0.550832817102   0.542693399644
2.408   0.550832807334   0.542693482092
2.504   0.550832802607   0.542693525412
2.6   0.55083280032   0.542693548174
2.696   0.550832799213   0.542693560133
2.792   0.550832798677   0.542693566417
2.888   0.550832798418   0.542693569719
2.984   0.550832798292   0.542693571454
3.08   0.550832798232   0.542693572365
3.176   0.550832798202   0.542693572844
3.272   0.550832798188   0.542693573096
3.368   0.550832798181   0.542693573228
3.464   0.550832798178   0.542693573298
3.56   0.550832798176   0.542693573334
3.656   0.550832798176   0.542693573353
3.752   0.550832798175   0.542693573363
3.848   0.550832798175   0.542693573369
3.944   0.550832798175   0.542693573372
4.04   0.550832798175   0.542693573373
4.136   0.550832798175   0.542693573374
4.232   0.550832798175   0.542693573374
4.328   0.550832798175   0.542693573374
4.424   0.550832798175   0.542693573375
4.52   0.550832798175   0.542693573375
4.616   0.550832798175   0.542693573375
4.712   0.550832798175   0.542693573375
4.808   0.550832798175   0.542693573375
4.904   0.550832798175   0.542693573375
5.0   0.550832798175   0.542693573375
5.096   0.550832798175   0.542693573375
5.192   0.550832798175   0.542693573375
5.288   0.550832798175   0.542693573375
5.384   0.550832798175   0.542693573375
5.48   0.550832798175   0.542693573375
5.576   0.550832798175   0.542693573375
5.672   0.550832798175   0.542693573375
5.768   0.550832798175   0.542693573375
5.864   0.550832798175   0.542693573375
5.96   0.550832798175   0.542693573375
6.056   0.550832798175   0.542693573375
6.152   0.550832798175   0.542693573375
6.248   0.550832798175   0.542693573375
6.344   0.550832798175   0.542693573375
6.44   0.550832798175   0.542693573375
6.536   0.550832798175   0.542693573375
6.632   0.550832798175   0.542693573375
6.728   0.550832798175   0.542693573375
6.824   0.550832798175   0.542693573375
6.92   0.550832798175   0.542693573375
7.016   0.550832798175   0.542693573375
7.112   0.550832798175   0.542693573375
7.208   0.550832798175   0.542693573375
7.304   0.550832798175   0.542693573375
7.4   0.550832798175   0.542693573375
7.496   0.550832798175   0.542693573375
7.592   0.550832798175   0.542693573375
7.688   0.550832798175   0.542693573375
7.784   0.550832798175   0.542693573375
7.88   0.550832798175   0.542693573375
7.976   0.550832798175   0.542693573375
8.072   0.550832798175   0.542693573375
8.168   0.550832798175   0.542693573375
8.264   0.550832798175   0.542693573375
8.36   0.550832798175   0.542693573375
8.456   0.550832798175   0.542693573375
8.552   0.550832798175   0.542693573375
8.648   0.550832798175   0.542693573375
8.744   0.550832798175   0.542693573375
8.84   0.550832798175   0.542693573375
8.936   0.550832798175   0.542693573375
9.032   0.550832798175   0.542693573375
9.128   0.550832798175   0.542693573375
9.224   0.550832798175   0.542693573375
9.32   0.550832798175   0.542693573375
9.416   0.550832798175   0.542693573375
9.512   0.550832798175   0.542693573375
9.608   0.550832798175   0.542693573375
9.704   0.550832798175   0.542693573375
