0.2   0.562390211722   0.39245934003
0.296   0.557906936087   0.43754449125
0.392   0.554076394255   0.46763663229
0.488   0.550900195401   0.488139561975
0.584   0.548361931592   0.50196992412
0.68   0.546425260894   0.51106325086
0.776   0.545029224662   0.516867570567
0.872   0.544086305613   0.520470907653
0.968   0.543490301507   0.522653903195
1.064   0.543135249889   0.523950408744
1.16   0.542933416367   0.524709459581
1.256   0.542821919127   0.525149880892
1.352   0.542761713092   0.525404304779
1.448   0.542729584189   0.525550930396
1.544   0.542712555373   0.525635301556
1.64   0.542703564723   0.525683892764
1.736   0.542698828216   0.525711869658
1.832   0.542696335888   0.52572798044
1.928   0.542695025302   0.525737259544
2.024   0.542694336381   0.525742604625
2.12   0.542693974315   0.525745683885
2.216   0.542693784051   0.525747457949
2.312   0.542693684073   0.525748480096
2.408   0.54269363154   0.525749069038
2.504   0.542693603937   0.525749408381
2.6   0.542693589433   0.525749603911
2.696   0.542693581812   0.525749716577
2.792   0.542693577808   0.525749781496
2.888   0.542693575704   0.525749818903
2.984   0.542693574599   0.525749840457
3.08   0.542693574018   0.525749852877
3.176   0.542693573713   0.525749860033
3.272   0.542693573552   0.525749864157
3.368   0.542693573468   0.525749866533
3.464   0.542693573424   0.525749867902
3.56   0.5426935734   0.525749868691
3.656   0.542693573388   0.525749869146
3.752   0.542693573382   0.525749869408
3.848   0.542693573378   0.525749869559
3.944   0.542693573377   0.525749869646
4.04   0.542693573376   0.525749869696
4.136   0.542693573375   0.525749869725
4.232   0.542693573375   0.525749869741
4.328   0.542693573375   0.525749869751
4.424   0.542693573375   0.525749869756
4.52   0.542693573375   0.52574986976
4.616   0.542693573375   0.525749869761
4.712   0.542693573375   0.525749869762
4.808   0.542693573375   0.525749869763
4.904   0.542693573375   0.525749869763
5.0   0.542693573375   0.525749869764
5.096   0.542693573375   0.525749869764
5.192   0.542693573375   0.525749869764
5.288   0.542693573375   0.525749869764
5.384   0.542693573375   0.525749869764
5.48   0.542693573375   0.525749869764
5.576   0.542693573375   0.525749869764
5.672   0.542693573375   0.525749869764
5.768   0.542693573375   0.525749869764
5.864   0.542693573375   0.525749869764
5.96   0.542693573375   0.525749869764
6.056   0.542693573375   0.525749869764
6.152   0.542693573375   0.525749869764
6.248   0.542693573375   0.525749869764
6.344   0.542693573375   0.525749869764
6.44   0.542693573375   0.525749869764
6.536   0.542693573375   0.525749869764
6.632   0.542693573375   0.525749869764
6.728   0.542693573375   0.525749869764
6.824   0.542693573375   0.525749869764
6.92   0.542693573375   0.525749869764
7.016   0.542693573375   0.525749869764
7.112   0.542693573375   0.525749869764
7.208   0.542693573375   0.525749869764
7.304   0.542693573375   0.525749869764
7.4   0.542693573375   0.525749869764
7.496   0.542693573375   0.525749869764
7.592   0.542693573375   0.525749869764
7.688   0.542693573375   0.525749869764
7.784   0.542693573375   0.525749869764
7.88   0.542693573375   0.525749869764
7.976   0.542693573375   0.525749869764
8.072   0.542693573375   0.525749869764
8.168   0.542693573375   0.525749869764
8.264   0.542693573375   0.525749869764
8.36   0.542693573375   0.525749869764
8.456   0.542693573375   0.525749869764
8.552   0.542693573375   0.525749869764
8.648   0.542693573375   0.525749869764
8.744   0.542693573375   0.525749869764
8.84   0.542693573375   0.525749869764
8.936   0.542693573375   0.525749869764
9.032   0.542693573375   0.525749869764
9.128   0.542693573375   0.525749869764
9.224   0.542693573375   0.525749869764
9.32   0.542693573375   0.525749869764
9.416   0.542693573375   0.525749869764
9.512   0.542693573375   0.525749869764
9.608   0.542693573375   0.525749869764
9.704   0.542693573375   0.525749869764
