0.2   0.564331926476   0.435148541767
0.296   0.560689475607   0.472837034803
0.392   0.557588240092   0.49802620966
0.488   0.555003388045   0.514811974055
0.584   0.552898012986   0.525649554727
0.68   0.55122778312   0.532412869954
0.776   0.54994441925   0.536557730328
0.872   0.548997841581   0.539084211956
0.968   0.548335832991   0.540614182163
1.064   0.547901665839   0.541524705916
1.16   0.547636396624   0.542051723665
1.256   0.547485147494   0.542347280914
1.352   0.54740192059   0.542508882411
1.448   0.547358136056   0.542595908336
1.544   0.547335547234   0.542642057542
1.64   0.54732401938   0.542666452617
1.736   0.547318170884   0.542679309738
1.832   0.547315213007   0.542686075417
1.928   0.547313719515   0.54268963288
2.024   0.547312966067   0.542691502717
2.12   0.547312586131   0.542692485341
2.216   0.547312394587   0.542693001678
2.312   0.547312298032   0.542693272986
2.408   0.547312249363   0.542693415541
2.504   0.547312224832   0.542693490444
2.6   0.547312212468   0.5426935298
2.696   0.547312206236   0.542693550479
2.792   0.547312203094   0.542693561345
2.888   0.547312201511   0.542693567054
2.984   0.547312200713   0.542693570053
3.08   0.547312200311   0.54269357163
3.176   0.547312200108   0.542693572458
3.272   0.547312200006   0.542693572893
3.368   0.547312199955   0.542693573122
3.464   0.547312199929   0.542693573242
3.56   0.547312199916   0.542693573305
3.656   0.547312199909   0.542693573338
3.752   0.547312199906   0.542693573355
3.848   0.547312199904   0.542693573365
3.944   0.547312199903   0.542693573369
4.04   0.547312199903   0.542693573372
4.136   0.547312199903   0.542693573373
4.232   0.547312199903   0.542693573374
4.328   0.547312199902   0.542693573374
4.424   0.547312199902   0.542693573374
4.52   0.547312199902   0.542693573375
4.616   0.547312199902   0.542693573375
4.712   0.547312199902   0.542693573375
4.808   0.547312199902   0.542693573375
4.904   0.547312199902   0.542693573375
5.0   0.547312199902   0.542693573375
5.096   0.547312199902   0.542693573375
5.192   0.547312199902   0.542693573375
5.288   0.547312199902   0.542693573375
5.384   0.547312199902   0.542693573375
5.48   0.547312199902   0.542693573375
5.576   0.547312199902   0.542693573375
5.672   0.547312199902   0.542693573375
5.768   0.547312199902   0.542693573375
5.864   0.547312199902   0.542693573375
5.96   0.547312199902   0.542693573375
6.056   0.547312199902   0.542693573375
6.152   0.547312199902   0.542693573375
6.248   0.547312199902   0.542693573375
6.344   0.547312199902   0.542693573375
6.44   0.547312199902   0.542693573375
6.536   0.547312199902   0.542693573375
6.632   0.547312199902   0.542693573375
6.728   0.547312199902   0.542693573375
6.824   0.547312199902   0.542693573375
6.92   0.547312199902   0.542693573375
7.016   0.547312199902   0.542693573375
7.112   0.547312199902   0.542693573375
7.208   0.547312199902   0.542693573375
7.304   0.547312199902   0.542693573375
7.4   0.547312199902   0.542693573375
7.496   0.547312199902   0.542693573375
7.592   0.547312199902   0.542693573375
7.688   0.547312199902   0.542693573375
7.784   0.547312199902   0.542693573375
7.88   0.547312199902   0.542693573375
7.976   0.547312199902   0.542693573375
8.072   0.547312199902   0.542693573375
8.168   0.547312199902   0.542693573375
8.264   0.547312199902   0.542693573375
8.36   0.547312199902   0.542693573375
8.456   0.547312199902   0.542693573375
8.552   0.547312199902   0.542693573375
8.648   0.547312199902   0.542693573375
8.744   0.547312199902   0.542693573375
8.84   0.547312199902   0.542693573375
8.936   0.547312199902   0.542693573375
9.032   0.547312199902   0.542693573375
9.128   0.547312199902   0.542693573375
9.224   0.547312199902   0.542693573375
9.32   0.547312199902   0.542693573375
9.416   0.547312199902   0.542693573375
9.512   0.547312199902   0.542693573375
9.608   0.547312199902   0.542693573375
9.704   0.547312199902   0.542693573375
