0.2   0.564976919989   0.439992847903
0.296   0.561655934283   0.477944374728
0.392   0.558887583721   0.502890212944
0.488   0.556654989595   0.519101460554
0.584   0.554929701615   0.529172242458
0.68   0.553669184407   0.535134668693
0.776   0.552812350058   0.538548786499
0.872   0.552276968339   0.540457947553
0.968   0.551969301889   0.541502933521
1.064   0.551804771915   0.54206453819
1.16   0.551720311001   0.542362566139
1.256   0.551678499021   0.542519679012
1.352   0.551658128983   0.542602284547
1.448   0.551648289379   0.542645639189
1.544   0.55164355744   0.542668400259
1.64   0.551641286955   0.542680351433
1.736   0.55164019877   0.542686627821
1.832   0.551639677529   0.542689924522
1.928   0.551639427927   0.542691656335
2.024   0.551639308419   0.542692566161
2.12   0.551639251203   0.542693044171
2.216   0.551639223811   0.542693295321
2.312   0.551639210698   0.542693427278
2.408   0.55163920442   0.542693496612
2.504   0.551639201415   0.542693533041
2.6   0.551639199976   0.542693552182
2.696   0.551639199287   0.54269356224
2.792   0.551639198958   0.542693567524
2.888   0.5516391988   0.542693570301
2.984   0.551639198724   0.542693571759
3.08   0.551639198688   0.542693572526
3.176   0.551639198671   0.542693572929
3.272   0.551639198662   0.54269357314
3.368   0.551639198658   0.542693573252
3.464   0.551639198656   0.54269357331
3.56   0.551639198656   0.542693573341
3.656   0.551639198655   0.542693573357
3.752   0.551639198655   0.542693573365
3.848   0.551639198655   0.54269357337
3.944   0.551639198655   0.542693573372
4.04   0.551639198655   0.542693573373
4.136   0.551639198655   0.542693573374
4.232   0.551639198655   0.542693573374
4.328   0.551639198655   0.542693573374
4.424   0.551639198655   0.542693573375
4.52   0.551639198655   0.542693573375
4.616   0.551639198655   0.542693573375
4.712   0.551639198655   0.542693573375
4.808   0.551639198655   0.542693573375
4.904   0.551639198655   0.542693573375
5.0   0.551639198655   0.542693573375
5.096   0.551639198655   0.542693573375
5.192   0.551639198655   0.542693573375
5.288   0.551639198655   0.542693573375
5.384   0.551639198655   0.542693573375
5.48   0.551639198655   0.542693573375
5.576   0.551639198655   0.542693573375
5.672   0.551639198655   0.542693573375
5.768   0.551639198655   0.542693573375
5.864   0.551639198655   0.542693573375
5.96   0.551639198655   0.542693573375
6.056   0.551639198655   0.542693573375
6.152   0.551639198655   0.542693573375
6.248   0.551639198655   0.542693573375
6.344   0.551639198655   0.542693573375
6.44   0.551639198655   0.542693573375
6.536   0.551639198655   0.542693573375
6.632   0.551639198655   0.542693573375
6.728   0.551639198655   0.542693573375
6.824   0.551639198655   0.542693573375
6.92   0.551639198655   0.542693573375
7.016   0.551639198655   0.542693573375
7.112   0.551639198655   0.542693573375
7.208   0.551639198655   0.542693573375
7.304   0.551639198655   0.542693573375
7.4   0.551639198655   0.542693573375
7.496   0.551639198655   0.542693573375
7.592   0.551639198655   0.542693573375
7.688   0.551639198655   0.542693573375
7.784   0.551639198655   0.542693573375
7.88   0.551639198655   0.542693573375
7.976   0.551639198655   0.542693573375
8.072   0.551639198655   0.542693573375
8.168   0.551639198655   0.542693573375
8.264   0.551639198655   0.542693573375
8.36   0.551639198655   0.542693573375
8.456   0.551639198655   0.542693573375
8.552   0.551639198655   0.542693573375
8.648   0.551639198655   0.542693573375
8.744   0.551639198655   0.542693573375
8.84   0.551639198655   0.542693573375
8.936   0.551639198655   0.542693573375
9.032   0.551639198655   0.542693573375
9.128   0.551639198655   0.542693573375
9.224   0.551639198655   0.542693573375
9.32   0.551639198655   0.542693573375
9.416   0.551639198655   0.542693573375
9.512   0.551639198655   0.542693573375
9.608   0.551639198655   0.542693573375
9.704   0.551639198655   0.542693573375
