0.2   0.562110187051   0.404220649842
0.296   0.557555777918   0.443368714872
0.392   0.553694674307   0.470257737811
0.488   0.550524881919   0.488912383476
0.584   0.548024412873   0.50165576618
0.68   0.546147991334   0.510111656506
0.776   0.544821998244   0.515542104509
0.872   0.543945220545   0.518924775122
0.968   0.543401874294   0.520978203899
1.064   0.543083277797   0.522200487614
1.16   0.542904145051   0.522918524925
1.256   0.542805940624   0.523337098491
1.352   0.542753133946   0.523580224365
1.448   0.542725021733   0.523721171135
1.544   0.542710142098   0.523802846572
1.64   0.542702292073   0.523850176432
1.736   0.542698158191   0.52387760839
1.832   0.542695983454   0.523893510997
1.928   0.542694840012   0.52390273159
2.024   0.542694238993   0.523908078599
2.12   0.542693923136   0.523911179643
2.216   0.542693757157   0.523912978251
2.312   0.542693669942   0.523914021497
2.408   0.542693624114   0.523914626629
2.504   0.542693600035   0.523914977643
2.6   0.542693587383   0.523915181255
2.696   0.542693580735   0.523915299365
2.792   0.542693577242   0.523915367878
2.888   0.542693575407   0.523915407621
2.984   0.542693574442   0.523915430675
3.08   0.542693573936   0.523915444049
3.176   0.542693573669   0.523915451806
3.272   0.54269357353   0.523915456306
3.368   0.542693573456   0.523915458917
3.464   0.542693573417   0.523915460431
3.56   0.542693573397   0.523915461309
3.656   0.542693573386   0.523915461819
3.752   0.542693573381   0.523915462114
3.848   0.542693573378   0.523915462286
3.944   0.542693573376   0.523915462385
4.04   0.542693573376   0.523915462443
4.136   0.542693573375   0.523915462476
4.232   0.542693573375   0.523915462496
4.328   0.542693573375   0.523915462507
4.424   0.542693573375   0.523915462514
4.52   0.542693573375   0.523915462517
4.616   0.542693573375   0.52391546252
4.712   0.542693573375   0.523915462521
4.808   0.542693573375   0.523915462522
4.904   0.542693573375   0.523915462522
5.0   0.542693573375   0.523915462522
5.096   0.542693573375   0.523915462523
5.192   0.542693573375   0.523915462523
5.288   0.542693573375   0.523915462523
5.384   0.542693573375   0.523915462523
5.48   0.542693573375   0.523915462523
5.576   0.542693573375   0.523915462523
5.672   0.542693573375   0.523915462523
5.768   0.542693573375   0.523915462523
5.864   0.542693573375   0.523915462523
5.96   0.542693573375   0.523915462523
6.056   0.542693573375   0.523915462523
6.152   0.542693573375   0.523915462523
6.248   0.542693573375   0.523915462523
6.344   0.542693573375   0.523915462523
6.44   0.542693573375   0.523915462523
6.536   0.542693573375   0.523915462523
6.632   0.542693573375   0.523915462523
6.728   0.542693573375   0.523915462523
6.824   0.542693573375   0.523915462523
6.92   0.542693573375   0.523915462523
7.016   0.542693573375   0.523915462523
7.112   0.542693573375   0.523915462523
7.208   0.542693573375   0.523915462523
7.304   0.542693573375   0.523915462523
7.4   0.542693573375   0.523915462523
7.496   0.542693573375   0.523915462523
7.592   0.542693573375   0.523915462523
7.688   0.542693573375   0.523915462523
7.784   0.542693573375   0.523915462523
7.88   0.542693573375   0.523915462523
7.976   0.542693573375   0.523915462523
8.072   0.542693573375   0.523915462523
8.168   0.542693573375   0.523915462523
8.264   0.542693573375   0.523915462523
8.36   0.542693573375   0.523915462523
8.456   0.542693573375   0.523915462523
8.552   0.542693573375   0.523915462523
8.648   0.542693573375   0.523915462523
8.744   0.542693573375   0.523915462523
8.84   0.542693573375   0.523915462523
8.936   0.542693573375   0.523915462523
9.032   0.542693573375   0.523915462523
9.128   0.542693573375   0.523915462523
9.224   0.542693573375   0.523915462523
9.32   0.542693573375   0.523915462523
9.416   0.542693573375   0.523915462523
9.512   0.542693573375   0.523915462523
9.608   0.542693573375   0.523915462523
9.704   0.542693573375   0.523915462523
