0.2   0.565823116385   0.431064102633
0.296   0.562916842223   0.476079568345
0.392   0.560582429159   0.504095602998
0.488   0.558812881052   0.5213201651
0.584   0.557572620755   0.531300419807
0.68   0.556784460922   0.536744777025
0.776   0.5563335366   0.539611100224
0.872   0.55609859944   0.541097523723
0.968   0.555984315355   0.541865237685
1.064   0.555930724786   0.54226227817
1.16   0.555906261542   0.542468394714
1.256   0.555895218621   0.542575742494
1.352   0.555890261349   0.542631820529
1.448   0.555888041978   0.542661177608
1.544   0.555887049649   0.542676567751
1.64   0.555886606229   0.542684643106
1.736   0.555886408146   0.542688882677
1.832   0.555886319671   0.542691109207
1.928   0.555886280156   0.542692278768
2.024   0.555886262507   0.542692893191
2.12   0.555886254626   0.542693215998
2.216   0.555886251106   0.542693385602
2.312   0.555886249534   0.542693474714
2.408   0.555886248831   0.542693521536
2.504   0.555886248518   0.542693546137
2.6   0.555886248378   0.542693559063
2.696   0.555886248315   0.542693565855
2.792   0.555886248287   0.542693569424
2.888   0.555886248275   0.542693571299
2.984   0.555886248269   0.542693572284
3.08   0.555886248267   0.542693572802
3.176   0.555886248266   0.542693573074
3.272   0.555886248265   0.542693573216
3.368   0.555886248265   0.542693573292
3.464   0.555886248265   0.542693573331
3.56   0.555886248265   0.542693573352
3.656   0.555886248265   0.542693573363
3.752   0.555886248265   0.542693573368
3.848   0.555886248265   0.542693573371
3.944   0.555886248265   0.542693573373
4.04   0.555886248265   0.542693573374
4.136   0.555886248265   0.542693573374
4.232   0.555886248265   0.542693573374
4.328   0.555886248265   0.542693573375
4.424   0.555886248265   0.542693573375
4.52   0.555886248265   0.542693573375
4.616   0.555886248265   0.542693573375
4.712   0.555886248265   0.542693573375
4.808   0.555886248265   0.542693573375
4.904   0.555886248265   0.542693573375
5.0   0.555886248265   0.542693573375
5.096   0.555886248265   0.542693573375
5.192   0.555886248265   0.542693573375
5.288   0.555886248265   0.542693573375
5.384   0.555886248265   0.542693573375
5.48   0.555886248265   0.542693573375
5.576   0.555886248265   0.542693573375
5.672   0.555886248265   0.542693573375
5.768   0.555886248265   0.542693573375
5.864   0.555886248265   0.542693573375
5.96   0.555886248265   0.542693573375
6.056   0.555886248265   0.542693573375
6.152   0.555886248265   0.542693573375
6.248   0.555886248265   0.542693573375
6.344   0.555886248265   0.542693573375
6.44   0.555886248265   0.542693573375
6.536   0.555886248265   0.542693573375
6.632   0.555886248265   0.542693573375
6.728   0.555886248265   0.542693573375
6.824   0.555886248265   0.542693573375
6.92   0.555886248265   0.542693573375
7.016   0.555886248265   0.542693573375
7.112   0.555886248265   0.542693573375
7.208   0.555886248265   0.542693573375
7.304   0.555886248265   0.542693573375
7.4   0.555886248265   0.542693573375
7.496   0.555886248265   0.542693573375
7.592   0.555886248265   0.542693573375
7.688   0.555886248265   0.542693573375
7.784   0.555886248265   0.542693573375
7.88   0.555886248265   0.542693573375
7.976   0.555886248265   0.542693573375
8.072   0.555886248265   0.542693573375
8.168   0.555886248265   0.542693573375
8.264   0.555886248265   0.542693573375
8.36   0.555886248265   0.542693573375
8.456   0.555886248265   0.542693573375
8.552   0.555886248265   0.542693573375
8.648   0.555886248265   0.542693573375
8.744   0.555886248265   0.542693573375
8.84   0.555886248265   0.542693573375
8.936   0.555886248265   0.542693573375
9.032   0.555886248265   0.542693573375
9.128   0.555886248265   0.542693573375
9.224   0.555886248265   0.542693573375
9.32   0.555886248265   0.542693573375
9.416   0.555886248265   0.542693573375
9.512   0.555886248265   0.542693573375
9.608   0.555886248265   0.542693573375
9.704   0.555886248265   0.542693573375
