0.2   0.5632623175   0.406784113218
0.296   0.559107330481   0.45126559263
0.392   0.555516856586   0.480692384612
0.488   0.552475834068   0.500512538752
0.584   0.549955129829   0.513689402723
0.68   0.547915893311   0.522245794011
0.776   0.546313041953   0.527703051271
0.872   0.545097723968   0.531151825627
0.968   0.544217418853   0.533314384174
1.064   0.543614543337   0.534651012553
1.16   0.543226505479   0.53545858322
1.256   0.542991441909   0.535933327547
1.352   0.542856367619   0.536205508903
1.448   0.542780910412   0.536358794705
1.544   0.542740001425   0.536443989073
1.64   0.542718125576   0.536491035924
1.736   0.54270651925   0.536516916723
1.832   0.54270038851   0.53653112464
1.928   0.542697157946   0.53653891598
2.024   0.542695457864   0.536543186221
2.12   0.542694563839   0.536545525983
2.216   0.542694093878   0.536546807816
2.312   0.542693846887   0.536547510018
2.408   0.542693717093   0.536547894681
2.504   0.54269364889   0.536548105394
2.6   0.542693613053   0.536548220819
2.696   0.542693594223   0.536548284046
2.792   0.542693584329   0.536548318681
2.888   0.542693579131   0.536548337654
2.984   0.542693576399   0.536548348046
3.08   0.542693574964   0.536548353739
3.176   0.54269357421   0.536548356858
3.272   0.542693573813   0.536548358566
3.368   0.542693573605   0.536548359502
3.464   0.542693573496   0.536548360014
3.56   0.542693573438   0.536548360295
3.656   0.542693573408   0.536548360449
3.752   0.542693573392   0.536548360533
3.848   0.542693573384   0.536548360579
3.944   0.54269357338   0.536548360605
4.04   0.542693573377   0.536548360619
4.136   0.542693573376   0.536548360626
4.232   0.542693573375   0.53654836063
4.328   0.542693573375   0.536548360633
4.424   0.542693573375   0.536548360634
4.52   0.542693573375   0.536548360634
4.616   0.542693573375   0.536548360635
4.712   0.542693573375   0.536548360635
4.808   0.542693573375   0.536548360635
4.904   0.542693573375   0.536548360635
5.0   0.542693573375   0.536548360635
5.096   0.542693573375   0.536548360635
5.192   0.542693573375   0.536548360635
5.288   0.542693573375   0.536548360635
5.384   0.542693573375   0.536548360635
5.48   0.542693573375   0.536548360635
5.576   0.542693573375   0.536548360635
5.672   0.542693573375   0.536548360635
5.768   0.542693573375   0.536548360635
5.864   0.542693573375   0.536548360635
5.96   0.542693573375   0.536548360635
6.056   0.542693573375   0.536548360635
6.152   0.542693573375   0.536548360635
6.248   0.542693573375   0.536548360635
6.344   0.542693573375   0.536548360635
6.44   0.542693573375   0.536548360635
6.536   0.542693573375   0.536548360635
6.632   0.542693573375   0.536548360635
6.728   0.542693573375   0.536548360635
6.824   0.542693573375   0.536548360635
6.92   0.542693573375   0.536548360635
7.016   0.542693573375   0.536548360635
7.112   0.542693573375   0.536548360635
7.208   0.542693573375   0.536548360635
7.304   0.542693573375   0.536548360635
7.4   0.542693573375   0.536548360635
7.496   0.542693573375   0.536548360635
7.592   0.542693573375   0.536548360635
7.688   0.542693573375   0.536548360635
7.784   0.542693573375   0.536548360635
7.88   0.542693573375   0.536548360635
7.976   0.542693573375   0.536548360635
8.072   0.542693573375   0.536548360635
8.168   0.542693573375   0.536548360635
8.264   0.542693573375   0.536548360635
8.36   0.542693573375   0.536548360635
8.456   0.542693573375   0.536548360635
8.552   0.542693573375   0.536548360635
8.648   0.542693573375   0.536548360635
8.744   0.542693573375   0.536548360635
8.84   0.542693573375   0.536548360635
8.936   0.542693573375   0.536548360635
9.032   0.542693573375   0.536548360635
9.128   0.542693573375   0.536548360635
9.224   0.542693573375   0.536548360635
9.32   0.542693573375   0.536548360635
9.416   0.542693573375   0.536548360635
9.512   0.542693573375   0.536548360635
9.608   0.542693573375   0.536548360635
9.704   0.542693573375   0.536548360635
