0.2   0.561128412808   0.365221352472
0.296   0.556274927692   0.411118430314
0.392   0.552273366217   0.441959467995
0.488   0.549129586198   0.463127345552
0.584   0.546800173355   0.47754356177
0.68   0.54518529559   0.487135038757
0.776   0.544140035063   0.493340259115
0.872   0.543504498796   0.497257098457
0.968   0.543137080887   0.499686586652
1.064   0.542932314326   0.501177925262
1.16   0.542820741658   0.502088621028
1.256   0.54276091489   0.502643828216
1.352   0.542729112661   0.502982126873
1.448   0.54271229278   0.503188360889
1.544   0.542703422572   0.503314170974
1.64   0.542698752358   0.503390969659
1.736   0.542696295705   0.503437875714
1.832   0.542695004098   0.503466536497
1.928   0.542694325214   0.503484054467
2.024   0.542693968441   0.50349476418
2.12   0.542693780962   0.503501312667
2.216   0.54269368245   0.503505317201
2.312   0.542693630687   0.503507766239
2.408   0.542693603488   0.503509264065
2.504   0.542693589197   0.503510180162
2.6   0.542693581688   0.503510740477
2.696   0.542693577743   0.503511083188
2.792   0.54269357567   0.503511292806
2.888   0.542693574581   0.50351142102
2.984   0.542693574008   0.503511499442
3.08   0.542693573708   0.503511547409
3.176   0.54269357355   0.503511576748
3.272   0.542693573467   0.503511594694
3.368   0.542693573423   0.503511605671
3.464   0.5426935734   0.503511612385
3.56   0.542693573388   0.503511616491
3.656   0.542693573382   0.503511619003
3.752   0.542693573378   0.50351162054
3.848   0.542693573377   0.503511621479
3.944   0.542693573376   0.503511622054
4.04   0.542693573375   0.503511622406
4.136   0.542693573375   0.503511622621
4.232   0.542693573375   0.503511622752
4.328   0.542693573375   0.503511622833
4.424   0.542693573375   0.503511622882
4.52   0.542693573375   0.503511622912
4.616   0.542693573375   0.50351162293
4.712   0.542693573375   0.503511622942
4.808   0.542693573375   0.503511622949
4.904   0.542693573375   0.503511622953
5.0   0.542693573375   0.503511622955
5.096   0.542693573375   0.503511622957
5.192   0.542693573375   0.503511622958
5.288   0.542693573375   0.503511622959
5.384   0.542693573375   0.503511622959
5.48   0.542693573375   0.503511622959
5.576   0.542693573375   0.503511622959
5.672   0.542693573375   0.503511622959
5.768   0.542693573375   0.503511622959
5.864   0.542693573375   0.503511622959
5.96   0.542693573375   0.503511622959
6.056   0.542693573375   0.503511622959
6.152   0.542693573375   0.503511622959
6.248   0.542693573375   0.503511622959
6.344   0.542693573375   0.503511622959
6.44   0.542693573375   0.503511622959
6.536   0.542693573375   0.503511622959
6.632   0.542693573375   0.503511622959
6.728   0.542693573375   0.503511622959
6.824   0.542693573375   0.503511622959
6.92   0.542693573375   0.503511622959
7.016   0.542693573375   0.503511622959
7.112   0.542693573375   0.503511622959
7.208   0.542693573375   0.503511622959
7.304   0.542693573375   0.503511622959
7.4   0.542693573375   0.503511622959
7.496   0.542693573375   0.503511622959
7.592   0.542693573375   0.503511622959
7.688   0.542693573375   0.503511622959
7.784   0.542693573375   0.503511622959
7.88   0.542693573375   0.503511622959
7.976   0.542693573375   0.503511622959
8.072   0.542693573375   0.503511622959
8.168   0.542693573375   0.503511622959
8.264   0.542693573375   0.503511622959
8.36   0.542693573375   0.503511622959
8.456   0.542693573375   0.503511622959
8.552   0.542693573375   0.503511622959
8.648   0.542693573375   0.503511622959
8.744   0.542693573375   0.503511622959
8.84   0.542693573375   0.503511622959
8.936   0.542693573375   0.503511622959
9.032   0.542693573375   0.503511622959
9.128   0.542693573375   0.503511622959
9.224   0.542693573375   0.503511622959
9.32   0.542693573375   0.503511622959
9.416   0.542693573375   0.503511622959
9.512   0.542693573375   0.503511622959
9.608   0.542693573375   0.503511622959
9.704   0.542693573375   0.503511622959
