0.2   0.563905673056   0.408604041104
0.296   0.560015616809   0.455629097868
0.392   0.556651253914   0.486062976555
0.488   0.553793163743   0.506141746673
0.584   0.551407246477   0.519179269912
0.68   0.549449017743   0.527444729714
0.776   0.547867547637   0.532632621903
0.872   0.54660958435   0.535916029623
0.968   0.545622934817   0.538033681659
1.064   0.544859007558   0.539428875435
1.16   0.544274454256   0.540366034917
1.256   0.543831984029   0.541005317049
1.352   0.543500509274   0.54144693023
1.448   0.543254814788   0.541754051838
1.544   0.543075242184   0.541967692559
1.64   0.54294562033   0.542117476776
1.736   0.542854342804   0.542217763427
1.832   0.54279214535   0.542286474605
1.928   0.542755335472   0.542330278284
2.024   0.542729468433   0.542357182878
2.12   0.542713649643   0.54237287207
2.216   0.542704526845   0.542381641396
2.312   0.542699455277   0.542382485072
2.408   0.542696701693   0.542389090421
2.504   0.542695228022   0.542389096815
2.6   0.542694445881   0.542389107431
2.696   0.542694032687   0.542389119981
2.792   0.542693814955   0.542389133044
2.888   0.542693700376   0.542389145861
2.984   0.542693640124   0.542389158071
3.08   0.542693608452   0.542389169527
3.176   0.542693591807   0.542389180193
3.272   0.54269358306   0.542389190084
3.368   0.542693578464   0.542389199239
3.464   0.542693576049   0.542389207706
3.56   0.54269357478   0.542389215534
3.656   0.542693574113   0.542389222772
3.752   0.542693573763   0.542389229466
3.848   0.542693573578   0.542389235658
3.944   0.542693573482   0.542389241388
4.04   0.542693573431   0.542389246691
4.136   0.542693573404   0.542389251602
4.232   0.54269357339   0.542389256149
4.328   0.542693573383   0.542389260362
4.424   0.542693573379   0.542389264265
4.52   0.542693573377   0.542389267883
4.616   0.542693573376   0.542389271236
4.712   0.542693573375   0.542389274346
4.808   0.542693573375   0.542389277229
4.904   0.542693573375   0.542389279904
5.0   0.542693573375   0.542389282384
5.096   0.542693573375   0.542389284686
5.192   0.542693573375   0.542389286822
5.288   0.542693573375   0.542389288804
5.384   0.542693573375   0.542389290643
5.48   0.542693573375   0.54238929235
5.576   0.542693573375   0.542389293935
5.672   0.542693573375   0.542389295407
5.768   0.542693573375   0.542389296773
5.864   0.542693573375   0.542389298042
5.96   0.542693573375   0.54238929922
6.056   0.542693573375   0.542389300314
6.152   0.542693573375   0.54238930133
6.248   0.542693573375   0.542389302274
6.344   0.542693573375   0.542389303151
6.44   0.542693573375   0.542389303965
6.536   0.542693573375   0.542389304721
6.632   0.542693573375   0.542389305424
6.728   0.542693573375   0.542389306077
6.824   0.542693573375   0.542389306684
6.92   0.542693573375   0.542389307247
7.016   0.542693573375   0.542389307771
7.112   0.542693573375   0.542389308257
7.208   0.542693573375   0.542389308709
7.304   0.542693573375   0.542389309129
7.4   0.542693573375   0.542389309519
7.496   0.542693573375   0.542389309882
7.592   0.542693573375   0.542389310219
7.688   0.542693573375   0.542389310532
7.784   0.542693573375   0.542389310823
7.88   0.542693573375   0.542389311094
7.976   0.542693573375   0.542389311345
8.072   0.542693573375   0.542389311579
8.168   0.542693573375   0.542389311796
8.264   0.542693573375   0.542389311997
8.36   0.542693573375   0.542389312185
8.456   0.542693573375   0.542389312359
8.552   0.542693573375   0.542389312521
8.648   0.542693573375   0.542389312672
8.744   0.542693573375   0.542389312811
8.84   0.542693573375   0.542389312941
8.936   0.542693573375   0.542389313062
9.032   0.542693573375   0.542389313175
9.128   0.542693573375   0.542389313279
9.224   0.542693573375   0.542389313376
9.32   0.542693573375   0.542389313466
9.416   0.542693573375   0.54238931355
9.512   0.542693573375   0.542389313628
9.608   0.542693573375   0.5423893137
9.704   0.542693573375   0.542389313768
