0.2   0.561861994374   0.378624102455
0.296   0.55720478924   0.425348786144
0.392   0.553274948316   0.456480801607
0.488   0.550082232366   0.47771380694
0.584   0.547608657777   0.492081355067
0.68   0.545799899118   0.501563515866
0.776   0.544561875185   0.507632663233
0.872   0.543769949665   0.511408689011
0.968   0.543293469896   0.513706707893
1.064   0.543020514146   0.515084697499
1.16   0.542868950958   0.515903989886
1.256   0.542786823252   0.516389091403
1.352   0.542742899376   0.516675940855
1.448   0.542719587996   0.516845496697
1.544   0.542707270658   0.516945760358
1.64   0.542700778593   0.517005079726
1.736   0.5426973616   0.517040191718
1.832   0.542695564511   0.517060983016
1.928   0.542694619776   0.517073298005
2.024   0.542694123242   0.517080593882
2.12   0.542693862308   0.517084916875
2.216   0.542693725194   0.517087478615
2.312   0.542693653146   0.517088996766
2.408   0.542693615289   0.517089896499
2.504   0.542693595398   0.517090429742
2.6   0.542693584946   0.517090745785
2.696   0.542693579455   0.517090933099
2.792   0.542693576569   0.517091044119
2.888   0.542693575053   0.517091109919
2.984   0.542693574257   0.517091148919
3.08   0.542693573838   0.517091172034
3.176   0.542693573618   0.517091185734
3.272   0.542693573503   0.517091193854
3.368   0.542693573442   0.517091198667
3.464   0.54269357341   0.51709120152
3.56   0.542693573393   0.51709120321
3.656   0.542693573384   0.517091204212
3.752   0.54269357338   0.517091204806
3.848   0.542693573377   0.517091205158
3.944   0.542693573376   0.517091205367
4.04   0.542693573375   0.517091205491
4.136   0.542693573375   0.517091205564
4.232   0.542693573375   0.517091205607
4.328   0.542693573375   0.517091205633
4.424   0.542693573375   0.517091205648
4.52   0.542693573375   0.517091205657
4.616   0.542693573375   0.517091205663
4.712   0.542693573375   0.517091205666
4.808   0.542693573375   0.517091205668
4.904   0.542693573375   0.517091205669
5.0   0.542693573375   0.51709120567
5.096   0.542693573375   0.51709120567
5.192   0.542693573375   0.51709120567
5.288   0.542693573375   0.51709120567
5.384   0.542693573375   0.51709120567
5.48   0.542693573375   0.517091205671
5.576   0.542693573375   0.517091205671
5.672   0.542693573375   0.517091205671
5.768   0.542693573375   0.517091205671
5.864   0.542693573375   0.517091205671
5.96   0.542693573375   0.517091205671
6.056   0.542693573375   0.517091205671
6.152   0.542693573375   0.517091205671
6.248   0.542693573375   0.517091205671
6.344   0.542693573375   0.517091205671
6.44   0.542693573375   0.517091205671
6.536   0.542693573375   0.517091205671
6.632   0.542693573375   0.517091205671
6.728   0.542693573375   0.517091205671
6.824   0.542693573375   0.517091205671
6.92   0.542693573375   0.517091205671
7.016   0.542693573375   0.517091205671
7.112   0.542693573375   0.517091205671
7.208   0.542693573375   0.517091205671
7.304   0.542693573375   0.517091205671
7.4   0.542693573375   0.517091205671
7.496   0.542693573375   0.517091205671
7.592   0.542693573375   0.517091205671
7.688   0.542693573375   0.517091205671
7.784   0.542693573375   0.517091205671
7.88   0.542693573375   0.517091205671
7.976   0.542693573375   0.517091205671
8.072   0.542693573375   0.517091205671
8.168   0.542693573375   0.517091205671
8.264   0.542693573375   0.517091205671
8.36   0.542693573375   0.517091205671
8.456   0.542693573375   0.517091205671
8.552   0.542693573375   0.517091205671
8.648   0.542693573375   0.517091205671
8.744   0.542693573375   0.517091205671
8.84   0.542693573375   0.517091205671
8.936   0.542693573375   0.517091205671
9.032   0.542693573375   0.517091205671
9.128   0.542693573375   0.517091205671
9.224   0.542693573375   0.517091205671
9.32   0.542693573375   0.517091205671
9.416   0.542693573375   0.517091205671
9.512   0.542693573375   0.517091205671
9.608   0.542693573375   0.517091205671
9.704   0.542693573375   0.517091205671
