0.2   0.561838037509   0.394094446872
0.296   0.557191103295   0.435143689922
0.392   0.55327634612   0.463168561025
0.488   0.550097425831   0.482556651644
0.584   0.547631714967   0.495790791924
0.68   0.5458239241   0.504572975219
0.776   0.5445819102   0.510213168901
0.872   0.543784188516   0.513728041677
0.968   0.543302505166   0.515867020533
1.064   0.543025853477   0.517147496719
1.16   0.542871938287   0.517906578326
1.256   0.54278844971   0.518354301505
1.352   0.542743771073   0.518617869958
1.448   0.542720051043   0.518772898843
1.544   0.542707515416   0.518864125945
1.64   0.542700907616   0.51891780957
1.736   0.542697429513   0.51894941637
1.832   0.542695600228   0.518968031196
1.928   0.542694638552   0.518978997137
2.024   0.542694133111   0.518985458322
2.12   0.542693867494   0.518989265775
2.216   0.542693727919   0.518991509634
2.312   0.542693654578   0.518992832092
2.408   0.542693616042   0.518993611538
2.504   0.542693595793   0.518994070949
2.6   0.542693585154   0.518994341733
2.696   0.542693579564   0.518994501339
2.792   0.542693576627   0.518994595416
2.888   0.542693575083   0.518994650867
2.984   0.542693574272   0.518994683552
3.08   0.542693573846   0.518994702817
3.176   0.542693573623   0.518994714173
3.272   0.542693573505   0.518994720866
3.368   0.542693573443   0.518994724812
3.464   0.542693573411   0.518994727137
3.56   0.542693573394   0.518994728508
3.656   0.542693573385   0.518994729316
3.752   0.54269357338   0.518994729792
3.848   0.542693573377   0.518994730073
3.944   0.542693573376   0.518994730238
4.04   0.542693573375   0.518994730336
4.136   0.542693573375   0.518994730393
4.232   0.542693573375   0.518994730427
4.328   0.542693573375   0.518994730447
4.424   0.542693573375   0.518994730459
4.52   0.542693573375   0.518994730466
4.616   0.542693573375   0.51899473047
4.712   0.542693573375   0.518994730472
4.808   0.542693573375   0.518994730474
4.904   0.542693573375   0.518994730475
5.0   0.542693573375   0.518994730475
5.096   0.542693573375   0.518994730475
5.192   0.542693573375   0.518994730476
5.288   0.542693573375   0.518994730476
5.384   0.542693573375   0.518994730476
5.48   0.542693573375   0.518994730476
5.576   0.542693573375   0.518994730476
5.672   0.542693573375   0.518994730476
5.768   0.542693573375   0.518994730476
5.864   0.542693573375   0.518994730476
5.96   0.542693573375   0.518994730476
6.056   0.542693573375   0.518994730476
6.152   0.542693573375   0.518994730476
6.248   0.542693573375   0.518994730476
6.344   0.542693573375   0.518994730476
6.44   0.542693573375   0.518994730476
6.536   0.542693573375   0.518994730476
6.632   0.542693573375   0.518994730476
6.728   0.542693573375   0.518994730476
6.824   0.542693573375   0.518994730476
6.92   0.542693573375   0.518994730476
7.016   0.542693573375   0.518994730476
7.112   0.542693573375   0.518994730476
7.208   0.542693573375   0.518994730476
7.304   0.542693573375   0.518994730476
7.4   0.542693573375   0.518994730476
7.496   0.542693573375   0.518994730476
7.592   0.542693573375   0.518994730476
7.688   0.542693573375   0.518994730476
7.784   0.542693573375   0.518994730476
7.88   0.542693573375   0.518994730476
7.976   0.542693573375   0.518994730476
8.072   0.542693573375   0.518994730476
8.168   0.542693573375   0.518994730476
8.264   0.542693573375   0.518994730476
8.36   0.542693573375   0.518994730476
8.456   0.542693573375   0.518994730476
8.552   0.542693573375   0.518994730476
8.648   0.542693573375   0.518994730476
8.744   0.542693573375   0.518994730476
8.84   0.542693573375   0.518994730476
8.936   0.542693573375   0.518994730476
9.032   0.542693573375   0.518994730476
9.128   0.542693573375   0.518994730476
9.224   0.542693573375   0.518994730476
9.32   0.542693573375   0.518994730476
9.416   0.542693573375   0.518994730476
9.512   0.542693573375   0.518994730476
9.608   0.542693573375   0.518994730476
9.704   0.542693573375   0.518994730476
