0.2   0.568510237433   0.471975880575
0.296   0.567222439798   0.503738783713
0.392   0.566558181467   0.52261356017
0.488   0.566282235843   0.532821238827
0.584   0.566185130874   0.537869835063
0.68   0.566153503538   0.540298375076
0.776   0.566143719263   0.541482193953
0.872   0.566140730344   0.542072296291
0.968   0.566139821498   0.542371938393
1.064   0.566139545595   0.542526073612
1.16   0.566139461885   0.542606025981
1.256   0.566139436492   0.54264771477
1.352   0.56613942879   0.542669520842
1.448   0.566139426453   0.542680948407
1.544   0.566139425745   0.54268694372
1.64   0.56613942553   0.542690091112
1.736   0.566139425465   0.542691744032
1.832   0.566139425445   0.542692612284
1.928   0.566139425439   0.542693068418
2.024   0.566139425437   0.542693308064
2.12   0.566139425436   0.542693433975
2.216   0.566139425436   0.542693500131
2.312   0.566139425436   0.54269353489
2.408   0.566139425436   0.542693553154
2.504   0.566139425436   0.54269356275
2.6   0.566139425436   0.542693567792
2.696   0.566139425436   0.542693570441
2.792   0.566139425436   0.542693571833
2.888   0.566139425436   0.542693572565
2.984   0.566139425436   0.542693572949
3.08   0.566139425436   0.542693573151
3.176   0.566139425436   0.542693573257
3.272   0.566139425436   0.542693573313
3.368   0.566139425436   0.542693573342
3.464   0.566139425436   0.542693573358
3.56   0.566139425436   0.542693573366
3.656   0.566139425436   0.54269357337
3.752   0.566139425436   0.542693573372
3.848   0.566139425436   0.542693573373
3.944   0.566139425436   0.542693573374
4.04   0.566139425436   0.542693573374
4.136   0.566139425436   0.542693573374
4.232   0.566139425436   0.542693573375
4.328   0.566139425436   0.542693573375
4.424   0.566139425436   0.542693573375
4.52   0.566139425436   0.542693573375
4.616   0.566139425436   0.542693573375
4.712   0.566139425436   0.542693573375
4.808   0.566139425436   0.542693573375
4.904   0.566139425436   0.542693573375
5.0   0.566139425436   0.542693573375
5.096   0.566139425436   0.542693573375
5.192   0.566139425436   0.542693573375
5.288   0.566139425436   0.542693573375
5.384   0.566139425436   0.542693573375
5.48   0.566139425436   0.542693573375
5.576   0.566139425436   0.542693573375
5.672   0.566139425436   0.542693573375
5.768   0.566139425436   0.542693573375
5.864   0.566139425436   0.542693573375
5.96   0.566139425436   0.542693573375
6.056   0.566139425436   0.542693573375
6.152   0.566139425436   0.542693573375
6.248   0.566139425436   0.542693573375
6.344   0.566139425436   0.542693573375
6.44   0.566139425436   0.542693573375
6.536   0.566139425436   0.542693573375
6.632   0.566139425436   0.542693573375
6.728   0.566139425436   0.542693573375
6.824   0.566139425436   0.542693573375
6.92   0.566139425436   0.542693573375
7.016   0.566139425436   0.542693573375
7.112   0.566139425436   0.542693573375
7.208   0.566139425436   0.542693573375
7.304   0.566139425436   0.542693573375
7.4   0.566139425436   0.542693573375
7.496   0.566139425436   0.542693573375
7.592   0.566139425436   0.542693573375
7.688   0.566139425436   0.542693573375
7.784   0.566139425436   0.542693573375
7.88   0.566139425436   0.542693573375
7.976   0.566139425436   0.542693573375
8.072   0.566139425436   0.542693573375
8.168   0.566139425436   0.542693573375
8.264   0.566139425436   0.542693573375
8.36   0.566139425436   0.542693573375
8.456   0.566139425436   0.542693573375
8.552   0.566139425436   0.542693573375
8.648   0.566139425436   0.542693573375
8.744   0.566139425436   0.542693573375
8.84   0.566139425436   0.542693573375
8.936   0.566139425436   0.542693573375
9.032   0.566139425436   0.542693573375
9.128   0.566139425436   0.542693573375
9.224   0.566139425436   0.542693573375
9.32   0.566139425436   0.542693573375
9.416   0.566139425436   0.542693573375
9.512   0.566139425436   0.542693573375
9.608   0.566139425436   0.542693573375
9.704   0.566139425436   0.542693573375
