0.2   0.563960345201   0.427712693375
0.296   0.56013324922   0.466987467881
0.392   0.556846770875   0.493250848503
0.488   0.55407524511   0.510883170245
0.584   0.551779293486   0.522437985474
0.68   0.549910485688   0.529803026078
0.776   0.548415450658   0.534442130333
0.872   0.547240007732   0.537381920244
0.968   0.546332421631   0.539272753139
1.064   0.545645687783   0.540506583502
1.16   0.545138712583   0.541317917782
1.256   0.544776490401   0.541849503423
1.352   0.544528180728   0.542191799516
1.448   0.544366933993   0.542404997765
1.544   0.544268178668   0.542532700365
1.64   0.544211732119   0.542605760021
1.736   0.544179465644   0.542646333153
1.832   0.544162046241   0.542668403659
1.928   0.544152811842   0.542680243562
2.024   0.544147963428   0.542686539073
2.12   0.544145431086   0.542689868741
2.216   0.544144112127   0.542691624454
2.312   0.544143426169   0.542692548693
2.408   0.544143069698   0.542693034795
2.504   0.544142884527   0.542693290339
2.6   0.54414278836   0.542693424646
2.696   0.544142738422   0.542693495224
2.792   0.544142712491   0.542693532311
2.888   0.544142699027   0.542693551798
2.984   0.544142692036   0.542693562038
3.08   0.544142688407   0.542693567418
3.176   0.544142686522   0.542693570245
3.272   0.544142685543   0.54269357173
3.368   0.544142685035   0.542693572511
3.464   0.544142684771   0.542693572921
3.56   0.544142684634   0.542693573136
3.656   0.544142684563   0.542693573249
3.752   0.544142684526   0.542693573309
3.848   0.544142684507   0.54269357334
3.944   0.544142684497   0.542693573356
4.04   0.544142684492   0.542693573365
4.136   0.544142684489   0.54269357337
4.232   0.544142684488   0.542693573372
4.328   0.544142684487   0.542693573373
4.424   0.544142684487   0.542693573374
4.52   0.544142684487   0.542693573374
4.616   0.544142684487   0.542693573374
4.712   0.544142684487   0.542693573375
4.808   0.544142684487   0.542693573375
4.904   0.544142684487   0.542693573375
5.0   0.544142684487   0.542693573375
5.096   0.544142684487   0.542693573375
5.192   0.544142684487   0.542693573375
5.288   0.544142684487   0.542693573375
5.384   0.544142684487   0.542693573375
5.48   0.544142684487   0.542693573375
5.576   0.544142684487   0.542693573375
5.672   0.544142684487   0.542693573375
5.768   0.544142684487   0.542693573375
5.864   0.544142684487   0.542693573375
5.96   0.544142684487   0.542693573375
6.056   0.544142684487   0.542693573375
6.152   0.544142684487   0.542693573375
6.248   0.544142684487   0.542693573375
6.344   0.544142684487   0.542693573375
6.44   0.544142684487   0.542693573375
6.536   0.544142684487   0.542693573375
6.632   0.544142684487   0.542693573375
6.728   0.544142684487   0.542693573375
6.824   0.544142684487   0.542693573375
6.92   0.544142684487   0.542693573375
7.016   0.544142684487   0.542693573375
7.112   0.544142684487   0.542693573375
7.208   0.544142684487   0.542693573375
7.304   0.544142684487   0.542693573375
7.4   0.544142684487   0.542693573375
7.496   0.544142684487   0.542693573375
7.592   0.544142684487   0.542693573375
7.688   0.544142684487   0.542693573375
7.784   0.544142684487   0.542693573375
7.88   0.544142684487   0.542693573375
7.976   0.544142684487   0.542693573375
8.072   0.544142684487   0.542693573375
8.168   0.544142684487   0.542693573375
8.264   0.544142684487   0.542693573375
8.36   0.544142684487   0.542693573375
8.456   0.544142684487   0.542693573375
8.552   0.544142684487   0.542693573375
8.648   0.544142684487   0.542693573375
8.744   0.544142684487   0.542693573375
8.84   0.544142684487   0.542693573375
8.936   0.544142684487   0.542693573375
9.032   0.544142684487   0.542693573375
9.128   0.544142684487   0.542693573375
9.224   0.544142684487   0.542693573375
9.32   0.544142684487   0.542693573375
9.416   0.544142684487   0.542693573375
9.512   0.544142684487   0.542693573375
9.608   0.544142684487   0.542693573375
9.704   0.544142684487   0.542693573375
