0.2   0.56456215016   0.421487403082
0.296   0.560993580584   0.465941059732
0.392   0.557948602798   0.494630118223
0.488   0.555408730871   0.51329095041
0.584   0.553343147505   0.52508538482
0.68   0.551712841022   0.532290011343
0.776   0.550473318309   0.536611908318
0.872   0.549575491623   0.539189858626
0.968   0.548964107053   0.540715177021
1.064   0.54857638341   0.541600806433
1.16   0.548347642769   0.54210146972
1.256   0.54822104321   0.542377014776
1.352   0.548153243885   0.54252591315
1.448   0.548118213511   0.542605028271
1.544   0.548100388525   0.542646947771
1.64   0.548091393669   0.542669049818
1.736   0.548086874839   0.542680682019
1.832   0.548084609973   0.542686798525
1.928   0.548083476189   0.542690013379
2.024   0.548082908977   0.542691702792
2.12   0.548082625303   0.542692590506
2.216   0.548082483456   0.542693056945
2.312   0.548082412534   0.542693302027
2.408   0.548082377075   0.542693430801
2.504   0.548082359347   0.542693498462
2.6   0.548082350484   0.542693534013
2.696   0.548082346052   0.542693552693
2.792   0.548082343837   0.542693562508
2.888   0.548082342729   0.542693567665
2.984   0.548082342176   0.542693570375
3.08   0.548082341899   0.542693571798
3.176   0.54808234176   0.542693572546
3.272   0.548082341691   0.542693572939
3.368   0.548082341657   0.542693573146
3.464   0.548082341639   0.542693573255
3.56   0.548082341631   0.542693573312
3.656   0.548082341626   0.542693573341
3.752   0.548082341624   0.542693573357
3.848   0.548082341623   0.542693573365
3.944   0.548082341623   0.54269357337
4.04   0.548082341622   0.542693573372
4.136   0.548082341622   0.542693573373
4.232   0.548082341622   0.542693573374
4.328   0.548082341622   0.542693573374
4.424   0.548082341622   0.542693573374
4.52   0.548082341622   0.542693573375
4.616   0.548082341622   0.542693573375
4.712   0.548082341622   0.542693573375
4.808   0.548082341622   0.542693573375
4.904   0.548082341622   0.542693573375
5.0   0.548082341622   0.542693573375
5.096   0.548082341622   0.542693573375
5.192   0.548082341622   0.542693573375
5.288   0.548082341622   0.542693573375
5.384   0.548082341622   0.542693573375
5.48   0.548082341622   0.542693573375
5.576   0.548082341622   0.542693573375
5.672   0.548082341622   0.542693573375
5.768   0.548082341622   0.542693573375
5.864   0.548082341622   0.542693573375
5.96   0.548082341622   0.542693573375
6.056   0.548082341622   0.542693573375
6.152   0.548082341622   0.542693573375
6.248   0.548082341622   0.542693573375
6.344   0.548082341622   0.542693573375
6.44   0.548082341622   0.542693573375
6.536   0.548082341622   0.542693573375
6.632   0.548082341622   0.542693573375
6.728   0.548082341622   0.542693573375
6.824   0.548082341622   0.542693573375
6.92   0.548082341622   0.542693573375
7.016   0.548082341622   0.542693573375
7.112   0.548082341622   0.542693573375
7.208   0.548082341622   0.542693573375
7.304   0.548082341622   0.542693573375
7.4   0.548082341622   0.542693573375
7.496   0.548082341622   0.542693573375
7.592   0.548082341622   0.542693573375
7.688   0.548082341622   0.542693573375
7.784   0.548082341622   0.542693573375
7.88   0.548082341622   0.542693573375
7.976   0.548082341622   0.542693573375
8.072   0.548082341622   0.542693573375
8.168   0.548082341622   0.542693573375
8.264   0.548082341622   0.542693573375
8.36   0.548082341622   0.542693573375
8.456   0.548082341622   0.542693573375
8.552   0.548082341622   0.542693573375
8.648   0.548082341622   0.542693573375
8.744   0.548082341622   0.542693573375
8.84   0.548082341622   0.542693573375
8.936   0.548082341622   0.542693573375
9.032   0.548082341622   0.542693573375
9.128   0.548082341622   0.542693573375
9.224   0.548082341622   0.542693573375
9.32   0.548082341622   0.542693573375
9.416   0.548082341622   0.542693573375
9.512   0.548082341622   0.542693573375
9.608   0.548082341622   0.542693573375
9.704   0.548082341622   0.542693573375
