0.2   0.565220678832   0.44072088761
0.296   0.562024242127   0.479180814365
0.392   0.559388248598   0.504239490835
0.488   0.557299086939   0.52033202475
0.584   0.555728549709   0.530157405053
0.68   0.554627251314   0.535844978358
0.776   0.553918453513   0.539017617805
0.872   0.553502071871   0.540744406329
0.968   0.553276680161   0.541667586085
1.064   0.553161965146   0.542155157233
1.16   0.553105477698   0.542411427486
1.256   0.553078378936   0.542545657651
1.352   0.553065522944   0.542615983171
1.448   0.55305945886   0.542652851737
1.544   0.553056606773   0.542672192978
1.64   0.553055267309   0.542682344756
1.736   0.55305463869   0.542687675224
1.832   0.553054343778   0.542690474846
1.928   0.553054205448   0.542691945482
2.024   0.553054140568   0.542692718082
2.12   0.553054110139   0.542693123994
2.216   0.553054095868   0.542693337261
2.312   0.553054089175   0.542693449315
2.408   0.553054086037   0.54269350819
2.504   0.553054084565   0.542693539125
2.6   0.553054083874   0.542693555379
2.696   0.55305408355   0.542693563919
2.792   0.553054083399   0.542693568406
2.888   0.553054083327   0.542693570764
2.984   0.553054083294   0.542693572003
3.08   0.553054083278   0.542693572654
3.176   0.553054083271   0.542693572996
3.272   0.553054083267   0.542693573176
3.368   0.553054083266   0.54269357327
3.464   0.553054083265   0.54269357332
3.56   0.553054083265   0.542693573346
3.656   0.553054083265   0.542693573359
3.752   0.553054083265   0.542693573367
3.848   0.553054083264   0.54269357337
3.944   0.553054083264   0.542693573372
4.04   0.553054083264   0.542693573373
4.136   0.553054083264   0.542693573374
4.232   0.553054083264   0.542693573374
4.328   0.553054083264   0.542693573374
4.424   0.553054083264   0.542693573375
4.52   0.553054083264   0.542693573375
4.616   0.553054083264   0.542693573375
4.712   0.553054083264   0.542693573375
4.808   0.553054083264   0.542693573375
4.904   0.553054083264   0.542693573375
5.0   0.553054083264   0.542693573375
5.096   0.553054083264   0.542693573375
5.192   0.553054083264   0.542693573375
5.288   0.553054083264   0.542693573375
5.384   0.553054083264   0.542693573375
5.48   0.553054083264   0.542693573375
5.576   0.553054083264   0.542693573375
5.672   0.553054083264   0.542693573375
5.768   0.553054083264   0.542693573375
5.864   0.553054083264   0.542693573375
5.96   0.553054083264   0.542693573375
6.056   0.553054083264   0.542693573375
6.152   0.553054083264   0.542693573375
6.248   0.553054083264   0.542693573375
6.344   0.553054083264   0.542693573375
6.44   0.553054083264   0.542693573375
6.536   0.553054083264   0.542693573375
6.632   0.553054083264   0.542693573375
6.728   0.553054083264   0.542693573375
6.824   0.553054083264   0.542693573375
6.92   0.553054083264   0.542693573375
7.016   0.553054083264   0.542693573375
7.112   0.553054083264   0.542693573375
7.208   0.553054083264   0.542693573375
7.304   0.553054083264   0.542693573375
7.4   0.553054083264   0.542693573375
7.496   0.553054083264   0.542693573375
7.592   0.553054083264   0.542693573375
7.688   0.553054083264   0.542693573375
7.784   0.553054083264   0.542693573375
7.88   0.553054083264   0.542693573375
7.976   0.553054083264   0.542693573375
8.072   0.553054083264   0.542693573375
8.168   0.553054083264   0.542693573375
8.264   0.553054083264   0.542693573375
8.36   0.553054083264   0.542693573375
8.456   0.553054083264   0.542693573375
8.552   0.553054083264   0.542693573375
8.648   0.553054083264   0.542693573375
8.744   0.553054083264   0.542693573375
8.84   0.553054083264   0.542693573375
8.936   0.553054083264   0.542693573375
9.032   0.553054083264   0.542693573375
9.128   0.553054083264   0.542693573375
9.224   0.553054083264   0.542693573375
9.32   0.553054083264   0.542693573375
9.416   0.553054083264   0.542693573375
9.512   0.553054083264   0.542693573375
9.608   0.553054083264   0.542693573375
9.704   0.553054083264   0.542693573375
