0.2   0.562299658698   0.393773138656
0.296   0.557789370968   0.437806869042
0.392   0.553944175742   0.467357959975
0.488   0.550765905114   0.487564672178
0.584   0.548237473277   0.501232168376
0.68   0.54632022853   0.510236852988
0.776   0.544948907313   0.515991676331
0.872   0.544030622157   0.519565896783
0.968   0.54345493958   0.521731683769
1.064   0.543114284261   0.523018752413
1.16   0.542921540465   0.52377332284
1.256   0.542815416928   0.524212084655
1.352   0.542758216032   0.524466221029
1.448   0.542727722682   0.524613123507
1.544   0.542711570239   0.524697933993
1.64   0.542703045065   0.524746938994
1.736   0.542698554585   0.52477525007
1.832   0.542696191946   0.524791609254
1.928   0.542694949622   0.524801063936
2.024   0.542694296603   0.524806529
2.12   0.542693953411   0.524809688293
2.216   0.542693773066   0.524811514781
2.312   0.542693678301   0.524812570786
2.408   0.542693628507   0.524813181348
2.504   0.542693602343   0.524813534372
2.6   0.542693588596   0.52481373849
2.696   0.542693581372   0.524813856513
2.792   0.542693577577   0.524813924755
2.888   0.542693575583   0.524813964214
2.984   0.542693574535   0.524813987029
3.08   0.542693573984   0.524814000221
3.176   0.542693573695   0.524814007849
3.272   0.542693573543   0.52481401226
3.368   0.542693573463   0.52481401481
3.464   0.542693573421   0.524814016285
3.56   0.542693573399   0.524814017137
3.656   0.542693573387   0.52481401763
3.752   0.542693573381   0.524814017915
3.848   0.542693573378   0.52481401808
3.944   0.542693573377   0.524814018175
4.04   0.542693573376   0.52481401823
4.136   0.542693573375   0.524814018262
4.232   0.542693573375   0.524814018281
4.328   0.542693573375   0.524814018291
4.424   0.542693573375   0.524814018298
4.52   0.542693573375   0.524814018301
4.616   0.542693573375   0.524814018303
4.712   0.542693573375   0.524814018304
4.808   0.542693573375   0.524814018305
4.904   0.542693573375   0.524814018306
5.0   0.542693573375   0.524814018306
5.096   0.542693573375   0.524814018306
5.192   0.542693573375   0.524814018306
5.288   0.542693573375   0.524814018306
5.384   0.542693573375   0.524814018306
5.48   0.542693573375   0.524814018306
5.576   0.542693573375   0.524814018306
5.672   0.542693573375   0.524814018306
5.768   0.542693573375   0.524814018306
5.864   0.542693573375   0.524814018306
5.96   0.542693573375   0.524814018306
6.056   0.542693573375   0.524814018306
6.152   0.542693573375   0.524814018306
6.248   0.542693573375   0.524814018306
6.344   0.542693573375   0.524814018306
6.44   0.542693573375   0.524814018306
6.536   0.542693573375   0.524814018306
6.632   0.542693573375   0.524814018306
6.728   0.542693573375   0.524814018306
6.824   0.542693573375   0.524814018306
6.92   0.542693573375   0.524814018306
7.016   0.542693573375   0.524814018306
7.112   0.542693573375   0.524814018306
7.208   0.542693573375   0.524814018306
7.304   0.542693573375   0.524814018306
7.4   0.542693573375   0.524814018306
7.496   0.542693573375   0.524814018306
7.592   0.542693573375   0.524814018306
7.688   0.542693573375   0.524814018306
7.784   0.542693573375   0.524814018306
7.88   0.542693573375   0.524814018306
7.976   0.542693573375   0.524814018306
8.072   0.542693573375   0.524814018306
8.168   0.542693573375   0.524814018306
8.264   0.542693573375   0.524814018306
8.36   0.542693573375   0.524814018306
8.456   0.542693573375   0.524814018306
8.552   0.542693573375   0.524814018306
8.648   0.542693573375   0.524814018306
8.744   0.542693573375   0.524814018306
8.84   0.542693573375   0.524814018306
8.936   0.542693573375   0.524814018306
9.032   0.542693573375   0.524814018306
9.128   0.542693573375   0.524814018306
9.224   0.542693573375   0.524814018306
9.32   0.542693573375   0.524814018306
9.416   0.542693573375   0.524814018306
9.512   0.542693573375   0.524814018306
9.608   0.542693573375   0.524814018306
9.704   0.542693573375   0.524814018306
