0.2   0.564064250397   0.422583728463
0.296   0.560270869104   0.464417755805
0.392   0.557009634354   0.492019553438
0.488   0.554257137518   0.510377526339
0.584   0.551976153342   0.522309984803
0.68   0.550120210233   0.529854889224
0.776   0.54863768362   0.534570647001
0.872   0.547475947803   0.537536907715
0.968   0.546584635491   0.539429506689
1.064   0.545917806869   0.540651548227
1.16   0.545434759496   0.541442432553
1.256   0.545099501488   0.541948776897
1.352   0.544878719558   0.54226422693
1.448   0.54474189481   0.542453402176
1.544   0.544662735952   0.54256239492
1.64   0.54461752751   0.542623000752
1.736   0.544593094601   0.54265597728
1.832   0.544580151501   0.542673665718
1.928   0.544573369615   0.542683069157
2.024   0.544569837241   0.54268804176
2.12   0.544568003282   0.542690663475
2.216   0.544567052735   0.542692043488
2.312   0.544566560507   0.542692769271
2.408   0.544566305733   0.542693150805
2.504   0.544566173896   0.542693351325
2.6   0.544566105684   0.542693456698
2.696   0.544566070394   0.542693512068
2.792   0.544566052137   0.542693541162
2.888   0.544566042692   0.542693556449
2.984   0.544566037805   0.542693564481
3.08   0.544566035278   0.542693568702
3.176   0.54456603397   0.542693570919
3.272   0.544566033294   0.542693572085
3.368   0.544566032944   0.542693572697
3.464   0.544566032763   0.542693573019
3.56   0.544566032669   0.542693573188
3.656   0.54456603262   0.542693573276
3.752   0.544566032595   0.542693573323
3.848   0.544566032582   0.542693573348
3.944   0.544566032576   0.54269357336
4.04   0.544566032572   0.542693573367
4.136   0.54456603257   0.542693573371
4.232   0.54456603257   0.542693573373
4.328   0.544566032569   0.542693573374
4.424   0.544566032569   0.542693573374
4.52   0.544566032569   0.542693573374
4.616   0.544566032569   0.542693573374
4.712   0.544566032569   0.542693573375
4.808   0.544566032569   0.542693573375
4.904   0.544566032569   0.542693573375
5.0   0.544566032569   0.542693573375
5.096   0.544566032569   0.542693573375
5.192   0.544566032569   0.542693573375
5.288   0.544566032569   0.542693573375
5.384   0.544566032569   0.542693573375
5.48   0.544566032569   0.542693573375
5.576   0.544566032569   0.542693573375
5.672   0.544566032569   0.542693573375
5.768   0.544566032569   0.542693573375
5.864   0.544566032569   0.542693573375
5.96   0.544566032569   0.542693573375
6.056   0.544566032569   0.542693573375
6.152   0.544566032569   0.542693573375
6.248   0.544566032569   0.542693573375
6.344   0.544566032569   0.542693573375
6.44   0.544566032569   0.542693573375
6.536   0.544566032569   0.542693573375
6.632   0.544566032569   0.542693573375
6.728   0.544566032569   0.542693573375
6.824   0.544566032569   0.542693573375
6.92   0.544566032569   0.542693573375
7.016   0.544566032569   0.542693573375
7.112   0.544566032569   0.542693573375
7.208   0.544566032569   0.542693573375
7.304   0.544566032569   0.542693573375
7.4   0.544566032569   0.542693573375
7.496   0.544566032569   0.542693573375
7.592   0.544566032569   0.542693573375
7.688   0.544566032569   0.542693573375
7.784   0.544566032569   0.542693573375
7.88   0.544566032569   0.542693573375
7.976   0.544566032569   0.542693573375
8.072   0.544566032569   0.542693573375
8.168   0.544566032569   0.542693573375
8.264   0.544566032569   0.542693573375
8.36   0.544566032569   0.542693573375
8.456   0.544566032569   0.542693573375
8.552   0.544566032569   0.542693573375
8.648   0.544566032569   0.542693573375
8.744   0.544566032569   0.542693573375
8.84   0.544566032569   0.542693573375
8.936   0.544566032569   0.542693573375
9.032   0.544566032569   0.542693573375
9.128   0.544566032569   0.542693573375
9.224   0.544566032569   0.542693573375
9.32   0.544566032569   0.542693573375
9.416   0.544566032569   0.542693573375
9.512   0.544566032569   0.542693573375
9.608   0.544566032569   0.542693573375
9.704   0.544566032569   0.542693573375
