0.2   0.565468206056   0.43080544274
0.296   0.562372763237   0.474642475775
0.392   0.559832454848   0.502352473301
0.488   0.557839042718   0.519734972798
0.584   0.556366292341   0.530096467879
0.68   0.555360540239   0.53594277316
0.776   0.554735074188   0.539124938101
0.872   0.554381122846   0.540821404593
0.968   0.554196430034   0.541714620725
1.064   0.554104503574   0.542181809893
1.16   0.554060523771   0.542425908965
1.256   0.554039844173   0.542553392129
1.352   0.554030207864   0.542620078915
1.448   0.554025738003   0.542655011565
1.544   0.554023669332   0.542673329667
1.64   0.554022713009   0.542682942429
1.736   0.554022271152   0.542687989351
1.832   0.554022067052   0.542690639916
1.928   0.554021972787   0.542692032218
2.024   0.554021929252   0.542692763656
2.12   0.554021909148   0.54269314794
2.216   0.554021899863   0.542693349843
2.312   0.554021895575   0.542693455926
2.408   0.554021893595   0.542693511664
2.504   0.554021892681   0.54269354095
2.6   0.554021892259   0.542693556338
2.696   0.554021892064   0.542693564423
2.792   0.554021891974   0.542693568671
2.888   0.554021891932   0.542693570903
2.984   0.554021891913   0.542693572076
3.08   0.554021891904   0.542693572692
3.176   0.5540218919   0.542693573016
3.272   0.554021891898   0.542693573186
3.368   0.554021891897   0.542693573276
3.464   0.554021891897   0.542693573323
3.56   0.554021891897   0.542693573347
3.656   0.554021891897   0.54269357336
3.752   0.554021891896   0.542693573367
3.848   0.554021891896   0.542693573371
3.944   0.554021891896   0.542693573373
4.04   0.554021891896   0.542693573374
4.136   0.554021891896   0.542693573374
4.232   0.554021891896   0.542693573374
4.328   0.554021891896   0.542693573374
4.424   0.554021891896   0.542693573375
4.52   0.554021891896   0.542693573375
4.616   0.554021891896   0.542693573375
4.712   0.554021891896   0.542693573375
4.808   0.554021891896   0.542693573375
4.904   0.554021891896   0.542693573375
5.0   0.554021891896   0.542693573375
5.096   0.554021891896   0.542693573375
5.192   0.554021891896   0.542693573375
5.288   0.554021891896   0.542693573375
5.384   0.554021891896   0.542693573375
5.48   0.554021891896   0.542693573375
5.576   0.554021891896   0.542693573375
5.672   0.554021891896   0.542693573375
5.768   0.554021891896   0.542693573375
5.864   0.554021891896   0.542693573375
5.96   0.554021891896   0.542693573375
6.056   0.554021891896   0.542693573375
6.152   0.554021891896   0.542693573375
6.248   0.554021891896   0.542693573375
6.344   0.554021891896   0.542693573375
6.44   0.554021891896   0.542693573375
6.536   0.554021891896   0.542693573375
6.632   0.554021891896   0.542693573375
6.728   0.554021891896   0.542693573375
6.824   0.554021891896   0.542693573375
6.92   0.554021891896   0.542693573375
7.016   0.554021891896   0.542693573375
7.112   0.554021891896   0.542693573375
7.208   0.554021891896   0.542693573375
7.304   0.554021891896   0.542693573375
7.4   0.554021891896   0.542693573375
7.496   0.554021891896   0.542693573375
7.592   0.554021891896   0.542693573375
7.688   0.554021891896   0.542693573375
7.784   0.554021891896   0.542693573375
7.88   0.554021891896   0.542693573375
7.976   0.554021891896   0.542693573375
8.072   0.554021891896   0.542693573375
8.168   0.554021891896   0.542693573375
8.264   0.554021891896   0.542693573375
8.36   0.554021891896   0.542693573375
8.456   0.554021891896   0.542693573375
8.552   0.554021891896   0.542693573375
8.648   0.554021891896   0.542693573375
8.744   0.554021891896   0.542693573375
8.84   0.554021891896   0.542693573375
8.936   0.554021891896   0.542693573375
9.032   0.554021891896   0.542693573375
9.128   0.554021891896   0.542693573375
9.224   0.554021891896   0.542693573375
9.32   0.554021891896   0.542693573375
9.416   0.554021891896   0.542693573375
9.512   0.554021891896   0.542693573375
9.608   0.554021891896   0.542693573375
9.704   0.554021891896   0.542693573375
