0.2   0.565463386458   0.434409457217
0.296   0.562374563765   0.476558668467
0.392   0.559845641355   0.503398844166
0.488   0.557867369574   0.520301704869
0.584   0.556412014151   0.53040000455
0.68   0.555423621015   0.536105310413
0.776   0.554812856128   0.539211945119
0.872   0.554469383755   0.540867654434
0.968   0.554291086254   0.541738997319
1.064   0.554202718537   0.542194603251
1.16   0.554160568697   0.54243260055
1.256   0.554140797358   0.54255689473
1.352   0.55413160336   0.542621914039
1.448   0.554127346714   0.542655973879
1.544   0.554125380248   0.542673834632
1.64   0.554124472757   0.542683207532
1.736   0.554124054182   0.542688128572
1.832   0.554123861166   0.542690713044
1.928   0.554123772172   0.542692070634
2.024   0.554123731141   0.542692783839
2.12   0.554123712225   0.542693158544
2.216   0.554123703504   0.542693355414
2.312   0.554123699484   0.542693458853
2.408   0.55412369763   0.542693513202
2.504   0.554123696776   0.542693541758
2.6   0.554123696382   0.542693556762
2.696   0.5541236962   0.542693564646
2.792   0.554123696116   0.542693568788
2.888   0.554123696078   0.542693570965
2.984   0.55412369606   0.542693572109
3.08   0.554123696052   0.542693572709
3.176   0.554123696048   0.542693573025
3.272   0.554123696046   0.542693573191
3.368   0.554123696045   0.542693573278
3.464   0.554123696045   0.542693573324
3.56   0.554123696045   0.542693573348
3.656   0.554123696045   0.542693573361
3.752   0.554123696045   0.542693573367
3.848   0.554123696045   0.542693573371
3.944   0.554123696045   0.542693573373
4.04   0.554123696045   0.542693573374
4.136   0.554123696045   0.542693573374
4.232   0.554123696045   0.542693573374
4.328   0.554123696045   0.542693573375
4.424   0.554123696045   0.542693573375
4.52   0.554123696045   0.542693573375
4.616   0.554123696045   0.542693573375
4.712   0.554123696045   0.542693573375
4.808   0.554123696045   0.542693573375
4.904   0.554123696045   0.542693573375
5.0   0.554123696045   0.542693573375
5.096   0.554123696045   0.542693573375
5.192   0.554123696045   0.542693573375
5.288   0.554123696045   0.542693573375
5.384   0.554123696045   0.542693573375
5.48   0.554123696045   0.542693573375
5.576   0.554123696045   0.542693573375
5.672   0.554123696045   0.542693573375
5.768   0.554123696045   0.542693573375
5.864   0.554123696045   0.542693573375
5.96   0.554123696045   0.542693573375
6.056   0.554123696045   0.542693573375
6.152   0.554123696045   0.542693573375
6.248   0.554123696045   0.542693573375
6.344   0.554123696045   0.542693573375
6.44   0.554123696045   0.542693573375
6.536   0.554123696045   0.542693573375
6.632   0.554123696045   0.542693573375
6.728   0.554123696045   0.542693573375
6.824   0.554123696045   0.542693573375
6.92   0.554123696045   0.542693573375
7.016   0.554123696045   0.542693573375
7.112   0.554123696045   0.542693573375
7.208   0.554123696045   0.542693573375
7.304   0.554123696045   0.542693573375
7.4   0.554123696045   0.542693573375
7.496   0.554123696045   0.542693573375
7.592   0.554123696045   0.542693573375
7.688   0.554123696045   0.542693573375
7.784   0.554123696045   0.542693573375
7.88   0.554123696045   0.542693573375
7.976   0.554123696045   0.542693573375
8.072   0.554123696045   0.542693573375
8.168   0.554123696045   0.542693573375
8.264   0.554123696045   0.542693573375
8.36   0.554123696045   0.542693573375
8.456   0.554123696045   0.542693573375
8.552   0.554123696045   0.542693573375
8.648   0.554123696045   0.542693573375
8.744   0.554123696045   0.542693573375
8.84   0.554123696045   0.542693573375
8.936   0.554123696045   0.542693573375
9.032   0.554123696045   0.542693573375
9.128   0.554123696045   0.542693573375
9.224   0.554123696045   0.542693573375
9.32   0.554123696045   0.542693573375
9.416   0.554123696045   0.542693573375
9.512   0.554123696045   0.542693573375
9.608   0.554123696045   0.542693573375
9.704   0.554123696045   0.542693573375
