0.2   0.569857863776   0.479228351467
0.296   0.569243814878   0.509344551388
0.392   0.569039629907   0.526302811677
0.488   0.568986423332   0.534861603662
0.584   0.568973716976   0.538900976774
0.68   0.568970864271   0.540810751366
0.776   0.56897022815   0.54173939284
0.872   0.568970086564   0.54220318963
0.968   0.568970055067   0.542439306189
1.064   0.568970048061   0.542561017249
1.16   0.568970046503   0.542624243065
1.256   0.568970046156   0.542657241839
1.352   0.568970046079   0.542674512851
1.448   0.568970046062   0.542683567142
1.544   0.568970046058   0.542688318404
1.64   0.568970046057   0.542690813028
1.736   0.568970046057   0.542692123233
1.832   0.568970046057   0.542692811494
1.928   0.568970046057   0.542693173079
2.024   0.568970046057   0.542693363053
2.12   0.568970046057   0.542693462867
2.216   0.568970046057   0.542693515311
2.312   0.568970046057   0.542693542866
2.408   0.568970046057   0.542693557345
2.504   0.568970046057   0.542693564952
2.6   0.568970046057   0.542693568949
2.696   0.568970046057   0.542693571049
2.792   0.568970046057   0.542693572153
2.888   0.568970046057   0.542693572733
2.984   0.568970046057   0.542693573037
3.08   0.568970046057   0.542693573197
3.176   0.568970046057   0.542693573282
3.272   0.568970046057   0.542693573326
3.368   0.568970046057   0.542693573349
3.464   0.568970046057   0.542693573361
3.56   0.568970046057   0.542693573368
3.656   0.568970046057   0.542693573371
3.752   0.568970046057   0.542693573373
3.848   0.568970046057   0.542693573374
3.944   0.568970046057   0.542693573374
4.04   0.568970046057   0.542693573374
4.136   0.568970046057   0.542693573375
4.232   0.568970046057   0.542693573375
4.328   0.568970046057   0.542693573375
4.424   0.568970046057   0.542693573375
4.52   0.568970046057   0.542693573375
4.616   0.568970046057   0.542693573375
4.712   0.568970046057   0.542693573375
4.808   0.568970046057   0.542693573375
4.904   0.568970046057   0.542693573375
5.0   0.568970046057   0.542693573375
5.096   0.568970046057   0.542693573375
5.192   0.568970046057   0.542693573375
5.288   0.568970046057   0.542693573375
5.384   0.568970046057   0.542693573375
5.48   0.568970046057   0.542693573375
5.576   0.568970046057   0.542693573375
5.672   0.568970046057   0.542693573375
5.768   0.568970046057   0.542693573375
5.864   0.568970046057   0.542693573375
5.96   0.568970046057   0.542693573375
6.056   0.568970046057   0.542693573375
6.152   0.568970046057   0.542693573375
6.248   0.568970046057   0.542693573375
6.344   0.568970046057   0.542693573375
6.44   0.568970046057   0.542693573375
6.536   0.568970046057   0.542693573375
6.632   0.568970046057   0.542693573375
6.728   0.568970046057   0.542693573375
6.824   0.568970046057   0.542693573375
6.92   0.568970046057   0.542693573375
7.016   0.568970046057   0.542693573375
7.112   0.568970046057   0.542693573375
7.208   0.568970046057   0.542693573375
7.304   0.568970046057   0.542693573375
7.4   0.568970046057   0.542693573375
7.496   0.568970046057   0.542693573375
7.592   0.568970046057   0.542693573375
7.688   0.568970046057   0.542693573375
7.784   0.568970046057   0.542693573375
7.88   0.568970046057   0.542693573375
7.976   0.568970046057   0.542693573375
8.072   0.568970046057   0.542693573375
8.168   0.568970046057   0.542693573375
8.264   0.568970046057   0.542693573375
8.36   0.568970046057   0.542693573375
8.456   0.568970046057   0.542693573375
8.552   0.568970046057   0.542693573375
8.648   0.568970046057   0.542693573375
8.744   0.568970046057   0.542693573375
8.84   0.568970046057   0.542693573375
8.936   0.568970046057   0.542693573375
9.032   0.568970046057   0.542693573375
9.128   0.568970046057   0.542693573375
9.224   0.568970046057   0.542693573375
9.32   0.568970046057   0.542693573375
9.416   0.568970046057   0.542693573375
9.512   0.568970046057   0.542693573375
9.608   0.568970046057   0.542693573375
9.704   0.568970046057   0.542693573375
