0.2   0.562522112263   0.403601188962
0.296   0.558096996447   0.445295128265
0.392   0.554310890248   0.473492309459
0.488   0.551158596616   0.492839627794
0.584   0.548619253112   0.505938434738
0.68   0.546656578986   0.514572145849
0.776   0.545216016284   0.520100077946
0.872   0.544221736261   0.523545772147
0.968   0.543579265132   0.525640927556
1.064   0.543189239758   0.526886976229
1.16   0.542964487109   0.527615025925
1.256   0.542839073322   0.528035260004
1.352   0.542770983058   0.528276217228
1.448   0.542734531728   0.528413783359
1.544   0.542715177468   0.528492197511
1.64   0.542704948963   0.528536865315
1.736   0.542699557408   0.528562304837
1.832   0.542696719562   0.528576793295
1.928   0.542695227048   0.528585045379
2.024   0.542694442428   0.528589745817
2.12   0.542694030048   0.528592423392
2.216   0.542693813338   0.528593948734
2.312   0.542693699462   0.528594817712
2.408   0.542693639626   0.528595312775
2.504   0.542693608185   0.528595594821
2.6   0.542693591665   0.528595755509
2.696   0.542693582985   0.528595847058
2.792   0.542693578424   0.528595899216
2.888   0.542693576028   0.528595928932
2.984   0.542693574769   0.528595945862
3.08   0.542693574107   0.528595955508
3.176   0.54269357376   0.528595961003
3.272   0.542693573577   0.528595964134
3.368   0.542693573481   0.528595965918
3.464   0.54269357343   0.528595966935
3.56   0.542693573404   0.528595967514
3.656   0.54269357339   0.528595967843
3.752   0.542693573383   0.528595968031
3.848   0.542693573379   0.528595968139
3.944   0.542693573377   0.5285959682
4.04   0.542693573376   0.528595968234
4.136   0.542693573375   0.528595968254
4.232   0.542693573375   0.528595968265
4.328   0.542693573375   0.528595968272
4.424   0.542693573375   0.528595968275
4.52   0.542693573375   0.528595968278
4.616   0.542693573375   0.528595968279
4.712   0.542693573375   0.528595968279
4.808   0.542693573375   0.52859596828
4.904   0.542693573375   0.52859596828
5.0   0.542693573375   0.52859596828
5.096   0.542693573375   0.52859596828
5.192   0.542693573375   0.52859596828
5.288   0.542693573375   0.52859596828
5.384   0.542693573375   0.52859596828
5.48   0.542693573375   0.52859596828
5.576   0.542693573375   0.52859596828
5.672   0.542693573375   0.52859596828
5.768   0.542693573375   0.52859596828
5.864   0.542693573375   0.52859596828
5.96   0.542693573375   0.52859596828
6.056   0.542693573375   0.52859596828
6.152   0.542693573375   0.52859596828
6.248   0.542693573375   0.52859596828
6.344   0.542693573375   0.52859596828
6.44   0.542693573375   0.52859596828
6.536   0.542693573375   0.52859596828
6.632   0.542693573375   0.52859596828
6.728   0.542693573375   0.52859596828
6.824   0.542693573375   0.52859596828
6.92   0.542693573375   0.52859596828
7.016   0.542693573375   0.52859596828
7.112   0.542693573375   0.52859596828
7.208   0.542693573375   0.52859596828
7.304   0.542693573375   0.52859596828
7.4   0.542693573375   0.52859596828
7.496   0.542693573375   0.52859596828
7.592   0.542693573375   0.52859596828
7.688   0.542693573375   0.52859596828
7.784   0.542693573375   0.52859596828
7.88   0.542693573375   0.52859596828
7.976   0.542693573375   0.52859596828
8.072   0.542693573375   0.52859596828
8.168   0.542693573375   0.52859596828
8.264   0.542693573375   0.52859596828
8.36   0.542693573375   0.52859596828
8.456   0.542693573375   0.52859596828
8.552   0.542693573375   0.52859596828
8.648   0.542693573375   0.52859596828
8.744   0.542693573375   0.52859596828
8.84   0.542693573375   0.52859596828
8.936   0.542693573375   0.52859596828
9.032   0.542693573375   0.52859596828
9.128   0.542693573375   0.52859596828
9.224   0.542693573375   0.52859596828
9.32   0.542693573375   0.52859596828
9.416   0.542693573375   0.52859596828
9.512   0.542693573375   0.52859596828
9.608   0.542693573375   0.52859596828
9.704   0.542693573375   0.52859596828
