0.2   0.563883568971   -0.700000003467
0.296   0.559990969016   -0.7
0.392   0.556627938983   0.484453273096
0.488   0.553773865423   0.506817420668
0.584   0.551393570661   0.519576362152
0.68   0.549441675501   0.527687513169
0.776   0.54786656722   0.532790906395
0.872   0.546614519068   0.536027332844
0.968   0.545633042568   0.538117981199
1.064   0.544873388875   0.539497107565
1.16   0.54429214522   0.540424494901
1.256   0.543852007222   0.541057868436
1.352   0.543521890397   0.541496129353
1.448   0.543276575913   0.54180175674
1.544   0.543096413596   0.54201537079
1.64   0.542965184632   0.542166278787
1.736   0.542871351127   0.542269093284
1.832   0.542805862342   0.542341044809
1.928   0.542766501982   0.542388485926
2.024   0.542737532387   0.542418307738
2.12   0.542718958725   0.542436603966
2.216   0.542707773598   0.542447200244
2.312   0.542701333986   0.542453103431
2.408   0.542697748106   0.542456503396
2.504   0.542695796787   0.542453040898
2.6   0.542694750491   0.542459014879
2.696   0.542694194434   0.542457875322
2.792   0.542693900429   0.542453299391
2.888   0.542693745425   0.542459916573
2.984   0.542693663832   0.542459901599
3.08   0.54269362092   0.542459743994
3.176   0.542693598361   0.542459109349
3.272   0.542693586504   0.542456792207
3.368   0.542693580274   0.54246000686
3.464   0.542693577   0.542460029471
3.56   0.542693575279   0.54246010951
3.656   0.542693574375   0.542460406136
3.752   0.542693573901   0.542461523392
3.848   0.542693573651   0.542465890135
3.944   0.54269357352   0.542459813306
4.04   0.542693573451   0.542459304399
4.136   0.542693573415   0.54245745579
4.232   0.542693573396   0.542460168848
4.328   0.542693573386   0.542460626075
4.424   0.54269357338   0.542462362563
4.52   0.542693573378   0.542460200183
4.616   0.542693573376   0.542460743746
4.712   0.542693573375   0.542462816098
4.808   0.542693573375   0.542459987176
4.904   0.542693573375   0.542459947509
5.0   0.542693573375   0.542459800222
5.096   0.542693573375   0.542459256045
5.192   0.542693573375   0.542457282727
5.288   0.542693573375   0.542460190214
5.384   0.542693573375   0.542460706278
5.48   0.542693573375   0.542462671387
5.576   0.542693573375   0.542459989511
5.672   0.542693573375   0.542459956187
5.768   0.542693573375   0.542459832416
5.864   0.542693573375   0.542459374624
5.96   0.542693573375   0.542457707723
6.056   0.542693573375   0.54246013969
6.152   0.542693573375   0.542460516705
6.248   0.542693573375   0.542461943436
6.344   0.542693573375   0.542460132324
6.44   0.542693573375   0.54246048911
6.536   0.542693573375   0.542461838057
6.632   0.542693573375   0.542460117728
6.728   0.542693573375   0.542460434459
6.824   0.542693573375   0.542461629806
6.92   0.542693573375   0.542466318102
7.016   0.542693573375   0.54245975779
7.112   0.542693573375   0.542459100068
7.208   0.542693573375   0.542456727935
7.304   0.542693573375   0.542460013653
7.4   0.542693573375   0.542460045996
7.496   0.542693573375   0.542460166486
7.592   0.542693573375   0.542460617185
7.688   0.542693573375   0.542462328395
7.784   0.542693573375   0.542460194049
7.88   0.542693573375   0.542460720688
7.976   0.542693573375   0.542462727011
8.072   0.542693573375   0.542459988648
8.168   0.542693573375   0.542459952981
8.264   0.542693573375   0.54245982052
8.36   0.542693573375   0.542459330785
8.456   0.542693573375   0.542457550277
8.552   0.542693573375   0.542460157657
8.648   0.542693573375   0.542460584062
8.744   0.542693573375   0.542462201276
8.84   0.542693573375   0.542460172176
8.936   0.542693573375   0.542460638539
9.032   0.542693573375   0.542462410462
9.128   0.542693573375   0.542460208972
9.224   0.542693573375   0.54246077679
9.32   0.542693573375   0.542462943951
9.416   0.542693573375   0.542459984859
9.512   0.542693573375   0.542459938898
9.608   0.542693573375   0.542459768288
9.704   0.542693573375   0.542459138624
