0.2   0.566912532517   0.45751027186
0.296   0.564686446204   0.493100570084
0.392   0.563118628305   0.515314168491
0.488   0.5621424312   0.528415485678
0.584   0.561615264346   0.535483628257
0.68   0.561365283165   0.539069124237
0.776   0.561257457258   0.540855973008
0.872   0.561213127593   0.541751873575
0.968   0.561195485011   0.542206896756
1.064   0.561188545387   0.542440495631
1.16   0.561185829981   0.542561438148
1.256   0.561184769887   0.542624408802
1.352   0.561184356428   0.542657313774
1.448   0.561184195237   0.542674546488
1.544   0.561184132406   0.542683583671
1.64   0.561184107916   0.542688326773
1.736   0.561184098371   0.542690817338
1.832   0.561184094651   0.542692125474
1.928   0.561184093201   0.542692812664
2.024   0.561184092636   0.542693173692
2.12   0.561184092416   0.542693363375
2.216   0.56118409233   0.542693463036
2.312   0.561184092297   0.5426935154
2.408   0.561184092284   0.542693542913
2.504   0.561184092279   0.542693557369
2.6   0.561184092277   0.542693564965
2.696   0.561184092276   0.542693568956
2.792   0.561184092276   0.542693571053
2.888   0.561184092275   0.542693572155
2.984   0.561184092275   0.542693572734
3.08   0.561184092275   0.542693573038
3.176   0.561184092275   0.542693573198
3.272   0.561184092275   0.542693573282
3.368   0.561184092275   0.542693573326
3.464   0.561184092275   0.542693573349
3.56   0.561184092275   0.542693573361
3.656   0.561184092275   0.542693573368
3.752   0.561184092275   0.542693573371
3.848   0.561184092275   0.542693573373
3.944   0.561184092275   0.542693573374
4.04   0.561184092275   0.542693573374
4.136   0.561184092275   0.542693573374
4.232   0.561184092275   0.542693573375
4.328   0.561184092275   0.542693573375
4.424   0.561184092275   0.542693573375
4.52   0.561184092275   0.542693573375
4.616   0.561184092275   0.542693573375
4.712   0.561184092275   0.542693573375
4.808   0.561184092275   0.542693573375
4.904   0.561184092275   0.542693573375
5.0   0.561184092275   0.542693573375
5.096   0.561184092275   0.542693573375
5.192   0.561184092275   0.542693573375
5.288   0.561184092275   0.542693573375
5.384   0.561184092275   0.542693573375
5.48   0.561184092275   0.542693573375
5.576   0.561184092275   0.542693573375
5.672   0.561184092275   0.542693573375
5.768   0.561184092275   0.542693573375
5.864   0.561184092275   0.542693573375
5.96   0.561184092275   0.542693573375
6.056   0.561184092275   0.542693573375
6.152   0.561184092275   0.542693573375
6.248   0.561184092275   0.542693573375
6.344   0.561184092275   0.542693573375
6.44   0.561184092275   0.542693573375
6.536   0.561184092275   0.542693573375
6.632   0.561184092275   0.542693573375
6.728   0.561184092275   0.542693573375
6.824   0.561184092275   0.542693573375
6.92   0.561184092275   0.542693573375
7.016   0.561184092275   0.542693573375
7.112   0.561184092275   0.542693573375
7.208   0.561184092275   0.542693573375
7.304   0.561184092275   0.542693573375
7.4   0.561184092275   0.542693573375
7.496   0.561184092275   0.542693573375
7.592   0.561184092275   0.542693573375
7.688   0.561184092275   0.542693573375
7.784   0.561184092275   0.542693573375
7.88   0.561184092275   0.542693573375
7.976   0.561184092275   0.542693573375
8.072   0.561184092275   0.542693573375
8.168   0.561184092275   0.542693573375
8.264   0.561184092275   0.542693573375
8.36   0.561184092275   0.542693573375
8.456   0.561184092275   0.542693573375
8.552   0.561184092275   0.542693573375
8.648   0.561184092275   0.542693573375
8.744   0.561184092275   0.542693573375
8.84   0.561184092275   0.542693573375
8.936   0.561184092275   0.542693573375
9.032   0.561184092275   0.542693573375
9.128   0.561184092275   0.542693573375
9.224   0.561184092275   0.542693573375
9.32   0.561184092275   0.542693573375
9.416   0.561184092275   0.542693573375
9.512   0.561184092275   0.542693573375
9.608   0.561184092275   0.542693573375
9.704   0.561184092275   0.542693573375
