0.2   0.564617725625   0.424582820858
0.296   0.561082402657   0.467906291743
0.392   0.558074213661   0.495966352257
0.488   0.555574741138   0.514229532047
0.584   0.553553555335   0.52575338654
0.68   0.551972062413   0.532768048432
0.776   0.550785448609   0.536952327414
0.872   0.54994233234   0.53942609836
0.968   0.549382524472   0.540871232119
1.064   0.549037553748   0.541697671445
1.16   0.548839522968   0.542158135656
1.256   0.548732286924   0.542408756444
1.352   0.54867590815   0.542543039818
1.448   0.548647134129   0.542614251271
1.544   0.54863263055   0.542651840059
1.64   0.548625368867   0.542671632914
1.736   0.548621745936   0.542682042577
1.832   0.548619941754   0.542687514269
1.928   0.548619044148   0.542690389676
2.024   0.548618597796   0.542691900566
2.12   0.548618375894   0.542692694437
2.216   0.548618265592   0.542693111557
2.312   0.548618210766   0.542693330723
2.408   0.548618183516   0.542693445879
2.504   0.548618169973   0.542693506385
2.6   0.548618163241   0.542693538176
2.696   0.548618159895   0.54269355488
2.792   0.548618158233   0.542693563657
2.888   0.548618157406   0.542693568269
2.984   0.548618156995   0.542693570692
3.08   0.548618156791   0.542693571965
3.176   0.54861815669   0.542693572634
3.272   0.548618156639   0.542693572985
3.368   0.548618156614   0.54269357317
3.464   0.548618156602   0.542693573267
3.56   0.548618156596   0.542693573318
3.656   0.548618156593   0.542693573345
3.752   0.548618156591   0.542693573359
3.848   0.54861815659   0.542693573366
3.944   0.54861815659   0.54269357337
4.04   0.54861815659   0.542693573372
4.136   0.54861815659   0.542693573373
4.232   0.54861815659   0.542693573374
4.328   0.54861815659   0.542693573374
4.424   0.54861815659   0.542693573374
4.52   0.54861815659   0.542693573375
4.616   0.54861815659   0.542693573375
4.712   0.54861815659   0.542693573375
4.808   0.54861815659   0.542693573375
4.904   0.54861815659   0.542693573375
5.0   0.54861815659   0.542693573375
5.096   0.54861815659   0.542693573375
5.192   0.54861815659   0.542693573375
5.288   0.54861815659   0.542693573375
5.384   0.54861815659   0.542693573375
5.48   0.54861815659   0.542693573375
5.576   0.54861815659   0.542693573375
5.672   0.54861815659   0.542693573375
5.768   0.54861815659   0.542693573375
5.864   0.54861815659   0.542693573375
5.96   0.54861815659   0.542693573375
6.056   0.54861815659   0.542693573375
6.152   0.54861815659   0.542693573375
6.248   0.54861815659   0.542693573375
6.344   0.54861815659   0.542693573375
6.44   0.54861815659   0.542693573375
6.536   0.54861815659   0.542693573375
6.632   0.54861815659   0.542693573375
6.728   0.54861815659   0.542693573375
6.824   0.54861815659   0.542693573375
6.92   0.54861815659   0.542693573375
7.016   0.54861815659   0.542693573375
7.112   0.54861815659   0.542693573375
7.208   0.54861815659   0.542693573375
7.304   0.54861815659   0.542693573375
7.4   0.54861815659   0.542693573375
7.496   0.54861815659   0.542693573375
7.592   0.54861815659   0.542693573375
7.688   0.54861815659   0.542693573375
7.784   0.54861815659   0.542693573375
7.88   0.54861815659   0.542693573375
7.976   0.54861815659   0.542693573375
8.072   0.54861815659   0.542693573375
8.168   0.54861815659   0.542693573375
8.264   0.54861815659   0.542693573375
8.36   0.54861815659   0.542693573375
8.456   0.54861815659   0.542693573375
8.552   0.54861815659   0.542693573375
8.648   0.54861815659   0.542693573375
8.744   0.54861815659   0.542693573375
8.84   0.54861815659   0.542693573375
8.936   0.54861815659   0.542693573375
9.032   0.54861815659   0.542693573375
9.128   0.54861815659   0.542693573375
9.224   0.54861815659   0.542693573375
9.32   0.54861815659   0.542693573375
9.416   0.54861815659   0.542693573375
9.512   0.54861815659   0.542693573375
9.608   0.54861815659   0.542693573375
9.704   0.54861815659   0.542693573375
