0.2   0.563415394359   0.408850878531
0.296   0.559323640839   0.453289783501
0.392   0.555785859352   0.482622562016
0.488   0.552784741606   0.502321281542
0.584   0.550288715047   0.515366583519
0.68   0.548256455334   0.523805886059
0.776   0.546640868166   0.529182010346
0.872   0.545392716794   0.532593365029
0.968   0.544462525784   0.53475720527
1.064   0.543800519308   0.536120958949
1.16   0.543354762757   0.536965389491
1.256   0.543072545829   0.537474160822
1.352   0.542903909266   0.537771233476
1.448   0.542808053483   0.537940431111
1.544   0.542754812284   0.538034719854
1.64   0.54272607145   0.538086668108
1.736   0.542710741979   0.538115092669
1.832   0.542702620944   0.53813058436
1.928   0.542698334822   0.538139009085
2.024   0.542696077329   0.538143585282
2.12   0.542694889634   0.538146069485
2.216   0.542694265148   0.538147417614
2.312   0.542693936902   0.538148149098
2.408   0.542693764396   0.538148545963
2.504   0.542693673747   0.538148761271
2.6   0.542693626114   0.538148878079
2.696   0.542693601086   0.538148941448
2.792   0.542693587935   0.538148975827
2.888   0.542693581025   0.538148994477
2.984   0.542693577394   0.538149004595
3.08   0.542693575487   0.538149010083
3.176   0.542693574484   0.538149013061
3.272   0.542693573958   0.538149014677
3.368   0.542693573681   0.538149015553
3.464   0.542693573536   0.538149016028
3.56   0.542693573459   0.538149016286
3.656   0.542693573419   0.538149016426
3.752   0.542693573398   0.538149016502
3.848   0.542693573387   0.538149016543
3.944   0.542693573381   0.538149016566
4.04   0.542693573378   0.538149016578
4.136   0.542693573376   0.538149016584
4.232   0.542693573376   0.538149016588
4.328   0.542693573375   0.53814901659
4.424   0.542693573375   0.538149016591
4.52   0.542693573375   0.538149016592
4.616   0.542693573375   0.538149016592
4.712   0.542693573375   0.538149016592
4.808   0.542693573375   0.538149016592
4.904   0.542693573375   0.538149016592
5.0   0.542693573375   0.538149016592
5.096   0.542693573375   0.538149016592
5.192   0.542693573375   0.538149016592
5.288   0.542693573375   0.538149016592
5.384   0.542693573375   0.538149016592
5.48   0.542693573375   0.538149016592
5.576   0.542693573375   0.538149016592
5.672   0.542693573375   0.538149016592
5.768   0.542693573375   0.538149016592
5.864   0.542693573375   0.538149016592
5.96   0.542693573375   0.538149016592
6.056   0.542693573375   0.538149016592
6.152   0.542693573375   0.538149016592
6.248   0.542693573375   0.538149016592
6.344   0.542693573375   0.538149016592
6.44   0.542693573375   0.538149016592
6.536   0.542693573375   0.538149016592
6.632   0.542693573375   0.538149016592
6.728   0.542693573375   0.538149016592
6.824   0.542693573375   0.538149016592
6.92   0.542693573375   0.538149016592
7.016   0.542693573375   0.538149016592
7.112   0.542693573375   0.538149016592
7.208   0.542693573375   0.538149016592
7.304   0.542693573375   0.538149016592
7.4   0.542693573375   0.538149016592
7.496   0.542693573375   0.538149016592
7.592   0.542693573375   0.538149016592
7.688   0.542693573375   0.538149016592
7.784   0.542693573375   0.538149016592
7.88   0.542693573375   0.538149016592
7.976   0.542693573375   0.538149016592
8.072   0.542693573375   0.538149016592
8.168   0.542693573375   0.538149016592
8.264   0.542693573375   0.538149016592
8.36   0.542693573375   0.538149016592
8.456   0.542693573375   0.538149016592
8.552   0.542693573375   0.538149016592
8.648   0.542693573375   0.538149016592
8.744   0.542693573375   0.538149016592
8.84   0.542693573375   0.538149016592
8.936   0.542693573375   0.538149016592
9.032   0.542693573375   0.538149016592
9.128   0.542693573375   0.538149016592
9.224   0.542693573375   0.538149016592
9.32   0.542693573375   0.538149016592
9.416   0.542693573375   0.538149016592
9.512   0.542693573375   0.538149016592
9.608   0.542693573375   0.538149016592
9.704   0.542693573375   0.538149016592
