0.2   0.562923744244   0.403390049756
0.296   0.558637200088   0.447395767311
0.392   0.554944549673   0.476711232293
0.488   0.55183605656   0.496596413055
0.584   0.549287888025   0.509922958138
0.68   0.547265224895   0.518637130605
0.776   0.545723212986   0.524202520092
0.872   0.544605732458   0.527689043914
0.968   0.543843412934   0.52983175264
1.064   0.543355924475   0.531119955873
1.16   0.54306253758   0.53187708795
1.256   0.54289463489   0.532313392174
1.352   0.542801329379   0.532561713352
1.448   0.542750826855   0.532701650865
1.544   0.542723842922   0.532780170519
1.64   0.54270953211   0.532824127158
1.736   0.54270197417   0.532848706547
1.832   0.542697991871   0.532862443297
1.928   0.54269589626   0.532870118614
2.024   0.542694794252   0.532874406773
2.12   0.542694214963   0.532876802487
2.216   0.542693910514   0.532878140929
2.312   0.542693750526   0.532878888698
2.408   0.542693666458   0.53287930647
2.504   0.542693622284   0.532879539878
2.6   0.542693599073   0.532879670283
2.696   0.542693586878   0.53287974314
2.792   0.542693580469   0.532879783846
2.888   0.542693577103   0.532879806588
2.984   0.542693575333   0.532879819295
3.08   0.542693574404   0.532879826394
3.176   0.542693573915   0.53287983036
3.272   0.542693573659   0.532879832576
3.368   0.542693573524   0.532879833814
3.464   0.542693573453   0.532879834506
3.56   0.542693573416   0.532879834892
3.656   0.542693573396   0.532879835108
3.752   0.542693573386   0.532879835229
3.848   0.542693573381   0.532879835296
3.944   0.542693573378   0.532879835334
4.04   0.542693573376   0.532879835355
4.136   0.542693573376   0.532879835367
4.232   0.542693573375   0.532879835373
4.328   0.542693573375   0.532879835377
4.424   0.542693573375   0.532879835379
4.52   0.542693573375   0.53287983538
4.616   0.542693573375   0.532879835381
4.712   0.542693573375   0.532879835381
4.808   0.542693573375   0.532879835381
4.904   0.542693573375   0.532879835381
5.0   0.542693573375   0.532879835381
5.096   0.542693573375   0.532879835382
5.192   0.542693573375   0.532879835382
5.288   0.542693573375   0.532879835382
5.384   0.542693573375   0.532879835382
5.48   0.542693573375   0.532879835382
5.576   0.542693573375   0.532879835382
5.672   0.542693573375   0.532879835382
5.768   0.542693573375   0.532879835382
5.864   0.542693573375   0.532879835382
5.96   0.542693573375   0.532879835382
6.056   0.542693573375   0.532879835382
6.152   0.542693573375   0.532879835382
6.248   0.542693573375   0.532879835382
6.344   0.542693573375   0.532879835382
6.44   0.542693573375   0.532879835382
6.536   0.542693573375   0.532879835382
6.632   0.542693573375   0.532879835382
6.728   0.542693573375   0.532879835382
6.824   0.542693573375   0.532879835382
6.92   0.542693573375   0.532879835382
7.016   0.542693573375   0.532879835382
7.112   0.542693573375   0.532879835382
7.208   0.542693573375   0.532879835382
7.304   0.542693573375   0.532879835382
7.4   0.542693573375   0.532879835382
7.496   0.542693573375   0.532879835382
7.592   0.542693573375   0.532879835382
7.688   0.542693573375   0.532879835382
7.784   0.542693573375   0.532879835382
7.88   0.542693573375   0.532879835382
7.976   0.542693573375   0.532879835382
8.072   0.542693573375   0.532879835382
8.168   0.542693573375   0.532879835382
8.264   0.542693573375   0.532879835382
8.36   0.542693573375   0.532879835382
8.456   0.542693573375   0.532879835382
8.552   0.542693573375   0.532879835382
8.648   0.542693573375   0.532879835382
8.744   0.542693573375   0.532879835382
8.84   0.542693573375   0.532879835382
8.936   0.542693573375   0.532879835382
9.032   0.542693573375   0.532879835382
9.128   0.542693573375   0.532879835382
9.224   0.542693573375   0.532879835382
9.32   0.542693573375   0.532879835382
9.416   0.542693573375   0.532879835382
9.512   0.542693573375   0.532879835382
9.608   0.542693573375   0.532879835382
9.704   0.542693573375   0.532879835382
