0.2   0.56483179138   0.426855916884
0.296   0.561404894433   0.470043735537
0.392   0.558509682925   0.497888555935
0.488   0.556130414213   0.515871286011
0.584   0.554239592683   0.527076593786
0.68   0.552800111622   0.533779494806
0.776   0.5517640292   0.537687717071
0.872   0.551069262878   0.539930525689
0.968   0.550638996797   0.541194543649
1.064   0.550392353909   0.541891649807
1.16   0.550259751526   0.542268350623
1.256   0.550190899868   0.542469373893
1.352   0.550156277825   0.542575613431
1.448   0.550139108585   0.542631569743
1.544   0.550130657465   0.542660994584
1.64   0.550126513824   0.542676457348
1.736   0.550124486257   0.54268458116
1.832   0.55012349515   0.542688849042
1.928   0.550123010934   0.542691091235
2.024   0.550122774428   0.542692269242
2.12   0.550122658927   0.542692888163
2.216   0.550122602524   0.54269321335
2.312   0.550122574982   0.542693384209
2.408   0.550122561533   0.542693473982
2.504   0.550122554966   0.542693521151
2.6   0.550122551759   0.542693545935
2.696   0.550122550193   0.542693558957
2.792   0.550122549429   0.542693565799
2.888   0.550122549055   0.542693569394
2.984   0.550122548873   0.542693571283
3.08   0.550122548784   0.542693572276
3.176   0.55012254874   0.542693572797
3.272   0.550122548719   0.542693573071
3.368   0.550122548709   0.542693573215
3.464   0.550122548704   0.542693573291
3.56   0.550122548701   0.542693573331
3.656   0.5501225487   0.542693573352
3.752   0.550122548699   0.542693573363
3.848   0.550122548699   0.542693573368
3.944   0.550122548699   0.542693573371
4.04   0.550122548699   0.542693573373
4.136   0.550122548699   0.542693573374
4.232   0.550122548699   0.542693573374
4.328   0.550122548699   0.542693573374
4.424   0.550122548699   0.542693573375
4.52   0.550122548699   0.542693573375
4.616   0.550122548699   0.542693573375
4.712   0.550122548699   0.542693573375
4.808   0.550122548699   0.542693573375
4.904   0.550122548699   0.542693573375
5.0   0.550122548699   0.542693573375
5.096   0.550122548699   0.542693573375
5.192   0.550122548699   0.542693573375
5.288   0.550122548699   0.542693573375
5.384   0.550122548699   0.542693573375
5.48   0.550122548699   0.542693573375
5.576   0.550122548699   0.542693573375
5.672   0.550122548699   0.542693573375
5.768   0.550122548699   0.542693573375
5.864   0.550122548699   0.542693573375
5.96   0.550122548699   0.542693573375
6.056   0.550122548699   0.542693573375
6.152   0.550122548699   0.542693573375
6.248   0.550122548699   0.542693573375
6.344   0.550122548699   0.542693573375
6.44   0.550122548699   0.542693573375
6.536   0.550122548699   0.542693573375
6.632   0.550122548699   0.542693573375
6.728   0.550122548699   0.542693573375
6.824   0.550122548699   0.542693573375
6.92   0.550122548699   0.542693573375
7.016   0.550122548699   0.542693573375
7.112   0.550122548699   0.542693573375
7.208   0.550122548699   0.542693573375
7.304   0.550122548699   0.542693573375
7.4   0.550122548699   0.542693573375
7.496   0.550122548699   0.542693573375
7.592   0.550122548699   0.542693573375
7.688   0.550122548699   0.542693573375
7.784   0.550122548699   0.542693573375
7.88   0.550122548699   0.542693573375
7.976   0.550122548699   0.542693573375
8.072   0.550122548699   0.542693573375
8.168   0.550122548699   0.542693573375
8.264   0.550122548699   0.542693573375
8.36   0.550122548699   0.542693573375
8.456   0.550122548699   0.542693573375
8.552   0.550122548699   0.542693573375
8.648   0.550122548699   0.542693573375
8.744   0.550122548699   0.542693573375
8.84   0.550122548699   0.542693573375
8.936   0.550122548699   0.542693573375
9.032   0.550122548699   0.542693573375
9.128   0.550122548699   0.542693573375
9.224   0.550122548699   0.542693573375
9.32   0.550122548699   0.542693573375
9.416   0.550122548699   0.542693573375
9.512   0.550122548699   0.542693573375
9.608   0.550122548699   0.542693573375
9.704   0.550122548699   0.542693573375
