0.2   0.565225155217   0.428430683692
0.296   0.561998413096   0.472448919425
0.392   0.559314730287   0.500441050425
0.488   0.557163578287   0.518190726746
0.584   0.55552097888   0.528956028472
0.68   0.554344514206   0.535169687045
0.776   0.553567275574   0.538639320997
0.872   0.55309772615   0.540535728829
0.968   0.55283703576   0.541554739044
1.064   0.552701676548   0.542095203214
1.16   0.552633946893   0.542379680773
1.256   0.552601072463   0.542529012651
1.352   0.552585324966   0.542607217431
1.448   0.552577833355   0.54264824952
1.544   0.552574281847   0.542669776524
1.64   0.552572601176   0.542681075748
1.736   0.552571806535   0.542687008691
1.832   0.552571430985   0.542690124713
1.928   0.552571253536   0.542691761538
2.024   0.5525711697   0.542692621441
2.12   0.552571130094   0.542693073219
2.216   0.552571111383   0.542693310583
2.312   0.552571102544   0.542693435298
2.408   0.552571098368   0.542693500825
2.504   0.552571096395   0.542693535255
2.6   0.552571095464   0.542693553346
2.696   0.552571095023   0.542693562851
2.792   0.552571094815   0.542693567845
2.888   0.552571094717   0.542693570469
2.984   0.552571094671   0.542693571848
3.08   0.552571094649   0.542693572573
3.176   0.552571094639   0.542693572953
3.272   0.552571094634   0.542693573153
3.368   0.552571094631   0.542693573258
3.464   0.55257109463   0.542693573314
3.56   0.55257109463   0.542693573343
3.656   0.552571094629   0.542693573358
3.752   0.552571094629   0.542693573366
3.848   0.552571094629   0.54269357337
3.944   0.552571094629   0.542693573372
4.04   0.552571094629   0.542693573373
4.136   0.552571094629   0.542693573374
4.232   0.552571094629   0.542693573374
4.328   0.552571094629   0.542693573374
4.424   0.552571094629   0.542693573375
4.52   0.552571094629   0.542693573375
4.616   0.552571094629   0.542693573375
4.712   0.552571094629   0.542693573375
4.808   0.552571094629   0.542693573375
4.904   0.552571094629   0.542693573375
5.0   0.552571094629   0.542693573375
5.096   0.552571094629   0.542693573375
5.192   0.552571094629   0.542693573375
5.288   0.552571094629   0.542693573375
5.384   0.552571094629   0.542693573375
5.48   0.552571094629   0.542693573375
5.576   0.552571094629   0.542693573375
5.672   0.552571094629   0.542693573375
5.768   0.552571094629   0.542693573375
5.864   0.552571094629   0.542693573375
5.96   0.552571094629   0.542693573375
6.056   0.552571094629   0.542693573375
6.152   0.552571094629   0.542693573375
6.248   0.552571094629   0.542693573375
6.344   0.552571094629   0.542693573375
6.44   0.552571094629   0.542693573375
6.536   0.552571094629   0.542693573375
6.632   0.552571094629   0.542693573375
6.728   0.552571094629   0.542693573375
6.824   0.552571094629   0.542693573375
6.92   0.552571094629   0.542693573375
7.016   0.552571094629   0.542693573375
7.112   0.552571094629   0.542693573375
7.208   0.552571094629   0.542693573375
7.304   0.552571094629   0.542693573375
7.4   0.552571094629   0.542693573375
7.496   0.552571094629   0.542693573375
7.592   0.552571094629   0.542693573375
7.688   0.552571094629   0.542693573375
7.784   0.552571094629   0.542693573375
7.88   0.552571094629   0.542693573375
7.976   0.552571094629   0.542693573375
8.072   0.552571094629   0.542693573375
8.168   0.552571094629   0.542693573375
8.264   0.552571094629   0.542693573375
8.36   0.552571094629   0.542693573375
8.456   0.552571094629   0.542693573375
8.552   0.552571094629   0.542693573375
8.648   0.552571094629   0.542693573375
8.744   0.552571094629   0.542693573375
8.84   0.552571094629   0.542693573375
8.936   0.552571094629   0.542693573375
9.032   0.552571094629   0.542693573375
9.128   0.552571094629   0.542693573375
9.224   0.552571094629   0.542693573375
9.32   0.552571094629   0.542693573375
9.416   0.552571094629   0.542693573375
9.512   0.552571094629   0.542693573375
9.608   0.552571094629   0.542693573375
9.704   0.552571094629   0.542693573375
