0.2   0.569387864358   0.476782633741
0.296   0.568557783065   0.507503914797
0.392   0.568228377811   0.525131997498
0.488   0.56812608472   0.534234518852
0.584   0.568097676238   0.538589673972
0.68   0.568090393125   0.540657158964
0.776   0.568088549959   0.541662474433
0.872   0.568088085418   0.542164059464
0.968   0.568087968487   0.542419164225
1.064   0.568087939066   0.542550567141
1.16   0.568087931663   0.542618793994
1.256   0.568087929801   0.542654391667
1.352   0.568087929333   0.542673019254
1.448   0.568087929215   0.542682783569
1.544   0.568087929185   0.542687907056
1.64   0.568087929178   0.542690597002
1.736   0.568087929176   0.54269200976
1.832   0.568087929175   0.542692751881
1.928   0.568087929175   0.54269314176
2.024   0.568087929175   0.542693346598
2.12   0.568087929175   0.542693454221
2.216   0.568087929175   0.542693510768
2.312   0.568087929175   0.54269354048
2.408   0.568087929175   0.542693556091
2.504   0.568087929175   0.542693564293
2.6   0.568087929175   0.542693568603
2.696   0.568087929175   0.542693570867
2.792   0.568087929175   0.542693572057
2.888   0.568087929175   0.542693572682
2.984   0.568087929175   0.542693573011
3.08   0.568087929175   0.542693573184
3.176   0.568087929175   0.542693573274
3.272   0.568087929175   0.542693573322
3.368   0.568087929175   0.542693573347
3.464   0.568087929175   0.54269357336
3.56   0.568087929175   0.542693573367
3.656   0.568087929175   0.542693573371
3.752   0.568087929175   0.542693573373
3.848   0.568087929175   0.542693573374
3.944   0.568087929175   0.542693573374
4.04   0.568087929175   0.542693573374
4.136   0.568087929175   0.542693573374
4.232   0.568087929175   0.542693573375
4.328   0.568087929175   0.542693573375
4.424   0.568087929175   0.542693573375
4.52   0.568087929175   0.542693573375
4.616   0.568087929175   0.542693573375
4.712   0.568087929175   0.542693573375
4.808   0.568087929175   0.542693573375
4.904   0.568087929175   0.542693573375
5.0   0.568087929175   0.542693573375
5.096   0.568087929175   0.542693573375
5.192   0.568087929175   0.542693573375
5.288   0.568087929175   0.542693573375
5.384   0.568087929175   0.542693573375
5.48   0.568087929175   0.542693573375
5.576   0.568087929175   0.542693573375
5.672   0.568087929175   0.542693573375
5.768   0.568087929175   0.542693573375
5.864   0.568087929175   0.542693573375
5.96   0.568087929175   0.542693573375
6.056   0.568087929175   0.542693573375
6.152   0.568087929175   0.542693573375
6.248   0.568087929175   0.542693573375
6.344   0.568087929175   0.542693573375
6.44   0.568087929175   0.542693573375
6.536   0.568087929175   0.542693573375
6.632   0.568087929175   0.542693573375
6.728   0.568087929175   0.542693573375
6.824   0.568087929175   0.542693573375
6.92   0.568087929175   0.542693573375
7.016   0.568087929175   0.542693573375
7.112   0.568087929175   0.542693573375
7.208   0.568087929175   0.542693573375
7.304   0.568087929175   0.542693573375
7.4   0.568087929175   0.542693573375
7.496   0.568087929175   0.542693573375
7.592   0.568087929175   0.542693573375
7.688   0.568087929175   0.542693573375
7.784   0.568087929175   0.542693573375
7.88   0.568087929175   0.542693573375
7.976   0.568087929175   0.542693573375
8.072   0.568087929175   0.542693573375
8.168   0.568087929175   0.542693573375
8.264   0.568087929175   0.542693573375
8.36   0.568087929175   0.542693573375
8.456   0.568087929175   0.542693573375
8.552   0.568087929175   0.542693573375
8.648   0.568087929175   0.542693573375
8.744   0.568087929175   0.542693573375
8.84   0.568087929175   0.542693573375
8.936   0.568087929175   0.542693573375
9.032   0.568087929175   0.542693573375
9.128   0.568087929175   0.542693573375
9.224   0.568087929175   0.542693573375
9.32   0.568087929175   0.542693573375
9.416   0.568087929175   0.542693573375
9.512   0.568087929175   0.542693573375
9.608   0.568087929175   0.542693573375
9.704   0.568087929175   0.542693573375
