0.2   0.561596224407   0.386208201348
0.296   0.556874947877   0.428402985891
0.392   0.552924128124   0.457119685763
0.488   0.549749566939   0.476960228558
0.584   0.547324613463   0.490503352997
0.68   0.545581229212   0.499499282608
0.776   0.54440950881   0.505286878073
0.872   0.5436727463   0.508904385748
0.968   0.543235602983   0.511116742904
1.064   0.542987642692   0.512450790964
1.16   0.542850907732   0.513248867195
1.256   0.542777102458   0.513724814263
1.352   0.542737719267   0.514008175793
1.448   0.542716844769   0.514176883186
1.544   0.542705823021   0.514277370664
1.64   0.542700016146   0.514337254851
1.736   0.542696960464   0.514372958636
1.832   0.542695353591   0.514394253699
1.928   0.542694508909   0.514406958445
2.024   0.542694064977   0.514414539704
2.12   0.54269383169   0.514419064288
2.216   0.542693709105   0.514421764875
2.312   0.542693644693   0.51442337688
2.408   0.542693610848   0.514424339142
2.504   0.542693593064   0.514424913567
2.6   0.54269358372   0.514425256478
2.696   0.54269357881   0.514425461186
2.792   0.542693576231   0.514425583391
2.888   0.542693574875   0.514425656345
2.984   0.542693574163   0.514425699897
3.08   0.542693573789   0.514425725897
3.176   0.542693573592   0.514425741419
3.272   0.542693573489   0.514425750685
3.368   0.542693573435   0.514425756216
3.464   0.542693573406   0.514425759519
3.56   0.542693573391   0.51442576149
3.656   0.542693573383   0.514425762667
3.752   0.542693573379   0.51442576337
3.848   0.542693573377   0.514425763789
3.944   0.542693573376   0.514425764039
4.04   0.542693573375   0.514425764189
4.136   0.542693573375   0.514425764278
4.232   0.542693573375   0.514425764331
4.328   0.542693573375   0.514425764363
4.424   0.542693573375   0.514425764382
4.52   0.542693573375   0.514425764393
4.616   0.542693573375   0.5144257644
4.712   0.542693573375   0.514425764404
4.808   0.542693573375   0.514425764407
4.904   0.542693573375   0.514425764408
5.0   0.542693573375   0.514425764409
5.096   0.542693573375   0.51442576441
5.192   0.542693573375   0.51442576441
5.288   0.542693573375   0.51442576441
5.384   0.542693573375   0.51442576441
5.48   0.542693573375   0.51442576441
5.576   0.542693573375   0.51442576441
5.672   0.542693573375   0.51442576441
5.768   0.542693573375   0.51442576441
5.864   0.542693573375   0.51442576441
5.96   0.542693573375   0.51442576441
6.056   0.542693573375   0.51442576441
6.152   0.542693573375   0.51442576441
6.248   0.542693573375   0.51442576441
6.344   0.542693573375   0.51442576441
6.44   0.542693573375   0.51442576441
6.536   0.542693573375   0.51442576441
6.632   0.542693573375   0.51442576441
6.728   0.542693573375   0.51442576441
6.824   0.542693573375   0.51442576441
6.92   0.542693573375   0.51442576441
7.016   0.542693573375   0.51442576441
7.112   0.542693573375   0.51442576441
7.208   0.542693573375   0.51442576441
7.304   0.542693573375   0.51442576441
7.4   0.542693573375   0.51442576441
7.496   0.542693573375   0.51442576441
7.592   0.542693573375   0.51442576441
7.688   0.542693573375   0.51442576441
7.784   0.542693573375   0.51442576441
7.88   0.542693573375   0.51442576441
7.976   0.542693573375   0.51442576441
8.072   0.542693573375   0.51442576441
8.168   0.542693573375   0.51442576441
8.264   0.542693573375   0.51442576441
8.36   0.542693573375   0.51442576441
8.456   0.542693573375   0.51442576441
8.552   0.542693573375   0.51442576441
8.648   0.542693573375   0.51442576441
8.744   0.542693573375   0.51442576441
8.84   0.542693573375   0.51442576441
8.936   0.542693573375   0.51442576441
9.032   0.542693573375   0.51442576441
9.128   0.542693573375   0.51442576441
9.224   0.542693573375   0.51442576441
9.32   0.542693573375   0.51442576441
9.416   0.542693573375   0.51442576441
9.512   0.542693573375   0.51442576441
9.608   0.542693573375   0.51442576441
9.704   0.542693573375   0.51442576441
