0.2   0.562229534145   0.391179098173
0.296   0.55769419824   0.435738098889
0.392   0.553833098336   0.465596275233
0.488   0.5506497955   0.486001005107
0.584   0.548127712787   0.499802198277
0.68   0.546226576587   0.508896243791
0.776   0.544877037363   0.514707573907
0.872   0.543980860067   0.51831568153
0.968   0.543423442317   0.520501870228
1.064   0.543095671711   0.521802051074
1.16   0.542911024223   0.522565675691
1.256   0.542809668446   0.523010897754
1.352   0.542755127347   0.523269622786
1.448   0.54272607948   0.523419715392
1.544   0.542710700912   0.523506738118
1.64   0.542702586576   0.523557215031
1.736   0.542698313187   0.523586497172
1.832   0.542696064967   0.523603488239
1.928   0.542694882863   0.523613349427
2.024   0.542694261514   0.523619073527
2.12   0.542693934971   0.523622396565
2.216   0.542693763376   0.523624325857
2.312   0.542693673209   0.523625446029
2.408   0.542693625831   0.523626096437
2.504   0.542693600937   0.523626474095
2.6   0.542693587857   0.523626693384
2.696   0.542693580984   0.523626820717
2.792   0.542693577373   0.523626894655
2.888   0.542693575475   0.523626937588
2.984   0.542693574478   0.523626962518
3.08   0.542693573955   0.523626976994
3.176   0.542693573679   0.523626985399
3.272   0.542693573535   0.52362699028
3.368   0.542693573459   0.523626993115
3.464   0.542693573419   0.52362699476
3.56   0.542693573398   0.523626995716
3.656   0.542693573387   0.523626996271
3.752   0.542693573381   0.523626996593
3.848   0.542693573378   0.52362699678
3.944   0.542693573376   0.523626996889
4.04   0.542693573376   0.523626996952
4.136   0.542693573375   0.523626996989
4.232   0.542693573375   0.52362699701
4.328   0.542693573375   0.523626997022
4.424   0.542693573375   0.52362699703
4.52   0.542693573375   0.523626997034
4.616   0.542693573375   0.523626997036
4.712   0.542693573375   0.523626997038
4.808   0.542693573375   0.523626997038
4.904   0.542693573375   0.523626997039
5.0   0.542693573375   0.523626997039
5.096   0.542693573375   0.523626997039
5.192   0.542693573375   0.523626997039
5.288   0.542693573375   0.523626997039
5.384   0.542693573375   0.523626997039
5.48   0.542693573375   0.523626997039
5.576   0.542693573375   0.523626997039
5.672   0.542693573375   0.523626997039
5.768   0.542693573375   0.523626997039
5.864   0.542693573375   0.523626997039
5.96   0.542693573375   0.523626997039
6.056   0.542693573375   0.523626997039
6.152   0.542693573375   0.523626997039
6.248   0.542693573375   0.523626997039
6.344   0.542693573375   0.523626997039
6.44   0.542693573375   0.523626997039
6.536   0.542693573375   0.523626997039
6.632   0.542693573375   0.523626997039
6.728   0.542693573375   0.523626997039
6.824   0.542693573375   0.523626997039
6.92   0.542693573375   0.523626997039
7.016   0.542693573375   0.523626997039
7.112   0.542693573375   0.523626997039
7.208   0.542693573375   0.523626997039
7.304   0.542693573375   0.523626997039
7.4   0.542693573375   0.523626997039
7.496   0.542693573375   0.523626997039
7.592   0.542693573375   0.523626997039
7.688   0.542693573375   0.523626997039
7.784   0.542693573375   0.523626997039
7.88   0.542693573375   0.523626997039
7.976   0.542693573375   0.523626997039
8.072   0.542693573375   0.523626997039
8.168   0.542693573375   0.523626997039
8.264   0.542693573375   0.523626997039
8.36   0.542693573375   0.523626997039
8.456   0.542693573375   0.523626997039
8.552   0.542693573375   0.523626997039
8.648   0.542693573375   0.523626997039
8.744   0.542693573375   0.523626997039
8.84   0.542693573375   0.523626997039
8.936   0.542693573375   0.523626997039
9.032   0.542693573375   0.523626997039
9.128   0.542693573375   0.523626997039
9.224   0.542693573375   0.523626997039
9.32   0.542693573375   0.523626997039
9.416   0.542693573375   0.523626997039
9.512   0.542693573375   0.523626997039
9.608   0.542693573375   0.523626997039
9.704   0.542693573375   0.523626997039
