0.2   0.565989329225   0.439175869866
0.296   0.563193955366   0.480894089291
0.392   0.560989985822   0.507087070065
0.488   0.559365851451   0.523162638162
0.584   0.558272486448   0.532391595725
0.68   0.557611941255   0.537363428026
0.776   0.557253794766   0.539949282083
0.872   0.557076363671   0.541277856789
0.968   0.556992891356   0.541960126714
1.064   0.556955172137   0.54231197255
1.16   0.556938412514   0.542494379593
1.256   0.55693102811   0.542589343031
1.352   0.556927787701   0.542638946821
1.448   0.556926368495   0.542664914977
1.544   0.556925747487   0.542678529115
1.64   0.556925475863   0.542685672893
1.736   0.556925357081   0.542689423512
1.832   0.556925305141   0.542691393301
1.928   0.556925282431   0.542692428015
2.024   0.556925272501   0.542692971603
2.12   0.556925268159   0.542693257196
2.216   0.556925266261   0.542693407248
2.312   0.556925265431   0.542693486088
2.408   0.556925265068   0.542693527512
2.504   0.55692526491   0.542693549277
2.6   0.55692526484   0.542693560713
2.696   0.55692526481   0.542693566722
2.792   0.556925264797   0.542693569879
2.888   0.556925264791   0.542693571538
2.984   0.556925264788   0.54269357241
3.08   0.556925264787   0.542693572868
3.176   0.556925264787   0.542693573108
3.272   0.556925264786   0.542693573235
3.368   0.556925264786   0.542693573301
3.464   0.556925264786   0.542693573336
3.56   0.556925264786   0.542693573354
3.656   0.556925264786   0.542693573364
3.752   0.556925264786   0.542693573369
3.848   0.556925264786   0.542693573372
3.944   0.556925264786   0.542693573373
4.04   0.556925264786   0.542693573374
4.136   0.556925264786   0.542693573374
4.232   0.556925264786   0.542693573374
4.328   0.556925264786   0.542693573375
4.424   0.556925264786   0.542693573375
4.52   0.556925264786   0.542693573375
4.616   0.556925264786   0.542693573375
4.712   0.556925264786   0.542693573375
4.808   0.556925264786   0.542693573375
4.904   0.556925264786   0.542693573375
5.0   0.556925264786   0.542693573375
5.096   0.556925264786   0.542693573375
5.192   0.556925264786   0.542693573375
5.288   0.556925264786   0.542693573375
5.384   0.556925264786   0.542693573375
5.48   0.556925264786   0.542693573375
5.576   0.556925264786   0.542693573375
5.672   0.556925264786   0.542693573375
5.768   0.556925264786   0.542693573375
5.864   0.556925264786   0.542693573375
5.96   0.556925264786   0.542693573375
6.056   0.556925264786   0.542693573375
6.152   0.556925264786   0.542693573375
6.248   0.556925264786   0.542693573375
6.344   0.556925264786   0.542693573375
6.44   0.556925264786   0.542693573375
6.536   0.556925264786   0.542693573375
6.632   0.556925264786   0.542693573375
6.728   0.556925264786   0.542693573375
6.824   0.556925264786   0.542693573375
6.92   0.556925264786   0.542693573375
7.016   0.556925264786   0.542693573375
7.112   0.556925264786   0.542693573375
7.208   0.556925264786   0.542693573375
7.304   0.556925264786   0.542693573375
7.4   0.556925264786   0.542693573375
7.496   0.556925264786   0.542693573375
7.592   0.556925264786   0.542693573375
7.688   0.556925264786   0.542693573375
7.784   0.556925264786   0.542693573375
7.88   0.556925264786   0.542693573375
7.976   0.556925264786   0.542693573375
8.072   0.556925264786   0.542693573375
8.168   0.556925264786   0.542693573375
8.264   0.556925264786   0.542693573375
8.36   0.556925264786   0.542693573375
8.456   0.556925264786   0.542693573375
8.552   0.556925264786   0.542693573375
8.648   0.556925264786   0.542693573375
8.744   0.556925264786   0.542693573375
8.84   0.556925264786   0.542693573375
8.936   0.556925264786   0.542693573375
9.032   0.556925264786   0.542693573375
9.128   0.556925264786   0.542693573375
9.224   0.556925264786   0.542693573375
9.32   0.556925264786   0.542693573375
9.416   0.556925264786   0.542693573375
9.512   0.556925264786   0.542693573375
9.608   0.556925264786   0.542693573375
9.704   0.556925264786   0.542693573375
