0.2   0.564543585245   0.439018551348
0.296   0.561010256044   0.475871739986
0.392   0.558022570477   0.500478262967
0.488   0.55555751158   0.516788291611
0.584   0.553580793311   0.527210187008
0.68   0.552050586135   0.533615595217
0.776   0.550918761499   0.537458970257
0.872   0.55012953828   0.53973212122
0.968   0.549617198548   0.541053258113
1.064   0.549308819827   0.541802649666
1.16   0.549136029581   0.542216660707
1.256   0.549042992698   0.542440582934
1.352   0.548994990351   0.542560051172
1.448   0.548970689267   0.54262327038
1.544   0.548958514777   0.54265660049
1.64   0.54895244959   0.542674139688
1.736   0.548949436854   0.54268336107
1.832   0.548947942629   0.54268820737
1.928   0.548947202122   0.542690753927
2.024   0.548946835289   0.542692091971
2.12   0.548946653605   0.54269279501
2.216   0.54894656363   0.542693164402
2.312   0.548946519075   0.54269335849
2.408   0.548946497012   0.542693460468
2.504   0.548946486087   0.54269351405
2.6   0.548946480677   0.542693542204
2.696   0.548946477998   0.542693556997
2.792   0.548946476671   0.542693564769
2.888   0.548946476015   0.542693568853
2.984   0.548946475689   0.542693570999
3.08   0.548946475528   0.542693572126
3.176   0.548946475448   0.542693572719
3.272   0.548946475409   0.54269357303
3.368   0.548946475389   0.542693573194
3.464   0.54894647538   0.54269357328
3.56   0.548946475375   0.542693573325
3.656   0.548946475373   0.542693573348
3.752   0.548946475371   0.542693573361
3.848   0.548946475371   0.542693573367
3.944   0.548946475371   0.542693573371
4.04   0.54894647537   0.542693573373
4.136   0.54894647537   0.542693573374
4.232   0.54894647537   0.542693573374
4.328   0.54894647537   0.542693573374
4.424   0.54894647537   0.542693573375
4.52   0.54894647537   0.542693573375
4.616   0.54894647537   0.542693573375
4.712   0.54894647537   0.542693573375
4.808   0.54894647537   0.542693573375
4.904   0.54894647537   0.542693573375
5.0   0.54894647537   0.542693573375
5.096   0.54894647537   0.542693573375
5.192   0.54894647537   0.542693573375
5.288   0.54894647537   0.542693573375
5.384   0.54894647537   0.542693573375
5.48   0.54894647537   0.542693573375
5.576   0.54894647537   0.542693573375
5.672   0.54894647537   0.542693573375
5.768   0.54894647537   0.542693573375
5.864   0.54894647537   0.542693573375
5.96   0.54894647537   0.542693573375
6.056   0.54894647537   0.542693573375
6.152   0.54894647537   0.542693573375
6.248   0.54894647537   0.542693573375
6.344   0.54894647537   0.542693573375
6.44   0.54894647537   0.542693573375
6.536   0.54894647537   0.542693573375
6.632   0.54894647537   0.542693573375
6.728   0.54894647537   0.542693573375
6.824   0.54894647537   0.542693573375
6.92   0.54894647537   0.542693573375
7.016   0.54894647537   0.542693573375
7.112   0.54894647537   0.542693573375
7.208   0.54894647537   0.542693573375
7.304   0.54894647537   0.542693573375
7.4   0.54894647537   0.542693573375
7.496   0.54894647537   0.542693573375
7.592   0.54894647537   0.542693573375
7.688   0.54894647537   0.542693573375
7.784   0.54894647537   0.542693573375
7.88   0.54894647537   0.542693573375
7.976   0.54894647537   0.542693573375
8.072   0.54894647537   0.542693573375
8.168   0.54894647537   0.542693573375
8.264   0.54894647537   0.542693573375
8.36   0.54894647537   0.542693573375
8.456   0.54894647537   0.542693573375
8.552   0.54894647537   0.542693573375
8.648   0.54894647537   0.542693573375
8.744   0.54894647537   0.542693573375
8.84   0.54894647537   0.542693573375
8.936   0.54894647537   0.542693573375
9.032   0.54894647537   0.542693573375
9.128   0.54894647537   0.542693573375
9.224   0.54894647537   0.542693573375
9.32   0.54894647537   0.542693573375
9.416   0.54894647537   0.542693573375
9.512   0.54894647537   0.542693573375
9.608   0.54894647537   0.542693573375
9.704   0.54894647537   0.542693573375
