0.2   0.566608338053   0.456785827601
0.296   0.564208754598   0.491962228366
0.392   0.562456025202   0.51420657419
0.488   0.561304200018   0.527577175332
0.584   0.560638834029   0.534957251995
0.68   0.560300547076   0.538773836682
0.776   0.560145353025   0.540698776397
0.872   0.560078052153   0.541669856226
0.968   0.56005003989   0.542164154862
1.064   0.560038562319   0.54241823888
1.16   0.560033893985   0.542549820006
1.256   0.560032001512   0.542618331148
1.352   0.560031235463   0.542654129442
1.448   0.560030925576   0.542672876299
1.544   0.560030800253   0.542682707046
1.64   0.560030749578   0.542687866464
1.736   0.560030729087   0.542690575569
1.832   0.560030720802   0.542691998469
1.928   0.560030717452   0.542692745941
2.024   0.560030716098   0.542693138636
2.12   0.56003071555   0.542693344956
2.216   0.560030715329   0.542693453358
2.312   0.560030715239   0.542693510315
2.408   0.560030715203   0.542693540241
2.504   0.560030715189   0.542693555965
2.6   0.560030715183   0.542693564227
2.696   0.56003071518   0.542693568568
2.792   0.560030715179   0.542693570849
2.888   0.560030715179   0.542693572048
2.984   0.560030715179   0.542693572677
3.08   0.560030715179   0.542693573008
3.176   0.560030715179   0.542693573182
3.272   0.560030715179   0.542693573274
3.368   0.560030715179   0.542693573322
3.464   0.560030715179   0.542693573347
3.56   0.560030715179   0.54269357336
3.656   0.560030715179   0.542693573367
3.752   0.560030715179   0.542693573371
3.848   0.560030715179   0.542693573373
3.944   0.560030715179   0.542693573374
4.04   0.560030715179   0.542693573374
4.136   0.560030715179   0.542693573374
4.232   0.560030715179   0.542693573374
4.328   0.560030715179   0.542693573375
4.424   0.560030715179   0.542693573375
4.52   0.560030715179   0.542693573375
4.616   0.560030715179   0.542693573375
4.712   0.560030715179   0.542693573375
4.808   0.560030715179   0.542693573375
4.904   0.560030715179   0.542693573375
5.0   0.560030715179   0.542693573375
5.096   0.560030715179   0.542693573375
5.192   0.560030715179   0.542693573375
5.288   0.560030715179   0.542693573375
5.384   0.560030715179   0.542693573375
5.48   0.560030715179   0.542693573375
5.576   0.560030715179   0.542693573375
5.672   0.560030715179   0.542693573375
5.768   0.560030715179   0.542693573375
5.864   0.560030715179   0.542693573375
5.96   0.560030715179   0.542693573375
6.056   0.560030715179   0.542693573375
6.152   0.560030715179   0.542693573375
6.248   0.560030715179   0.542693573375
6.344   0.560030715179   0.542693573375
6.44   0.560030715179   0.542693573375
6.536   0.560030715179   0.542693573375
6.632   0.560030715179   0.542693573375
6.728   0.560030715179   0.542693573375
6.824   0.560030715179   0.542693573375
6.92   0.560030715179   0.542693573375
7.016   0.560030715179   0.542693573375
7.112   0.560030715179   0.542693573375
7.208   0.560030715179   0.542693573375
7.304   0.560030715179   0.542693573375
7.4   0.560030715179   0.542693573375
7.496   0.560030715179   0.542693573375
7.592   0.560030715179   0.542693573375
7.688   0.560030715179   0.542693573375
7.784   0.560030715179   0.542693573375
7.88   0.560030715179   0.542693573375
7.976   0.560030715179   0.542693573375
8.072   0.560030715179   0.542693573375
8.168   0.560030715179   0.542693573375
8.264   0.560030715179   0.542693573375
8.36   0.560030715179   0.542693573375
8.456   0.560030715179   0.542693573375
8.552   0.560030715179   0.542693573375
8.648   0.560030715179   0.542693573375
8.744   0.560030715179   0.542693573375
8.84   0.560030715179   0.542693573375
8.936   0.560030715179   0.542693573375
9.032   0.560030715179   0.542693573375
9.128   0.560030715179   0.542693573375
9.224   0.560030715179   0.542693573375
9.32   0.560030715179   0.542693573375
9.416   0.560030715179   0.542693573375
9.512   0.560030715179   0.542693573375
9.608   0.560030715179   0.542693573375
9.704   0.560030715179   0.542693573375
