0.2   0.561665621753   0.389224268022
0.296   0.556965915065   0.430846905522
0.392   0.553025447199   0.459230039896
0.488   0.549849199588   0.478860131685
0.584   0.547411940561   0.492264776898
0.68   0.545649590259   0.501167981443
0.776   0.544457582398   0.506893118141
0.872   0.543703545969   0.510468006102
0.968   0.543253968509   0.512650659423
1.064   0.542998082349   0.513963689024
1.16   0.542856637967   0.514746882098
1.256   0.542780189341   0.515212418606
1.352   0.542739364094   0.51548859278
1.448   0.542717715765   0.51565241311
1.544   0.542706282638   0.515749621811
1.64   0.542700258212   0.515807331198
1.736   0.542697087817   0.515841606311
1.832   0.542695420554   0.515861970513
1.928   0.542694544106   0.515874072989
2.024   0.542694083475   0.515881266926
2.12   0.54269384141   0.515885543729
2.216   0.542693714213   0.515888086533
2.312   0.542693647376   0.515889598472
2.408   0.542693612258   0.515890497502
2.504   0.542693593805   0.515891032098
2.6   0.542693584109   0.515891349995
2.696   0.542693579015   0.515891539033
2.792   0.542693576338   0.515891651447
2.888   0.542693574932   0.515891718295
2.984   0.542693574193   0.515891758047
3.08   0.542693573805   0.515891781687
3.176   0.542693573601   0.515891795744
3.272   0.542693573493   0.515891804103
3.368   0.542693573437   0.515891809075
3.464   0.542693573407   0.515891812031
3.56   0.542693573392   0.515891813789
3.656   0.542693573384   0.515891814834
3.752   0.542693573379   0.515891815456
3.848   0.542693573377   0.515891815825
3.944   0.542693573376   0.515891816045
4.04   0.542693573375   0.515891816176
4.136   0.542693573375   0.515891816254
4.232   0.542693573375   0.5158918163
4.328   0.542693573375   0.515891816327
4.424   0.542693573375   0.515891816344
4.52   0.542693573375   0.515891816353
4.616   0.542693573375   0.515891816359
4.712   0.542693573375   0.515891816363
4.808   0.542693573375   0.515891816365
4.904   0.542693573375   0.515891816366
5.0   0.542693573375   0.515891816367
5.096   0.542693573375   0.515891816367
5.192   0.542693573375   0.515891816367
5.288   0.542693573375   0.515891816367
5.384   0.542693573375   0.515891816368
5.48   0.542693573375   0.515891816368
5.576   0.542693573375   0.515891816368
5.672   0.542693573375   0.515891816368
5.768   0.542693573375   0.515891816368
5.864   0.542693573375   0.515891816368
5.96   0.542693573375   0.515891816368
6.056   0.542693573375   0.515891816368
6.152   0.542693573375   0.515891816368
6.248   0.542693573375   0.515891816368
6.344   0.542693573375   0.515891816368
6.44   0.542693573375   0.515891816368
6.536   0.542693573375   0.515891816368
6.632   0.542693573375   0.515891816368
6.728   0.542693573375   0.515891816368
6.824   0.542693573375   0.515891816368
6.92   0.542693573375   0.515891816368
7.016   0.542693573375   0.515891816368
7.112   0.542693573375   0.515891816368
7.208   0.542693573375   0.515891816368
7.304   0.542693573375   0.515891816368
7.4   0.542693573375   0.515891816368
7.496   0.542693573375   0.515891816368
7.592   0.542693573375   0.515891816368
7.688   0.542693573375   0.515891816368
7.784   0.542693573375   0.515891816368
7.88   0.542693573375   0.515891816368
7.976   0.542693573375   0.515891816368
8.072   0.542693573375   0.515891816368
8.168   0.542693573375   0.515891816368
8.264   0.542693573375   0.515891816368
8.36   0.542693573375   0.515891816368
8.456   0.542693573375   0.515891816368
8.552   0.542693573375   0.515891816368
8.648   0.542693573375   0.515891816368
8.744   0.542693573375   0.515891816368
8.84   0.542693573375   0.515891816368
8.936   0.542693573375   0.515891816368
9.032   0.542693573375   0.515891816368
9.128   0.542693573375   0.515891816368
9.224   0.542693573375   0.515891816368
9.32   0.542693573375   0.515891816368
9.416   0.542693573375   0.515891816368
9.512   0.542693573375   0.515891816368
9.608   0.542693573375   0.515891816368
9.704   0.542693573375   0.515891816368
