0.2   0.563625986027   0.422088486516
0.296   0.559644816963   0.462194467446
0.392   0.556213805819   0.489079694282
0.488   0.553309028882   0.50724783015
0.584   0.550892365651   0.519285749574
0.68   0.548916138634   0.527063520627
0.776   0.547327247056   0.532026432835
0.872   0.546071347566   0.535204958289
0.968   0.5450961767   0.537266459189
1.064   0.544353913836   0.538620894373
1.16   0.543802438447   0.53951706915
1.256   0.543405566405   0.540107993585
1.352   0.54313121655   0.540491333857
1.448   0.542951211581   0.540732200552
1.544   0.542839611564   0.540878815355
1.64   0.542774829937   0.540962928373
1.736   0.542737419027   0.54101052313
1.832   0.542716949348   0.541036735231
1.928   0.542705953626   0.541050971889
2.024   0.542700106177   0.541058636149
2.12   0.54269701376   0.541062740288
2.216   0.542695383262   0.541064931332
2.312   0.542694524961   0.541066099079
2.408   0.542694073539   0.541066720878
2.504   0.542693836224   0.541067051812
2.6   0.542693711497   0.541067227896
2.696   0.542693645952   0.541067321574
2.792   0.54269361151   0.541067371408
2.888   0.542693593412   0.541067397917
2.984   0.542693583903   0.541067412018
3.08   0.542693578907   0.541067419519
3.176   0.542693576281   0.541067423509
3.272   0.542693574902   0.541067425632
3.368   0.542693574177   0.541067426761
3.464   0.542693573796   0.541067427361
3.56   0.542693573596   0.541067427681
3.656   0.542693573491   0.541067427851
3.752   0.542693573436   0.541067427941
3.848   0.542693573407   0.541067427989
3.944   0.542693573392   0.541067428015
4.04   0.542693573384   0.541067428028
4.136   0.542693573379   0.541067428036
4.232   0.542693573377   0.541067428039
4.328   0.542693573376   0.541067428042
4.424   0.542693573375   0.541067428043
4.52   0.542693573375   0.541067428043
4.616   0.542693573375   0.541067428043
4.712   0.542693573375   0.541067428044
4.808   0.542693573375   0.541067428044
4.904   0.542693573375   0.541067428044
5.0   0.542693573375   0.541067428044
5.096   0.542693573375   0.541067428044
5.192   0.542693573375   0.541067428044
5.288   0.542693573375   0.541067428044
5.384   0.542693573375   0.541067428044
5.48   0.542693573375   0.541067428044
5.576   0.542693573375   0.541067428044
5.672   0.542693573375   0.541067428044
5.768   0.542693573375   0.541067428044
5.864   0.542693573375   0.541067428044
5.96   0.542693573375   0.541067428044
6.056   0.542693573375   0.541067428044
6.152   0.542693573375   0.541067428044
6.248   0.542693573375   0.541067428044
6.344   0.542693573375   0.541067428044
6.44   0.542693573375   0.541067428044
6.536   0.542693573375   0.541067428044
6.632   0.542693573375   0.541067428044
6.728   0.542693573375   0.541067428044
6.824   0.542693573375   0.541067428044
6.92   0.542693573375   0.541067428044
7.016   0.542693573375   0.541067428044
7.112   0.542693573375   0.541067428044
7.208   0.542693573375   0.541067428044
7.304   0.542693573375   0.541067428044
7.4   0.542693573375   0.541067428044
7.496   0.542693573375   0.541067428044
7.592   0.542693573375   0.541067428044
7.688   0.542693573375   0.541067428044
7.784   0.542693573375   0.541067428044
7.88   0.542693573375   0.541067428044
7.976   0.542693573375   0.541067428044
8.072   0.542693573375   0.541067428044
8.168   0.542693573375   0.541067428044
8.264   0.542693573375   0.541067428044
8.36   0.542693573375   0.541067428044
8.456   0.542693573375   0.541067428044
8.552   0.542693573375   0.541067428044
8.648   0.542693573375   0.541067428044
8.744   0.542693573375   0.541067428044
8.84   0.542693573375   0.541067428044
8.936   0.542693573375   0.541067428044
9.032   0.542693573375   0.541067428044
9.128   0.542693573375   0.541067428044
9.224   0.542693573375   0.541067428044
9.32   0.542693573375   0.541067428044
9.416   0.542693573375   0.541067428044
9.512   0.542693573375   0.541067428044
9.608   0.542693573375   0.541067428044
9.704   0.542693573375   0.541067428044
