0.2   0.568830555463   0.471044863852
0.296   0.567709638744   0.503874501905
0.392   0.567176831958   0.523004800211
0.488   0.566975442994   0.533128836558
0.584   0.56691054411   0.53804838255
0.68   0.566890962966   0.540392461069
0.776   0.566885300058   0.54153067426
0.872   0.566883677059   0.542097261124
0.968   0.566883213339   0.542384858886
1.064   0.566883080982   0.54253279591
1.16   0.566883043217   0.542609533584
1.256   0.566883032443   0.542649550273
1.352   0.566883029369   0.542670482891
1.448   0.566883028492   0.542681453153
1.544   0.566883028242   0.542687208699
1.64   0.566883028171   0.54269023027
1.736   0.56688302815   0.542691817128
1.832   0.566883028144   0.542692650685
1.928   0.566883028143   0.542693088593
2.024   0.566883028142   0.542693318664
2.12   0.566883028142   0.542693439544
2.216   0.566883028142   0.542693503057
2.312   0.566883028142   0.542693536428
2.408   0.566883028142   0.542693553962
2.504   0.566883028142   0.542693563175
2.6   0.566883028142   0.542693568015
2.696   0.566883028142   0.542693570559
2.792   0.566883028142   0.542693571895
2.888   0.566883028142   0.542693572597
2.984   0.566883028142   0.542693572966
3.08   0.566883028142   0.54269357316
3.176   0.566883028142   0.542693573262
3.272   0.566883028142   0.542693573315
3.368   0.566883028142   0.542693573344
3.464   0.566883028142   0.542693573358
3.56   0.566883028142   0.542693573366
3.656   0.566883028142   0.54269357337
3.752   0.566883028142   0.542693573372
3.848   0.566883028142   0.542693573373
3.944   0.566883028142   0.542693573374
4.04   0.566883028142   0.542693573374
4.136   0.566883028142   0.542693573374
4.232   0.566883028142   0.542693573375
4.328   0.566883028142   0.542693573375
4.424   0.566883028142   0.542693573375
4.52   0.566883028142   0.542693573375
4.616   0.566883028142   0.542693573375
4.712   0.566883028142   0.542693573375
4.808   0.566883028142   0.542693573375
4.904   0.566883028142   0.542693573375
5.0   0.566883028142   0.542693573375
5.096   0.566883028142   0.542693573375
5.192   0.566883028142   0.542693573375
5.288   0.566883028142   0.542693573375
5.384   0.566883028142   0.542693573375
5.48   0.566883028142   0.542693573375
5.576   0.566883028142   0.542693573375
5.672   0.566883028142   0.542693573375
5.768   0.566883028142   0.542693573375
5.864   0.566883028142   0.542693573375
5.96   0.566883028142   0.542693573375
6.056   0.566883028142   0.542693573375
6.152   0.566883028142   0.542693573375
6.248   0.566883028142   0.542693573375
6.344   0.566883028142   0.542693573375
6.44   0.566883028142   0.542693573375
6.536   0.566883028142   0.542693573375
6.632   0.566883028142   0.542693573375
6.728   0.566883028142   0.542693573375
6.824   0.566883028142   0.542693573375
6.92   0.566883028142   0.542693573375
7.016   0.566883028142   0.542693573375
7.112   0.566883028142   0.542693573375
7.208   0.566883028142   0.542693573375
7.304   0.566883028142   0.542693573375
7.4   0.566883028142   0.542693573375
7.496   0.566883028142   0.542693573375
7.592   0.566883028142   0.542693573375
7.688   0.566883028142   0.542693573375
7.784   0.566883028142   0.542693573375
7.88   0.566883028142   0.542693573375
7.976   0.566883028142   0.542693573375
8.072   0.566883028142   0.542693573375
8.168   0.566883028142   0.542693573375
8.264   0.566883028142   0.542693573375
8.36   0.566883028142   0.542693573375
8.456   0.566883028142   0.542693573375
8.552   0.566883028142   0.542693573375
8.648   0.566883028142   0.542693573375
8.744   0.566883028142   0.542693573375
8.84   0.566883028142   0.542693573375
8.936   0.566883028142   0.542693573375
9.032   0.566883028142   0.542693573375
9.128   0.566883028142   0.542693573375
9.224   0.566883028142   0.542693573375
9.32   0.566883028142   0.542693573375
9.416   0.566883028142   0.542693573375
9.512   0.566883028142   0.542693573375
9.608   0.566883028142   0.542693573375
9.704   0.566883028142   0.542693573375
