0.2   0.566805712011   0.447142917398
0.296   0.564487719538   0.487502260638
0.392   0.562811559526   0.51228193272
0.488   0.561728910609   0.526838858356
0.584   0.561118240258   0.534695808888
0.68   0.560815972335   0.538680134862
0.776   0.560680785239   0.540662427609
0.872   0.560623500996   0.541654350535
0.968   0.560600133689   0.542157003013
1.064   0.560590736357   0.542414755797
1.16   0.560586981685   0.542548067378
1.256   0.560585485854   0.542617432256
1.352   0.560584890677   0.542653663405
1.448   0.560584653991   0.542672633219
1.544   0.560584559889   0.542682579837
1.64   0.56058452248   0.542687799771
1.736   0.560584507609   0.542690540568
1.832   0.560584501697   0.542691980091
1.928   0.560584499347   0.542692736288
2.024   0.560584498413   0.542693133565
2.12   0.560584498041   0.542693342292
2.216   0.560584497894   0.542693451959
2.312   0.560584497835   0.54269350958
2.408   0.560584497812   0.542693539855
2.504   0.560584497803   0.542693555762
2.6   0.560584497799   0.542693564121
2.696   0.560584497797   0.542693568512
2.792   0.560584497797   0.54269357082
2.888   0.560584497797   0.542693572032
2.984   0.560584497797   0.542693572669
3.08   0.560584497797   0.542693573004
3.176   0.560584497796   0.54269357318
3.272   0.560584497796   0.542693573272
3.368   0.560584497796   0.542693573321
3.464   0.560584497796   0.542693573346
3.56   0.560584497796   0.54269357336
3.656   0.560584497796   0.542693573367
3.752   0.560584497796   0.542693573371
3.848   0.560584497796   0.542693573373
3.944   0.560584497796   0.542693573374
4.04   0.560584497796   0.542693573374
4.136   0.560584497796   0.542693573374
4.232   0.560584497796   0.542693573374
4.328   0.560584497796   0.542693573375
4.424   0.560584497796   0.542693573375
4.52   0.560584497796   0.542693573375
4.616   0.560584497796   0.542693573375
4.712   0.560584497796   0.542693573375
4.808   0.560584497796   0.542693573375
4.904   0.560584497796   0.542693573375
5.0   0.560584497796   0.542693573375
5.096   0.560584497796   0.542693573375
5.192   0.560584497796   0.542693573375
5.288   0.560584497796   0.542693573375
5.384   0.560584497796   0.542693573375
5.48   0.560584497796   0.542693573375
5.576   0.560584497796   0.542693573375
5.672   0.560584497796   0.542693573375
5.768   0.560584497796   0.542693573375
5.864   0.560584497796   0.542693573375
5.96   0.560584497796   0.542693573375
6.056   0.560584497796   0.542693573375
6.152   0.560584497796   0.542693573375
6.248   0.560584497796   0.542693573375
6.344   0.560584497796   0.542693573375
6.44   0.560584497796   0.542693573375
6.536   0.560584497796   0.542693573375
6.632   0.560584497796   0.542693573375
6.728   0.560584497796   0.542693573375
6.824   0.560584497796   0.542693573375
6.92   0.560584497796   0.542693573375
7.016   0.560584497796   0.542693573375
7.112   0.560584497796   0.542693573375
7.208   0.560584497796   0.542693573375
7.304   0.560584497796   0.542693573375
7.4   0.560584497796   0.542693573375
7.496   0.560584497796   0.542693573375
7.592   0.560584497796   0.542693573375
7.688   0.560584497796   0.542693573375
7.784   0.560584497796   0.542693573375
7.88   0.560584497796   0.542693573375
7.976   0.560584497796   0.542693573375
8.072   0.560584497796   0.542693573375
8.168   0.560584497796   0.542693573375
8.264   0.560584497796   0.542693573375
8.36   0.560584497796   0.542693573375
8.456   0.560584497796   0.542693573375
8.552   0.560584497796   0.542693573375
8.648   0.560584497796   0.542693573375
8.744   0.560584497796   0.542693573375
8.84   0.560584497796   0.542693573375
8.936   0.560584497796   0.542693573375
9.032   0.560584497796   0.542693573375
9.128   0.560584497796   0.542693573375
9.224   0.560584497796   0.542693573375
9.32   0.560584497796   0.542693573375
9.416   0.560584497796   0.542693573375
9.512   0.560584497796   0.542693573375
9.608   0.560584497796   0.542693573375
9.704   0.560584497796   0.542693573375
