0.2   0.56202597715   0.399126958258
0.296   0.557439426659   0.43956902283
0.392   0.553557409261   0.467208953142
0.488   0.550380891912   0.486332783779
0.584   0.547888788691   0.499378644378
0.68   0.54603340843   0.508028264332
0.776   0.544735282166   0.51357894359
0.872   0.543886061217   0.51703442696
0.968   0.54336490346   0.519132438823
1.064   0.543061634836   0.52038315635
1.16   0.542891994504   0.521120065375
1.256   0.542799322815   0.521551405724
1.352   0.542749585635   0.521803165136
1.448   0.542723136246   0.521949926366
1.544   0.542709145248   0.522035414843
1.64   0.542701766517   0.522085256106
1.736   0.542697881536   0.522114314318
1.832   0.542695837944   0.522131260127
1.928   0.542694763515   0.522141144489
2.024   0.542694198787   0.522146910892
2.12   0.542693902007   0.522150275322
2.216   0.542693746054   0.522152238468
2.312   0.542693664108   0.522153384027
2.408   0.542693621049   0.522154052521
2.504   0.542693598424   0.522154442632
2.6   0.542693586537   0.522154670291
2.696   0.54269358029   0.522154803148
2.792   0.542693577008   0.522154880682
2.888   0.542693575284   0.522154925929
2.984   0.542693574378   0.522154952335
3.08   0.542693573902   0.522154967745
3.176   0.542693573652   0.522154976739
3.272   0.54269357352   0.522154981987
3.368   0.542693573451   0.52215498505
3.464   0.542693573415   0.522154986837
3.56   0.542693573396   0.52215498788
3.656   0.542693573386   0.522154988489
3.752   0.54269357338   0.522154988844
3.848   0.542693573378   0.522154989052
3.944   0.542693573376   0.522154989173
4.04   0.542693573376   0.522154989243
4.136   0.542693573375   0.522154989285
4.232   0.542693573375   0.522154989309
4.328   0.542693573375   0.522154989323
4.424   0.542693573375   0.522154989331
4.52   0.542693573375   0.522154989336
4.616   0.542693573375   0.522154989338
4.712   0.542693573375   0.52215498934
4.808   0.542693573375   0.522154989341
4.904   0.542693573375   0.522154989342
5.0   0.542693573375   0.522154989342
5.096   0.542693573375   0.522154989342
5.192   0.542693573375   0.522154989342
5.288   0.542693573375   0.522154989342
5.384   0.542693573375   0.522154989342
5.48   0.542693573375   0.522154989342
5.576   0.542693573375   0.522154989342
5.672   0.542693573375   0.522154989342
5.768   0.542693573375   0.522154989342
5.864   0.542693573375   0.522154989342
5.96   0.542693573375   0.522154989342
6.056   0.542693573375   0.522154989342
6.152   0.542693573375   0.522154989342
6.248   0.542693573375   0.522154989342
6.344   0.542693573375   0.522154989342
6.44   0.542693573375   0.522154989342
6.536   0.542693573375   0.522154989342
6.632   0.542693573375   0.522154989342
6.728   0.542693573375   0.522154989342
6.824   0.542693573375   0.522154989342
6.92   0.542693573375   0.522154989342
7.016   0.542693573375   0.522154989342
7.112   0.542693573375   0.522154989342
7.208   0.542693573375   0.522154989342
7.304   0.542693573375   0.522154989342
7.4   0.542693573375   0.522154989342
7.496   0.542693573375   0.522154989342
7.592   0.542693573375   0.522154989342
7.688   0.542693573375   0.522154989342
7.784   0.542693573375   0.522154989342
7.88   0.542693573375   0.522154989342
7.976   0.542693573375   0.522154989342
8.072   0.542693573375   0.522154989342
8.168   0.542693573375   0.522154989342
8.264   0.542693573375   0.522154989342
8.36   0.542693573375   0.522154989342
8.456   0.542693573375   0.522154989342
8.552   0.542693573375   0.522154989342
8.648   0.542693573375   0.522154989342
8.744   0.542693573375   0.522154989342
8.84   0.542693573375   0.522154989342
8.936   0.542693573375   0.522154989342
9.032   0.542693573375   0.522154989342
9.128   0.542693573375   0.522154989342
9.224   0.542693573375   0.522154989342
9.32   0.542693573375   0.522154989342
9.416   0.542693573375   0.522154989342
9.512   0.542693573375   0.522154989342
9.608   0.542693573375   0.522154989342
9.704   0.542693573375   0.522154989342
