0.2   0.566301945711   0.454483765381
0.296   0.563724600631   0.489944002201
0.392   0.561777343001   0.512583612603
0.488   0.560430840357   0.526425791585
0.584   0.559599343628   0.534241535392
0.68   0.559144878296   0.538369487843
0.776   0.558921436544   0.540481792474
0.872   0.558819545627   0.541555941329
0.968   0.558774842526   0.542104718317
1.064   0.558755745403   0.542387261979
1.16   0.558747671532   0.542533673401
1.256   0.55874427475   0.542609868581
1.352   0.5587428489   0.542649695535
1.448   0.558742250991   0.542670550761
1.544   0.558742000383   0.542681486484
1.64   0.558741895364   0.542687225569
1.736   0.558741851359   0.542690238956
1.832   0.558741832921   0.542691821643
1.928   0.558741825196   0.542692653044
2.024   0.558741821959   0.542693089829
2.12   0.558741820603   0.542693319312
2.216   0.558741820034   0.542693439885
2.312   0.558741819796   0.542693503236
2.408   0.558741819696   0.542693536522
2.504   0.558741819655   0.542693554011
2.6   0.558741819637   0.5426935632
2.696   0.55874181963   0.542693568029
2.792   0.558741819627   0.542693570566
2.888   0.558741819625   0.542693571899
2.984   0.558741819625   0.542693572599
3.08   0.558741819625   0.542693572967
3.176   0.558741819625   0.542693573161
3.272   0.558741819625   0.542693573262
3.368   0.558741819625   0.542693573316
3.464   0.558741819625   0.542693573344
3.56   0.558741819625   0.542693573358
3.656   0.558741819625   0.542693573366
3.752   0.558741819625   0.54269357337
3.848   0.558741819625   0.542693573372
3.944   0.558741819625   0.542693573373
4.04   0.558741819625   0.542693573374
4.136   0.558741819625   0.542693573374
4.232   0.558741819625   0.542693573374
4.328   0.558741819625   0.542693573375
4.424   0.558741819625   0.542693573375
4.52   0.558741819625   0.542693573375
4.616   0.558741819625   0.542693573375
4.712   0.558741819625   0.542693573375
4.808   0.558741819625   0.542693573375
4.904   0.558741819625   0.542693573375
5.0   0.558741819625   0.542693573375
5.096   0.558741819625   0.542693573375
5.192   0.558741819625   0.542693573375
5.288   0.558741819625   0.542693573375
5.384   0.558741819625   0.542693573375
5.48   0.558741819625   0.542693573375
5.576   0.558741819625   0.542693573375
5.672   0.558741819625   0.542693573375
5.768   0.558741819625   0.542693573375
5.864   0.558741819625   0.542693573375
5.96   0.558741819625   0.542693573375
6.056   0.558741819625   0.542693573375
6.152   0.558741819625   0.542693573375
6.248   0.558741819625   0.542693573375
6.344   0.558741819625   0.542693573375
6.44   0.558741819625   0.542693573375
6.536   0.558741819625   0.542693573375
6.632   0.558741819625   0.542693573375
6.728   0.558741819625   0.542693573375
6.824   0.558741819625   0.542693573375
6.92   0.558741819625   0.542693573375
7.016   0.558741819625   0.542693573375
7.112   0.558741819625   0.542693573375
7.208   0.558741819625   0.542693573375
7.304   0.558741819625   0.542693573375
7.4   0.558741819625   0.542693573375
7.496   0.558741819625   0.542693573375
7.592   0.558741819625   0.542693573375
7.688   0.558741819625   0.542693573375
7.784   0.558741819625   0.542693573375
7.88   0.558741819625   0.542693573375
7.976   0.558741819625   0.542693573375
8.072   0.558741819625   0.542693573375
8.168   0.558741819625   0.542693573375
8.264   0.558741819625   0.542693573375
8.36   0.558741819625   0.542693573375
8.456   0.558741819625   0.542693573375
8.552   0.558741819625   0.542693573375
8.648   0.558741819625   0.542693573375
8.744   0.558741819625   0.542693573375
8.84   0.558741819625   0.542693573375
8.936   0.558741819625   0.542693573375
9.032   0.558741819625   0.542693573375
9.128   0.558741819625   0.542693573375
9.224   0.558741819625   0.542693573375
9.32   0.558741819625   0.542693573375
9.416   0.558741819625   0.542693573375
9.512   0.558741819625   0.542693573375
9.608   0.558741819625   0.542693573375
9.704   0.558741819625   0.542693573375
