0.2   0.561591958747   0.381289057258
0.296   0.556864556717   0.425154765414
0.392   0.55290819789   0.454797622822
0.488   0.549730568928   0.475193658652
0.584   0.547305817635   0.489081836821
0.68   0.545565368512   0.498294015127
0.776   0.544397844192   0.504216756403
0.872   0.543665080649   0.50791855013
0.968   0.543230967933   0.510183651215
1.064   0.5429849864   0.511550916118
1.16   0.542849444458   0.512370027181
1.256   0.542776312693   0.512859339951
1.352   0.542737298027   0.513151201575
1.448   0.542716621591   0.513325311798
1.544   0.542705705221   0.513429228463
1.64   0.542699954095   0.513491284924
1.736   0.542696927816   0.513528361755
1.832   0.542695336424   0.513550522713
1.928   0.542694499885   0.513563772289
2.024   0.542694060235   0.513571695609
2.12   0.542693829198   0.513576434498
2.216   0.542693707796   0.513579269084
2.312   0.542693644004   0.51358096472
2.408   0.542693610486   0.513581979087
2.504   0.542693592874   0.513582585922
2.6   0.54269358362   0.513582948963
2.696   0.542693578758   0.513583166155
2.792   0.542693576203   0.513583296093
2.888   0.542693574861   0.513583373831
2.984   0.542693574156   0.513583420339
3.08   0.542693573785   0.513583448164
3.176   0.54269357359   0.51358346481
3.272   0.542693573488   0.51358347477
3.368   0.542693573434   0.513583480728
3.464   0.542693573406   0.513583484293
3.56   0.542693573391   0.513583486425
3.656   0.542693573383   0.513583487701
3.752   0.542693573379   0.513583488464
3.848   0.542693573377   0.513583488921
3.944   0.542693573376   0.513583489194
4.04   0.542693573375   0.513583489358
4.136   0.542693573375   0.513583489456
4.232   0.542693573375   0.513583489514
4.328   0.542693573375   0.513583489549
4.424   0.542693573375   0.51358348957
4.52   0.542693573375   0.513583489583
4.616   0.542693573375   0.51358348959
4.712   0.542693573375   0.513583489595
4.808   0.542693573375   0.513583489597
4.904   0.542693573375   0.513583489599
5.0   0.542693573375   0.5135834896
5.096   0.542693573375   0.5135834896
5.192   0.542693573375   0.513583489601
5.288   0.542693573375   0.513583489601
5.384   0.542693573375   0.513583489601
5.48   0.542693573375   0.513583489601
5.576   0.542693573375   0.513583489601
5.672   0.542693573375   0.513583489601
5.768   0.542693573375   0.513583489601
5.864   0.542693573375   0.513583489601
5.96   0.542693573375   0.513583489601
6.056   0.542693573375   0.513583489601
6.152   0.542693573375   0.513583489601
6.248   0.542693573375   0.513583489601
6.344   0.542693573375   0.513583489601
6.44   0.542693573375   0.513583489601
6.536   0.542693573375   0.513583489601
6.632   0.542693573375   0.513583489601
6.728   0.542693573375   0.513583489601
6.824   0.542693573375   0.513583489601
6.92   0.542693573375   0.513583489601
7.016   0.542693573375   0.513583489601
7.112   0.542693573375   0.513583489601
7.208   0.542693573375   0.513583489601
7.304   0.542693573375   0.513583489601
7.4   0.542693573375   0.513583489601
7.496   0.542693573375   0.513583489601
7.592   0.542693573375   0.513583489601
7.688   0.542693573375   0.513583489601
7.784   0.542693573375   0.513583489601
7.88   0.542693573375   0.513583489601
7.976   0.542693573375   0.513583489601
8.072   0.542693573375   0.513583489601
8.168   0.542693573375   0.513583489601
8.264   0.542693573375   0.513583489601
8.36   0.542693573375   0.513583489601
8.456   0.542693573375   0.513583489601
8.552   0.542693573375   0.513583489601
8.648   0.542693573375   0.513583489601
8.744   0.542693573375   0.513583489601
8.84   0.542693573375   0.513583489601
8.936   0.542693573375   0.513583489601
9.032   0.542693573375   0.513583489601
9.128   0.542693573375   0.513583489601
9.224   0.542693573375   0.513583489601
9.32   0.542693573375   0.513583489601
9.416   0.542693573375   0.513583489601
9.512   0.542693573375   0.513583489601
9.608   0.542693573375   0.513583489601
9.704   0.542693573375   0.513583489601
