0.2   0.564777232182   0.434878544566
0.296   0.561344035234   0.474335216531
0.392   0.558452467566   0.500227836839
0.488   0.556083732489   0.517131830195
0.584   0.554208448804   0.527749064999
0.68   0.552787235017   0.534142101332
0.776   0.551769973833   0.537887291765
0.872   0.551092261417   0.540041414994
0.968   0.550675407644   0.541255709084
1.064   0.550437893212   0.541924854811
1.16   0.550310776075   0.542286141265
1.256   0.550244998558   0.54247879197
1.352   0.550211992019   0.542580578656
1.448   0.550195648027   0.542634181948
1.544   0.550187612092   0.542662367568
1.64   0.550183675652   0.542677178732
1.736   0.550181751052   0.542684960146
1.832   0.550180810998   0.542689048146
1.928   0.550180352064   0.542691195839
2.024   0.55018012807   0.5426923242
2.12   0.550180018757   0.542692917039
2.216   0.550179965415   0.542693228522
2.312   0.550179939385   0.54269339218
2.408   0.550179926684   0.54269347817
2.504   0.550179920486   0.542693523352
2.6   0.550179917462   0.542693547091
2.696   0.550179915986   0.542693559564
2.792   0.550179915266   0.542693566118
2.888   0.550179914915   0.542693569562
2.984   0.550179914744   0.542693571371
3.08   0.55017991466   0.542693572322
3.176   0.550179914619   0.542693572822
3.272   0.550179914599   0.542693573084
3.368   0.550179914589   0.542693573222
3.464   0.550179914585   0.542693573294
3.56   0.550179914582   0.542693573333
3.656   0.550179914581   0.542693573353
3.752   0.550179914581   0.542693573363
3.848   0.55017991458   0.542693573369
3.944   0.55017991458   0.542693573371
4.04   0.55017991458   0.542693573373
4.136   0.55017991458   0.542693573374
4.232   0.55017991458   0.542693573374
4.328   0.55017991458   0.542693573374
4.424   0.55017991458   0.542693573375
4.52   0.55017991458   0.542693573375
4.616   0.55017991458   0.542693573375
4.712   0.55017991458   0.542693573375
4.808   0.55017991458   0.542693573375
4.904   0.55017991458   0.542693573375
5.0   0.55017991458   0.542693573375
5.096   0.55017991458   0.542693573375
5.192   0.55017991458   0.542693573375
5.288   0.55017991458   0.542693573375
5.384   0.55017991458   0.542693573375
5.48   0.55017991458   0.542693573375
5.576   0.55017991458   0.542693573375
5.672   0.55017991458   0.542693573375
5.768   0.55017991458   0.542693573375
5.864   0.55017991458   0.542693573375
5.96   0.55017991458   0.542693573375
6.056   0.55017991458   0.542693573375
6.152   0.55017991458   0.542693573375
6.248   0.55017991458   0.542693573375
6.344   0.55017991458   0.542693573375
6.44   0.55017991458   0.542693573375
6.536   0.55017991458   0.542693573375
6.632   0.55017991458   0.542693573375
6.728   0.55017991458   0.542693573375
6.824   0.55017991458   0.542693573375
6.92   0.55017991458   0.542693573375
7.016   0.55017991458   0.542693573375
7.112   0.55017991458   0.542693573375
7.208   0.55017991458   0.542693573375
7.304   0.55017991458   0.542693573375
7.4   0.55017991458   0.542693573375
7.496   0.55017991458   0.542693573375
7.592   0.55017991458   0.542693573375
7.688   0.55017991458   0.542693573375
7.784   0.55017991458   0.542693573375
7.88   0.55017991458   0.542693573375
7.976   0.55017991458   0.542693573375
8.072   0.55017991458   0.542693573375
8.168   0.55017991458   0.542693573375
8.264   0.55017991458   0.542693573375
8.36   0.55017991458   0.542693573375
8.456   0.55017991458   0.542693573375
8.552   0.55017991458   0.542693573375
8.648   0.55017991458   0.542693573375
8.744   0.55017991458   0.542693573375
8.84   0.55017991458   0.542693573375
8.936   0.55017991458   0.542693573375
9.032   0.55017991458   0.542693573375
9.128   0.55017991458   0.542693573375
9.224   0.55017991458   0.542693573375
9.32   0.55017991458   0.542693573375
9.416   0.55017991458   0.542693573375
9.512   0.55017991458   0.542693573375
9.608   0.55017991458   0.542693573375
9.704   0.55017991458   0.542693573375
