0.2   0.562750296343   0.395644680585
0.296   0.558391110599   0.441688474926
0.392   0.554641560393   0.47216516491
0.488   0.551497600995   0.492787424414
0.584   0.548940240171   0.506606295333
0.68   0.546936974592   0.515643552397
0.776   0.545440375143   0.521402362951
0.872   0.544385221119   0.524987838304
0.968   0.543687936261   0.527171112829
1.064   0.543256010756   0.528471931206
1.16   0.543002854148   0.5292321455
1.256   0.542860639064   0.529670026998
1.352   0.54278268262   0.529920153226
1.448   0.542740790025   0.530062182667
1.544   0.542718498443   0.530142643471
1.64   0.542706703383   0.530188175494
1.736   0.542700481959   0.530213930184
1.832   0.542697206129   0.530228496034
1.928   0.542695482927   0.530236733846
2.024   0.542694576938   0.53024139297
2.12   0.542694100742   0.530244028185
2.216   0.542693850488   0.53024551873
2.312   0.542693718983   0.530246361846
2.408   0.542693649883   0.530246838759
2.504   0.542693613575   0.530247108531
2.6   0.542693594497   0.530247261133
2.696   0.542693584473   0.530247347455
2.792   0.542693579206   0.530247396286
2.888   0.542693576439   0.530247423908
2.984   0.542693574985   0.530247439533
3.08   0.542693574221   0.530247448372
3.176   0.542693573819   0.530247453372
3.272   0.542693573608   0.5302474562
3.368   0.542693573497   0.5302474578
3.464   0.542693573439   0.530247458705
3.56   0.542693573409   0.530247459217
3.656   0.542693573392   0.530247459507
3.752   0.542693573384   0.530247459671
3.848   0.54269357338   0.530247459763
3.944   0.542693573377   0.530247459816
4.04   0.542693573376   0.530247459846
4.136   0.542693573375   0.530247459862
4.232   0.542693573375   0.530247459872
4.328   0.542693573375   0.530247459877
4.424   0.542693573375   0.53024745988
4.52   0.542693573375   0.530247459882
4.616   0.542693573375   0.530247459883
4.712   0.542693573375   0.530247459883
4.808   0.542693573375   0.530247459884
4.904   0.542693573375   0.530247459884
5.0   0.542693573375   0.530247459884
5.096   0.542693573375   0.530247459884
5.192   0.542693573375   0.530247459884
5.288   0.542693573375   0.530247459884
5.384   0.542693573375   0.530247459884
5.48   0.542693573375   0.530247459884
5.576   0.542693573375   0.530247459884
5.672   0.542693573375   0.530247459884
5.768   0.542693573375   0.530247459884
5.864   0.542693573375   0.530247459884
5.96   0.542693573375   0.530247459884
6.056   0.542693573375   0.530247459884
6.152   0.542693573375   0.530247459884
6.248   0.542693573375   0.530247459884
6.344   0.542693573375   0.530247459884
6.44   0.542693573375   0.530247459884
6.536   0.542693573375   0.530247459884
6.632   0.542693573375   0.530247459884
6.728   0.542693573375   0.530247459884
6.824   0.542693573375   0.530247459884
6.92   0.542693573375   0.530247459884
7.016   0.542693573375   0.530247459884
7.112   0.542693573375   0.530247459884
7.208   0.542693573375   0.530247459884
7.304   0.542693573375   0.530247459884
7.4   0.542693573375   0.530247459884
7.496   0.542693573375   0.530247459884
7.592   0.542693573375   0.530247459884
7.688   0.542693573375   0.530247459884
7.784   0.542693573375   0.530247459884
7.88   0.542693573375   0.530247459884
7.976   0.542693573375   0.530247459884
8.072   0.542693573375   0.530247459884
8.168   0.542693573375   0.530247459884
8.264   0.542693573375   0.530247459884
8.36   0.542693573375   0.530247459884
8.456   0.542693573375   0.530247459884
8.552   0.542693573375   0.530247459884
8.648   0.542693573375   0.530247459884
8.744   0.542693573375   0.530247459884
8.84   0.542693573375   0.530247459884
8.936   0.542693573375   0.530247459884
9.032   0.542693573375   0.530247459884
9.128   0.542693573375   0.530247459884
9.224   0.542693573375   0.530247459884
9.32   0.542693573375   0.530247459884
9.416   0.542693573375   0.530247459884
9.512   0.542693573375   0.530247459884
9.608   0.542693573375   0.530247459884
9.704   0.542693573375   0.530247459884
