0.2   0.562401272081   0.401726478423
0.296   0.557934087855   0.443428101856
0.392   0.554120394364   0.471667374408
0.488   0.550957287606   0.491070511273
0.584   0.548424908499   0.504227417843
0.68   0.546485552187   0.512909831256
0.776   0.545079702522   0.518469187427
0.872   0.544123585199   0.521929907355
0.968   0.543514986074   0.524030476882
1.064   0.543150272316   0.525278679637
1.16   0.542942069875   0.526008698163
1.256   0.542826696357   0.526431274816
1.352   0.54276429422   0.526674589799
1.448   0.542730961582   0.526814231831
1.544   0.542713285291   0.526894289478
1.64   0.542703950033   0.526940171314
1.736   0.542699031182   0.5269664661
1.832   0.54269644268   0.526981537047
1.928   0.542695081455   0.526990176059
2.024   0.542694365897   0.526995128673
2.12   0.542693989828   0.526997968171
2.216   0.542693792202   0.526999596248
2.312   0.542693688356   0.527000529776
2.408   0.54269363379   0.52700106507
2.504   0.542693605119   0.527001372017
2.6   0.542693590054   0.52700154803
2.696   0.542693582139   0.527001648961
2.792   0.54269357798   0.527001706838
2.888   0.542693575794   0.527001740027
2.984   0.542693574646   0.527001759059
3.08   0.542693574043   0.527001769972
3.176   0.542693573726   0.52700177623
3.272   0.542693573559   0.527001779819
3.368   0.542693573472   0.527001781877
3.464   0.542693573426   0.527001783057
3.56   0.542693573401   0.527001783734
3.656   0.542693573389   0.527001784122
3.752   0.542693573382   0.527001784344
3.848   0.542693573379   0.527001784472
3.944   0.542693573377   0.527001784545
4.04   0.542693573376   0.527001784587
4.136   0.542693573375   0.527001784611
4.232   0.542693573375   0.527001784625
4.328   0.542693573375   0.527001784633
4.424   0.542693573375   0.527001784637
4.52   0.542693573375   0.52700178464
4.616   0.542693573375   0.527001784642
4.712   0.542693573375   0.527001784642
4.808   0.542693573375   0.527001784643
4.904   0.542693573375   0.527001784643
5.0   0.542693573375   0.527001784643
5.096   0.542693573375   0.527001784643
5.192   0.542693573375   0.527001784643
5.288   0.542693573375   0.527001784644
5.384   0.542693573375   0.527001784644
5.48   0.542693573375   0.527001784644
5.576   0.542693573375   0.527001784644
5.672   0.542693573375   0.527001784644
5.768   0.542693573375   0.527001784644
5.864   0.542693573375   0.527001784644
5.96   0.542693573375   0.527001784644
6.056   0.542693573375   0.527001784644
6.152   0.542693573375   0.527001784644
6.248   0.542693573375   0.527001784644
6.344   0.542693573375   0.527001784644
6.44   0.542693573375   0.527001784644
6.536   0.542693573375   0.527001784644
6.632   0.542693573375   0.527001784644
6.728   0.542693573375   0.527001784644
6.824   0.542693573375   0.527001784644
6.92   0.542693573375   0.527001784644
7.016   0.542693573375   0.527001784644
7.112   0.542693573375   0.527001784644
7.208   0.542693573375   0.527001784644
7.304   0.542693573375   0.527001784644
7.4   0.542693573375   0.527001784644
7.496   0.542693573375   0.527001784644
7.592   0.542693573375   0.527001784644
7.688   0.542693573375   0.527001784644
7.784   0.542693573375   0.527001784644
7.88   0.542693573375   0.527001784644
7.976   0.542693573375   0.527001784644
8.072   0.542693573375   0.527001784644
8.168   0.542693573375   0.527001784644
8.264   0.542693573375   0.527001784644
8.36   0.542693573375   0.527001784644
8.456   0.542693573375   0.527001784644
8.552   0.542693573375   0.527001784644
8.648   0.542693573375   0.527001784644
8.744   0.542693573375   0.527001784644
8.84   0.542693573375   0.527001784644
8.936   0.542693573375   0.527001784644
9.032   0.542693573375   0.527001784644
9.128   0.542693573375   0.527001784644
9.224   0.542693573375   0.527001784644
9.32   0.542693573375   0.527001784644
9.416   0.542693573375   0.527001784644
9.512   0.542693573375   0.527001784644
9.608   0.542693573375   0.527001784644
9.704   0.542693573375   0.527001784644
