0.2   0.56498515517   0.438489541388
0.296   0.561663930152   0.47712318905
0.392   0.558893245396   0.502434852889
0.488   0.556656731102   0.518851851465
0.584   0.554926436419   0.529036689847
0.68   0.553660396679   0.535060562304
0.776   0.552798233569   0.538507900013
0.872   0.552258429028   0.540435465366
0.968   0.551947622719   0.541490739284
1.064   0.551781158306   0.542058019039
1.16   0.551695599892   0.542359113053
1.256   0.55165321035   0.542517841848
1.352   0.551632546442   0.542601329218
1.448   0.551622560008   0.542645137441
1.544   0.551617755416   0.542668136766
1.64   0.551615449166   0.542680213049
1.736   0.551614343427   0.542686555135
1.832   0.551613813584   0.542689886339
1.928   0.551613559771   0.542691636275
2.024   0.551613438203   0.542692555622
2.12   0.551613379981   0.542693038634
2.216   0.551613352097   0.542693292411
2.312   0.551613338744   0.54269342575
2.408   0.551613332348   0.542693495809
2.504   0.551613329286   0.542693532619
2.6   0.551613327819   0.542693551961
2.696   0.551613327117   0.542693562123
2.792   0.55161332678   0.542693567463
2.888   0.551613326619   0.542693570268
2.984   0.551613326542   0.542693571743
3.08   0.551613326505   0.542693572517
3.176   0.551613326488   0.542693572924
3.272   0.551613326479   0.542693573138
3.368   0.551613326475   0.54269357325
3.464   0.551613326473   0.542693573309
3.56   0.551613326472   0.54269357334
3.656   0.551613326472   0.542693573357
3.752   0.551613326471   0.542693573365
3.848   0.551613326471   0.54269357337
3.944   0.551613326471   0.542693573372
4.04   0.551613326471   0.542693573373
4.136   0.551613326471   0.542693573374
4.232   0.551613326471   0.542693573374
4.328   0.551613326471   0.542693573374
4.424   0.551613326471   0.542693573375
4.52   0.551613326471   0.542693573375
4.616   0.551613326471   0.542693573375
4.712   0.551613326471   0.542693573375
4.808   0.551613326471   0.542693573375
4.904   0.551613326471   0.542693573375
5.0   0.551613326471   0.542693573375
5.096   0.551613326471   0.542693573375
5.192   0.551613326471   0.542693573375
5.288   0.551613326471   0.542693573375
5.384   0.551613326471   0.542693573375
5.48   0.551613326471   0.542693573375
5.576   0.551613326471   0.542693573375
5.672   0.551613326471   0.542693573375
5.768   0.551613326471   0.542693573375
5.864   0.551613326471   0.542693573375
5.96   0.551613326471   0.542693573375
6.056   0.551613326471   0.542693573375
6.152   0.551613326471   0.542693573375
6.248   0.551613326471   0.542693573375
6.344   0.551613326471   0.542693573375
6.44   0.551613326471   0.542693573375
6.536   0.551613326471   0.542693573375
6.632   0.551613326471   0.542693573375
6.728   0.551613326471   0.542693573375
6.824   0.551613326471   0.542693573375
6.92   0.551613326471   0.542693573375
7.016   0.551613326471   0.542693573375
7.112   0.551613326471   0.542693573375
7.208   0.551613326471   0.542693573375
7.304   0.551613326471   0.542693573375
7.4   0.551613326471   0.542693573375
7.496   0.551613326471   0.542693573375
7.592   0.551613326471   0.542693573375
7.688   0.551613326471   0.542693573375
7.784   0.551613326471   0.542693573375
7.88   0.551613326471   0.542693573375
7.976   0.551613326471   0.542693573375
8.072   0.551613326471   0.542693573375
8.168   0.551613326471   0.542693573375
8.264   0.551613326471   0.542693573375
8.36   0.551613326471   0.542693573375
8.456   0.551613326471   0.542693573375
8.552   0.551613326471   0.542693573375
8.648   0.551613326471   0.542693573375
8.744   0.551613326471   0.542693573375
8.84   0.551613326471   0.542693573375
8.936   0.551613326471   0.542693573375
9.032   0.551613326471   0.542693573375
9.128   0.551613326471   0.542693573375
9.224   0.551613326471   0.542693573375
9.32   0.551613326471   0.542693573375
9.416   0.551613326471   0.542693573375
9.512   0.551613326471   0.542693573375
9.608   0.551613326471   0.542693573375
9.704   0.551613326471   0.542693573375
