0.2   0.561549253836   0.371716014793
0.296   0.556801943938   0.418645645163
0.392   0.552832686547   0.449964597159
0.488   0.549652211857   0.471361621496
0.584   0.547234814828   0.485872764664
0.68   0.545508787919   0.495478390651
0.776   0.54435775216   0.501650296111
0.872   0.543639341747   0.505510355462
0.968   0.543215622942   0.507876716534
1.064   0.54297626947   0.509309300528
1.16   0.542844663224   0.510170766295
1.256   0.542773738295   0.510687580391
1.352   0.542735926694   0.510997280378
1.448   0.542715895554   0.5111829296
1.544   0.542705322137   0.511294285547
1.64   0.542699752348   0.511361121289
1.736   0.542696821679   0.511401257809
1.832   0.542695280618   0.511425371022
1.928   0.542694470552   0.511439862322
2.024   0.542694044819   0.511448573114
2.12   0.542693821097   0.511453810039
2.216   0.542693703539   0.511456958815
2.312   0.542693641768   0.5114588522
2.408   0.542693609311   0.511459990764
2.504   0.542693592257   0.511460675446
2.6   0.542693583296   0.511461087193
2.696   0.542693578588   0.511461334809
2.792   0.542693576114   0.51146148372
2.888   0.542693574814   0.511461573274
2.984   0.542693574131   0.51146162713
3.08   0.542693573772   0.511461659519
3.176   0.542693573583   0.511461678997
3.272   0.542693573484   0.511461690711
3.368   0.542693573432   0.511461697756
3.464   0.542693573405   0.511461701992
3.56   0.542693573391   0.51146170454
3.656   0.542693573383   0.511461706073
3.752   0.542693573379   0.511461706994
3.848   0.542693573377   0.511461707548
3.944   0.542693573376   0.511461707882
4.04   0.542693573375   0.511461708082
4.136   0.542693573375   0.511461708203
4.232   0.542693573375   0.511461708275
4.328   0.542693573375   0.511461708319
4.424   0.542693573375   0.511461708345
4.52   0.542693573375   0.511461708361
4.616   0.542693573375   0.51146170837
4.712   0.542693573375   0.511461708376
4.808   0.542693573375   0.511461708379
4.904   0.542693573375   0.511461708381
5.0   0.542693573375   0.511461708383
5.096   0.542693573375   0.511461708383
5.192   0.542693573375   0.511461708384
5.288   0.542693573375   0.511461708384
5.384   0.542693573375   0.511461708384
5.48   0.542693573375   0.511461708384
5.576   0.542693573375   0.511461708384
5.672   0.542693573375   0.511461708384
5.768   0.542693573375   0.511461708384
5.864   0.542693573375   0.511461708384
5.96   0.542693573375   0.511461708384
6.056   0.542693573375   0.511461708384
6.152   0.542693573375   0.511461708384
6.248   0.542693573375   0.511461708384
6.344   0.542693573375   0.511461708384
6.44   0.542693573375   0.511461708384
6.536   0.542693573375   0.511461708384
6.632   0.542693573375   0.511461708384
6.728   0.542693573375   0.511461708384
6.824   0.542693573375   0.511461708384
6.92   0.542693573375   0.511461708384
7.016   0.542693573375   0.511461708384
7.112   0.542693573375   0.511461708384
7.208   0.542693573375   0.511461708384
7.304   0.542693573375   0.511461708384
7.4   0.542693573375   0.511461708384
7.496   0.542693573375   0.511461708384
7.592   0.542693573375   0.511461708384
7.688   0.542693573375   0.511461708384
7.784   0.542693573375   0.511461708384
7.88   0.542693573375   0.511461708384
7.976   0.542693573375   0.511461708384
8.072   0.542693573375   0.511461708384
8.168   0.542693573375   0.511461708384
8.264   0.542693573375   0.511461708384
8.36   0.542693573375   0.511461708384
8.456   0.542693573375   0.511461708384
8.552   0.542693573375   0.511461708384
8.648   0.542693573375   0.511461708384
8.744   0.542693573375   0.511461708384
8.84   0.542693573375   0.511461708384
8.936   0.542693573375   0.511461708384
9.032   0.542693573375   0.511461708384
9.128   0.542693573375   0.511461708384
9.224   0.542693573375   0.511461708384
9.32   0.542693573375   0.511461708384
9.416   0.542693573375   0.511461708384
9.512   0.542693573375   0.511461708384
9.608   0.542693573375   0.511461708384
9.704   0.542693573375   0.511461708384
