0.2   0.564858321411   0.421465474383
0.296   0.561432150061   0.467187654553
0.392   0.558531631406   0.496328838088
0.488   0.556142474361   0.515021727897
0.584   0.554238483085   0.526614851398
0.68   0.552783800136   0.533524272177
0.776   0.551731934536   0.537543354788
0.872   0.551022593926   0.5398482545
0.968   0.550580603646   0.541148243532
1.064   0.550325809711   0.541866166244
1.16   0.550188223796   0.542254577358
1.256   0.550116536567   0.54246204879
1.352   0.550080407422   0.54257174163
1.448   0.550062460871   0.542629529921
1.544   0.550053615313   0.542659921645
1.64   0.55004927326   0.542675893391
1.736   0.550047146353   0.542684284819
1.832   0.550046105637   0.54268869334
1.928   0.550045596685   0.542691009428
2.024   0.550045347856   0.54269222626
2.12   0.550045226219   0.54269286558
2.216   0.550045166764   0.542693201485
2.312   0.550045137703   0.542693377974
2.408   0.550045123498   0.542693470706
2.504   0.550045116556   0.54269351943
2.6   0.550045113163   0.54269354503
2.696   0.550045111504   0.542693558482
2.792   0.550045110693   0.542693565549
2.888   0.550045110297   0.542693569263
2.984   0.550045110104   0.542693571214
3.08   0.550045110009   0.54269357224
3.176   0.550045109963   0.542693572778
3.272   0.55004510994   0.542693573061
3.368   0.550045109929   0.54269357321
3.464   0.550045109924   0.542693573288
3.56   0.550045109921   0.542693573329
3.656   0.55004510992   0.542693573351
3.752   0.550045109919   0.542693573362
3.848   0.550045109919   0.542693573368
3.944   0.550045109919   0.542693573371
4.04   0.550045109918   0.542693573373
4.136   0.550045109918   0.542693573374
4.232   0.550045109918   0.542693573374
4.328   0.550045109918   0.542693573374
4.424   0.550045109918   0.542693573375
4.52   0.550045109918   0.542693573375
4.616   0.550045109918   0.542693573375
4.712   0.550045109918   0.542693573375
4.808   0.550045109918   0.542693573375
4.904   0.550045109918   0.542693573375
5.0   0.550045109918   0.542693573375
5.096   0.550045109918   0.542693573375
5.192   0.550045109918   0.542693573375
5.288   0.550045109918   0.542693573375
5.384   0.550045109918   0.542693573375
5.48   0.550045109918   0.542693573375
5.576   0.550045109918   0.542693573375
5.672   0.550045109918   0.542693573375
5.768   0.550045109918   0.542693573375
5.864   0.550045109918   0.542693573375
5.96   0.550045109918   0.542693573375
6.056   0.550045109918   0.542693573375
6.152   0.550045109918   0.542693573375
6.248   0.550045109918   0.542693573375
6.344   0.550045109918   0.542693573375
6.44   0.550045109918   0.542693573375
6.536   0.550045109918   0.542693573375
6.632   0.550045109918   0.542693573375
6.728   0.550045109918   0.542693573375
6.824   0.550045109918   0.542693573375
6.92   0.550045109918   0.542693573375
7.016   0.550045109918   0.542693573375
7.112   0.550045109918   0.542693573375
7.208   0.550045109918   0.542693573375
7.304   0.550045109918   0.542693573375
7.4   0.550045109918   0.542693573375
7.496   0.550045109918   0.542693573375
7.592   0.550045109918   0.542693573375
7.688   0.550045109918   0.542693573375
7.784   0.550045109918   0.542693573375
7.88   0.550045109918   0.542693573375
7.976   0.550045109918   0.542693573375
8.072   0.550045109918   0.542693573375
8.168   0.550045109918   0.542693573375
8.264   0.550045109918   0.542693573375
8.36   0.550045109918   0.542693573375
8.456   0.550045109918   0.542693573375
8.552   0.550045109918   0.542693573375
8.648   0.550045109918   0.542693573375
8.744   0.550045109918   0.542693573375
8.84   0.550045109918   0.542693573375
8.936   0.550045109918   0.542693573375
9.032   0.550045109918   0.542693573375
9.128   0.550045109918   0.542693573375
9.224   0.550045109918   0.542693573375
9.32   0.550045109918   0.542693573375
9.416   0.550045109918   0.542693573375
9.512   0.550045109918   0.542693573375
9.608   0.550045109918   0.542693573375
9.704   0.550045109918   0.542693573375
