0.2   0.562133684272   0.400916211232
0.296   0.557581727503   0.441362552185
0.392   0.553719155056   0.46897769491
0.488   0.55054553807   0.488066075862
0.584   0.548040285476   0.501074508178
0.68   0.546159202162   0.509691768968
0.776   0.544829336211   0.515219154546
0.872   0.54394971923   0.518659425051
0.968   0.543404492601   0.52074691247
1.064   0.54308474502   0.521989328422
1.16   0.542904946155   0.522719289311
1.256   0.54280637129   0.523144943243
1.352   0.542753363227   0.523392287369
1.448   0.542725143105   0.523535792648
1.544   0.542710206138   0.523618930545
1.64   0.5427023258   0.523667160008
1.736   0.542698175935   0.523695130192
1.832   0.542695992784   0.523711354794
1.928   0.542694844916   0.523720767955
2.024   0.54269424157   0.523726230072
2.12   0.54269392449   0.52372939988
2.216   0.542693757869   0.523731239539
2.312   0.542693670315   0.523732307275
2.408   0.542693624311   0.523732927009
2.504   0.542693600138   0.523733286721
2.6   0.542693587437   0.523733495513
2.696   0.542693580764   0.523733616705
2.792   0.542693577257   0.52373368705
2.888   0.542693575415   0.523733727882
2.984   0.542693574446   0.523733751583
3.08   0.542693573938   0.523733765341
3.176   0.542693573671   0.523733773326
3.272   0.54269357353   0.523733777961
3.368   0.542693573456   0.523733780652
3.464   0.542693573418   0.523733782214
3.56   0.542693573397   0.52373378312
3.656   0.542693573387   0.523733783646
3.752   0.542693573381   0.523733783952
3.848   0.542693573378   0.523733784129
3.944   0.542693573376   0.523733784232
4.04   0.542693573376   0.523733784292
4.136   0.542693573375   0.523733784326
4.232   0.542693573375   0.523733784346
4.328   0.542693573375   0.523733784358
4.424   0.542693573375   0.523733784365
4.52   0.542693573375   0.523733784369
4.616   0.542693573375   0.523733784371
4.712   0.542693573375   0.523733784372
4.808   0.542693573375   0.523733784373
4.904   0.542693573375   0.523733784374
5.0   0.542693573375   0.523733784374
5.096   0.542693573375   0.523733784374
5.192   0.542693573375   0.523733784374
5.288   0.542693573375   0.523733784374
5.384   0.542693573375   0.523733784374
5.48   0.542693573375   0.523733784374
5.576   0.542693573375   0.523733784374
5.672   0.542693573375   0.523733784374
5.768   0.542693573375   0.523733784374
5.864   0.542693573375   0.523733784374
5.96   0.542693573375   0.523733784374
6.056   0.542693573375   0.523733784374
6.152   0.542693573375   0.523733784374
6.248   0.542693573375   0.523733784374
6.344   0.542693573375   0.523733784374
6.44   0.542693573375   0.523733784374
6.536   0.542693573375   0.523733784374
6.632   0.542693573375   0.523733784374
6.728   0.542693573375   0.523733784374
6.824   0.542693573375   0.523733784374
6.92   0.542693573375   0.523733784374
7.016   0.542693573375   0.523733784374
7.112   0.542693573375   0.523733784374
7.208   0.542693573375   0.523733784374
7.304   0.542693573375   0.523733784374
7.4   0.542693573375   0.523733784374
7.496   0.542693573375   0.523733784374
7.592   0.542693573375   0.523733784374
7.688   0.542693573375   0.523733784374
7.784   0.542693573375   0.523733784374
7.88   0.542693573375   0.523733784374
7.976   0.542693573375   0.523733784374
8.072   0.542693573375   0.523733784374
8.168   0.542693573375   0.523733784374
8.264   0.542693573375   0.523733784374
8.36   0.542693573375   0.523733784374
8.456   0.542693573375   0.523733784374
8.552   0.542693573375   0.523733784374
8.648   0.542693573375   0.523733784374
8.744   0.542693573375   0.523733784374
8.84   0.542693573375   0.523733784374
8.936   0.542693573375   0.523733784374
9.032   0.542693573375   0.523733784374
9.128   0.542693573375   0.523733784374
9.224   0.542693573375   0.523733784374
9.32   0.542693573375   0.523733784374
9.416   0.542693573375   0.523733784374
9.512   0.542693573375   0.523733784374
9.608   0.542693573375   0.523733784374
9.704   0.542693573375   0.523733784374
