0.2   0.564440590615   0.416854003367
0.296   0.560805333808   0.462822169345
0.392   0.55768939919   0.492378106445
0.488   0.555073904798   0.511616073063
0.584   0.552926965832   0.523830541171
0.68   0.551208106623   0.531349401896
0.776   0.549871920205   0.535910661561
0.872   0.548870920348   0.538678307831
0.968   0.548156088361   0.540358334781
1.064   0.547675529346   0.541367067802
1.16   0.547373782761   0.541958424481
1.256   0.54719669381   0.542294139702
1.352   0.547098725799   0.542479915716
1.448   0.547045978316   0.542580194985
1.544   0.547018515317   0.542633686777
1.64   0.547004408832   0.542662022075
1.736   0.546997216113   0.542676972985
1.832   0.54699356306   0.542684845263
1.928   0.546991711592   0.5426889859
2.024   0.546990774237   0.542691162613
2.12   0.546990299945   0.542692306598
2.216   0.546990060029   0.54269290775
2.312   0.546989938687   0.54269322363
2.408   0.546989877322   0.542693389607
2.504   0.54698984629   0.542693476817
2.6   0.546989830597   0.542693522641
2.696   0.546989822661   0.542693546717
2.792   0.546989818648   0.542693559368
2.888   0.546989816619   0.542693566015
2.984   0.546989815593   0.542693569508
3.08   0.546989815074   0.542693571343
3.176   0.546989814811   0.542693572307
3.272   0.546989814679   0.542693572814
3.368   0.546989814611   0.54269357308
3.464   0.546989814577   0.54269357322
3.56   0.54698981456   0.542693573293
3.656   0.546989814552   0.542693573332
3.752   0.546989814547   0.542693573352
3.848   0.546989814545   0.542693573363
3.944   0.546989814544   0.542693573368
4.04   0.546989814543   0.542693573371
4.136   0.546989814543   0.542693573373
4.232   0.546989814543   0.542693573374
4.328   0.546989814543   0.542693573374
4.424   0.546989814543   0.542693573374
4.52   0.546989814543   0.542693573375
4.616   0.546989814543   0.542693573375
4.712   0.546989814543   0.542693573375
4.808   0.546989814543   0.542693573375
4.904   0.546989814543   0.542693573375
5.0   0.546989814543   0.542693573375
5.096   0.546989814543   0.542693573375
5.192   0.546989814543   0.542693573375
5.288   0.546989814543   0.542693573375
5.384   0.546989814543   0.542693573375
5.48   0.546989814543   0.542693573375
5.576   0.546989814543   0.542693573375
5.672   0.546989814543   0.542693573375
5.768   0.546989814543   0.542693573375
5.864   0.546989814543   0.542693573375
5.96   0.546989814543   0.542693573375
6.056   0.546989814543   0.542693573375
6.152   0.546989814543   0.542693573375
6.248   0.546989814543   0.542693573375
6.344   0.546989814543   0.542693573375
6.44   0.546989814543   0.542693573375
6.536   0.546989814543   0.542693573375
6.632   0.546989814543   0.542693573375
6.728   0.546989814543   0.542693573375
6.824   0.546989814543   0.542693573375
6.92   0.546989814543   0.542693573375
7.016   0.546989814543   0.542693573375
7.112   0.546989814543   0.542693573375
7.208   0.546989814543   0.542693573375
7.304   0.546989814543   0.542693573375
7.4   0.546989814543   0.542693573375
7.496   0.546989814543   0.542693573375
7.592   0.546989814543   0.542693573375
7.688   0.546989814543   0.542693573375
7.784   0.546989814543   0.542693573375
7.88   0.546989814543   0.542693573375
7.976   0.546989814543   0.542693573375
8.072   0.546989814543   0.542693573375
8.168   0.546989814543   0.542693573375
8.264   0.546989814543   0.542693573375
8.36   0.546989814543   0.542693573375
8.456   0.546989814543   0.542693573375
8.552   0.546989814543   0.542693573375
8.648   0.546989814543   0.542693573375
8.744   0.546989814543   0.542693573375
8.84   0.546989814543   0.542693573375
8.936   0.546989814543   0.542693573375
9.032   0.546989814543   0.542693573375
9.128   0.546989814543   0.542693573375
9.224   0.546989814543   0.542693573375
9.32   0.546989814543   0.542693573375
9.416   0.546989814543   0.542693573375
9.512   0.546989814543   0.542693573375
9.608   0.546989814543   0.542693573375
9.704   0.546989814543   0.542693573375
