0.2   0.566274478119   0.438112435651
0.296   0.563633307837   0.481275347118
0.392   0.561597029892   0.507958826714
0.488   0.560148858667   0.524031527338
0.584   0.559222095533   0.533037877159
0.68   0.558695575128   0.537769477805
0.776   0.558427399629   0.540181066482
0.872   0.558301605954   0.541403695553
0.968   0.558245144204   0.542026805082
1.064   0.558220587311   0.542347078657
1.16   0.5582100405   0.542512780497
1.256   0.558205538102   0.542598986987
1.352   0.558203621471   0.542644003823
1.448   0.558202806638   0.54266756827
1.544   0.558202460428   0.542679921907
1.64   0.558202313367   0.542686404265
1.736   0.558202250908   0.542689807652
1.832   0.558202224381   0.542691595094
1.928   0.558202213116   0.542692534029
2.024   0.558202208332   0.542693027301
2.12   0.5582022063   0.54269328646
2.216   0.558202205437   0.542693422624
2.312   0.558202205071   0.542693494166
2.408   0.558202204915   0.542693531756
2.504   0.558202204849   0.542693551507
2.6   0.558202204821   0.542693561885
2.696   0.558202204809   0.542693567338
2.792   0.558202204804   0.542693570203
2.888   0.558202204802   0.542693571708
2.984   0.558202204801   0.542693572499
3.08   0.5582022048   0.542693572915
3.176   0.5582022048   0.542693573133
3.272   0.5582022048   0.542693573248
3.368   0.5582022048   0.542693573308
3.464   0.5582022048   0.54269357334
3.56   0.5582022048   0.542693573356
3.656   0.5582022048   0.542693573365
3.752   0.5582022048   0.54269357337
3.848   0.5582022048   0.542693573372
3.944   0.5582022048   0.542693573373
4.04   0.5582022048   0.542693573374
4.136   0.5582022048   0.542693573374
4.232   0.5582022048   0.542693573374
4.328   0.5582022048   0.542693573375
4.424   0.5582022048   0.542693573375
4.52   0.5582022048   0.542693573375
4.616   0.5582022048   0.542693573375
4.712   0.5582022048   0.542693573375
4.808   0.5582022048   0.542693573375
4.904   0.5582022048   0.542693573375
5.0   0.5582022048   0.542693573375
5.096   0.5582022048   0.542693573375
5.192   0.5582022048   0.542693573375
5.288   0.5582022048   0.542693573375
5.384   0.5582022048   0.542693573375
5.48   0.5582022048   0.542693573375
5.576   0.5582022048   0.542693573375
5.672   0.5582022048   0.542693573375
5.768   0.5582022048   0.542693573375
5.864   0.5582022048   0.542693573375
5.96   0.5582022048   0.542693573375
6.056   0.5582022048   0.542693573375
6.152   0.5582022048   0.542693573375
6.248   0.5582022048   0.542693573375
6.344   0.5582022048   0.542693573375
6.44   0.5582022048   0.542693573375
6.536   0.5582022048   0.542693573375
6.632   0.5582022048   0.542693573375
6.728   0.5582022048   0.542693573375
6.824   0.5582022048   0.542693573375
6.92   0.5582022048   0.542693573375
7.016   0.5582022048   0.542693573375
7.112   0.5582022048   0.542693573375
7.208   0.5582022048   0.542693573375
7.304   0.5582022048   0.542693573375
7.4   0.5582022048   0.542693573375
7.496   0.5582022048   0.542693573375
7.592   0.5582022048   0.542693573375
7.688   0.5582022048   0.542693573375
7.784   0.5582022048   0.542693573375
7.88   0.5582022048   0.542693573375
7.976   0.5582022048   0.542693573375
8.072   0.5582022048   0.542693573375
8.168   0.5582022048   0.542693573375
8.264   0.5582022048   0.542693573375
8.36   0.5582022048   0.542693573375
8.456   0.5582022048   0.542693573375
8.552   0.5582022048   0.542693573375
8.648   0.5582022048   0.542693573375
8.744   0.5582022048   0.542693573375
8.84   0.5582022048   0.542693573375
8.936   0.5582022048   0.542693573375
9.032   0.5582022048   0.542693573375
9.128   0.5582022048   0.542693573375
9.224   0.5582022048   0.542693573375
9.32   0.5582022048   0.542693573375
9.416   0.5582022048   0.542693573375
9.512   0.5582022048   0.542693573375
9.608   0.5582022048   0.542693573375
9.704   0.5582022048   0.542693573375
