0.2   0.564562939296   0.432682809388
0.296   0.561021413369   0.472280506863
0.392   0.558016873803   0.498383039175
0.488   0.5555282482   0.515556822838
0.584   0.553522813242   0.526479282351
0.68   0.551960076302   0.533171760992
0.776   0.550793536891   0.537183386197
0.872   0.549970019281   0.539560741069
0.968   0.549427363269   0.540949244967
1.064   0.54909558324   0.541741994046
1.16   0.548906433797   0.542182625047
1.256   0.548804530439   0.542422010299
1.352   0.548751166611   0.542550105118
1.448   0.548723997616   0.542617991711
1.544   0.548710326784   0.54265381277
1.64   0.548703491196   0.542672671275
1.736   0.548700084672   0.542682588601
1.832   0.548698389965   0.542687801266
1.928   0.548697547621   0.542690540494
2.024   0.548697129132   0.542691979814
2.12   0.54869692127   0.542692736077
2.216   0.548696818038   0.542693133436
2.312   0.548696766772   0.542693342219
2.408   0.548696741314   0.542693451919
2.504   0.548696728672   0.542693509558
2.6   0.548696722394   0.542693539844
2.696   0.548696719276   0.542693555756
2.792   0.548696717728   0.542693564118
2.888   0.54869671696   0.542693568511
2.984   0.548696716578   0.542693570819
3.08   0.548696716388   0.542693572032
3.176   0.548696716294   0.542693572669
3.272   0.548696716247   0.542693573004
3.368   0.548696716224   0.54269357318
3.464   0.548696716213   0.542693573272
3.56   0.548696716207   0.542693573321
3.656   0.548696716204   0.542693573346
3.752   0.548696716203   0.54269357336
3.848   0.548696716202   0.542693573367
3.944   0.548696716202   0.542693573371
4.04   0.548696716202   0.542693573373
4.136   0.548696716201   0.542693573374
4.232   0.548696716201   0.542693573374
4.328   0.548696716201   0.542693573374
4.424   0.548696716201   0.542693573374
4.52   0.548696716201   0.542693573375
4.616   0.548696716201   0.542693573375
4.712   0.548696716201   0.542693573375
4.808   0.548696716201   0.542693573375
4.904   0.548696716201   0.542693573375
5.0   0.548696716201   0.542693573375
5.096   0.548696716201   0.542693573375
5.192   0.548696716201   0.542693573375
5.288   0.548696716201   0.542693573375
5.384   0.548696716201   0.542693573375
5.48   0.548696716201   0.542693573375
5.576   0.548696716201   0.542693573375
5.672   0.548696716201   0.542693573375
5.768   0.548696716201   0.542693573375
5.864   0.548696716201   0.542693573375
5.96   0.548696716201   0.542693573375
6.056   0.548696716201   0.542693573375
6.152   0.548696716201   0.542693573375
6.248   0.548696716201   0.542693573375
6.344   0.548696716201   0.542693573375
6.44   0.548696716201   0.542693573375
6.536   0.548696716201   0.542693573375
6.632   0.548696716201   0.542693573375
6.728   0.548696716201   0.542693573375
6.824   0.548696716201   0.542693573375
6.92   0.548696716201   0.542693573375
7.016   0.548696716201   0.542693573375
7.112   0.548696716201   0.542693573375
7.208   0.548696716201   0.542693573375
7.304   0.548696716201   0.542693573375
7.4   0.548696716201   0.542693573375
7.496   0.548696716201   0.542693573375
7.592   0.548696716201   0.542693573375
7.688   0.548696716201   0.542693573375
7.784   0.548696716201   0.542693573375
7.88   0.548696716201   0.542693573375
7.976   0.548696716201   0.542693573375
8.072   0.548696716201   0.542693573375
8.168   0.548696716201   0.542693573375
8.264   0.548696716201   0.542693573375
8.36   0.548696716201   0.542693573375
8.456   0.548696716201   0.542693573375
8.552   0.548696716201   0.542693573375
8.648   0.548696716201   0.542693573375
8.744   0.548696716201   0.542693573375
8.84   0.548696716201   0.542693573375
8.936   0.548696716201   0.542693573375
9.032   0.548696716201   0.542693573375
9.128   0.548696716201   0.542693573375
9.224   0.548696716201   0.542693573375
9.32   0.548696716201   0.542693573375
9.416   0.548696716201   0.542693573375
9.512   0.548696716201   0.542693573375
9.608   0.548696716201   0.542693573375
9.704   0.548696716201   0.542693573375
