0.2   0.563709394567   0.418336654168
0.296   0.559754919918   0.460337496421
0.392   0.556343042307   0.488216357509
0.488   0.553451192984   0.506927787208
0.584   0.55104243172   0.519254384498
0.68   0.5490699794   0.52717607724
0.776   0.54748129116   0.532207806897
0.872   0.546222222677   0.535420592938
0.968   0.545240386168   0.5375025345
1.064   0.544487617261   0.538873499465
1.16   0.543921467458   0.539786919594
1.256   0.54350571019   0.540397560727
1.352   0.543210036318   0.540802866072
1.448   0.543008092779   0.541066035752
1.544   0.542877218261   0.541231112972
1.64   0.542798587343   0.541330293742
1.736   0.542751126896   0.541387481651
1.832   0.542724534524   0.541419538877
1.928   0.542710053645   0.541437153204
2.024   0.542702293619   0.541446699519
2.12   0.542698172535   0.541451827032
2.216   0.542695994768   0.541454565998
2.312   0.542694847007   0.541456024402
2.408   0.542694242959   0.541456799568
2.504   0.5426939253   0.54145721118
2.6   0.542693758316   0.541457429633
2.696   0.542693670557   0.541457545538
2.792   0.542693624439   0.541457607026
2.888   0.542693600206   0.541457639643
2.984   0.542693587473   0.541457656944
3.08   0.542693580782   0.541457666121
3.176   0.542693577267   0.541457670988
3.272   0.54269357542   0.54145767357
3.368   0.542693574449   0.54145767494
3.464   0.542693573939   0.541457675666
3.56   0.542693573671   0.541457676051
3.656   0.542693573531   0.541457676256
3.752   0.542693573457   0.541457676364
3.848   0.542693573418   0.541457676422
3.944   0.542693573397   0.541457676452
4.04   0.542693573387   0.541457676468
4.136   0.542693573381   0.541457676477
4.232   0.542693573378   0.541457676481
4.328   0.542693573376   0.541457676484
4.424   0.542693573376   0.541457676485
4.52   0.542693573375   0.541457676486
4.616   0.542693573375   0.541457676486
4.712   0.542693573375   0.541457676486
4.808   0.542693573375   0.541457676486
4.904   0.542693573375   0.541457676486
5.0   0.542693573375   0.541457676486
5.096   0.542693573375   0.541457676486
5.192   0.542693573375   0.541457676486
5.288   0.542693573375   0.541457676486
5.384   0.542693573375   0.541457676486
5.48   0.542693573375   0.541457676486
5.576   0.542693573375   0.541457676486
5.672   0.542693573375   0.541457676486
5.768   0.542693573375   0.541457676486
5.864   0.542693573375   0.541457676486
5.96   0.542693573375   0.541457676486
6.056   0.542693573375   0.541457676486
6.152   0.542693573375   0.541457676486
6.248   0.542693573375   0.541457676486
6.344   0.542693573375   0.541457676486
6.44   0.542693573375   0.541457676486
6.536   0.542693573375   0.541457676486
6.632   0.542693573375   0.541457676486
6.728   0.542693573375   0.541457676486
6.824   0.542693573375   0.541457676486
6.92   0.542693573375   0.541457676486
7.016   0.542693573375   0.541457676486
7.112   0.542693573375   0.541457676486
7.208   0.542693573375   0.541457676486
7.304   0.542693573375   0.541457676486
7.4   0.542693573375   0.541457676486
7.496   0.542693573375   0.541457676486
7.592   0.542693573375   0.541457676486
7.688   0.542693573375   0.541457676486
7.784   0.542693573375   0.541457676486
7.88   0.542693573375   0.541457676486
7.976   0.542693573375   0.541457676486
8.072   0.542693573375   0.541457676486
8.168   0.542693573375   0.541457676486
8.264   0.542693573375   0.541457676486
8.36   0.542693573375   0.541457676486
8.456   0.542693573375   0.541457676486
8.552   0.542693573375   0.541457676486
8.648   0.542693573375   0.541457676486
8.744   0.542693573375   0.541457676486
8.84   0.542693573375   0.541457676486
8.936   0.542693573375   0.541457676486
9.032   0.542693573375   0.541457676486
9.128   0.542693573375   0.541457676486
9.224   0.542693573375   0.541457676486
9.32   0.542693573375   0.541457676486
9.416   0.542693573375   0.541457676486
9.512   0.542693573375   0.541457676486
9.608   0.542693573375   0.541457676486
9.704   0.542693573375   0.541457676486
