0.2   0.562004831269   0.382265357191
0.296   0.557392068846   0.428646026821
0.392   0.553484905117   0.459553957887
0.488   0.550291857133   0.480626616117
0.584   0.54779643185   0.494873898592
0.68   0.545950866275   0.504266129725
0.776   0.54467101074   0.51027025486
0.872   0.543841578442   0.513999915747
0.968   0.5433369685   0.516264099237
1.064   0.543045559222   0.517616735418
1.16   0.542882799853   0.518416984883
1.256   0.542794316151   0.518888043075
1.352   0.542746901835   0.519164809743
1.448   0.542721710382   0.51932729925
1.544   0.542708391479   0.519422717147
1.64   0.542701369143   0.519478771749
1.736   0.542697672365   0.519511715474
1.832   0.542695727931   0.519531083537
1.928   0.54269470568   0.519542473353
2.024   0.54269416839   0.519549172703
2.12   0.542693886033   0.519553113721
2.216   0.54269373766   0.519555432319
2.312   0.542693659697   0.519556796492
2.408   0.542693618731   0.519557599154
2.504   0.542693597207   0.519558071442
2.6   0.542693585897   0.519558349342
2.696   0.542693579954   0.519558512864
2.792   0.542693576832   0.519558609084
2.888   0.542693575191   0.519558665703
2.984   0.542693574329   0.519558699019
3.08   0.542693573876   0.519558718623
3.176   0.542693573638   0.519558730158
3.272   0.542693573513   0.519558736946
3.368   0.542693573447   0.51955874094
3.464   0.542693573413   0.519558743291
3.56   0.542693573395   0.519558744674
3.656   0.542693573385   0.519558745488
3.752   0.54269357338   0.519558745966
3.848   0.542693573378   0.519558746248
3.944   0.542693573376   0.519558746414
4.04   0.542693573375   0.519558746512
4.136   0.542693573375   0.519558746569
4.232   0.542693573375   0.519558746603
4.328   0.542693573375   0.519558746623
4.424   0.542693573375   0.519558746634
4.52   0.542693573375   0.519558746641
4.616   0.542693573375   0.519558746645
4.712   0.542693573375   0.519558746648
4.808   0.542693573375   0.519558746649
4.904   0.542693573375   0.51955874665
5.0   0.542693573375   0.51955874665
5.096   0.542693573375   0.519558746651
5.192   0.542693573375   0.519558746651
5.288   0.542693573375   0.519558746651
5.384   0.542693573375   0.519558746651
5.48   0.542693573375   0.519558746651
5.576   0.542693573375   0.519558746651
5.672   0.542693573375   0.519558746651
5.768   0.542693573375   0.519558746651
5.864   0.542693573375   0.519558746651
5.96   0.542693573375   0.519558746651
6.056   0.542693573375   0.519558746651
6.152   0.542693573375   0.519558746651
6.248   0.542693573375   0.519558746651
6.344   0.542693573375   0.519558746651
6.44   0.542693573375   0.519558746651
6.536   0.542693573375   0.519558746651
6.632   0.542693573375   0.519558746651
6.728   0.542693573375   0.519558746651
6.824   0.542693573375   0.519558746651
6.92   0.542693573375   0.519558746651
7.016   0.542693573375   0.519558746651
7.112   0.542693573375   0.519558746651
7.208   0.542693573375   0.519558746651
7.304   0.542693573375   0.519558746651
7.4   0.542693573375   0.519558746651
7.496   0.542693573375   0.519558746651
7.592   0.542693573375   0.519558746651
7.688   0.542693573375   0.519558746651
7.784   0.542693573375   0.519558746651
7.88   0.542693573375   0.519558746651
7.976   0.542693573375   0.519558746651
8.072   0.542693573375   0.519558746651
8.168   0.542693573375   0.519558746651
8.264   0.542693573375   0.519558746651
8.36   0.542693573375   0.519558746651
8.456   0.542693573375   0.519558746651
8.552   0.542693573375   0.519558746651
8.648   0.542693573375   0.519558746651
8.744   0.542693573375   0.519558746651
8.84   0.542693573375   0.519558746651
8.936   0.542693573375   0.519558746651
9.032   0.542693573375   0.519558746651
9.128   0.542693573375   0.519558746651
9.224   0.542693573375   0.519558746651
9.32   0.542693573375   0.519558746651
9.416   0.542693573375   0.519558746651
9.512   0.542693573375   0.519558746651
9.608   0.542693573375   0.519558746651
9.704   0.542693573375   0.519558746651
