0.2   0.563142683684   0.426690472113
0.296   0.558980512913   0.46288454585
0.392   0.555405156989   0.487777414787
0.488   0.55239274777   0.504950696327
0.584   0.549906052026   0.516560673679
0.68   0.547899325938   0.524204239762
0.776   0.54632220689   0.529141438315
0.872   0.545122666005   0.53229943649
0.968   0.5442476843   0.534303178825
1.064   0.543642045202   0.535556137183
1.16   0.543247219321   0.536321370808
1.256   0.543005098725   0.536775056709
1.352   0.542864697585   0.537036506979
1.448   0.542785623646   0.537184159629
1.544   0.542742581494   0.537265957433
1.64   0.542719511951   0.537311088529
1.736   0.542707256585   0.5373358296
1.832   0.542700778464   0.537349356631
1.928   0.542697363557   0.537356741857
2.024   0.542695566101   0.537360770872
2.12   0.542694620766   0.537362968055
2.216   0.542694123806   0.537364166031
2.312   0.542693862616   0.537364819143
2.408   0.542693725359   0.537365175189
2.504   0.542693653234   0.537365369284
2.6   0.542693615336   0.537365475092
2.696   0.542693595422   0.537365532771
2.792   0.542693584959   0.537365564214
2.888   0.542693579462   0.537365581354
2.984   0.542693576573   0.537365590697
3.08   0.542693575055   0.537365595791
3.176   0.542693574258   0.537365598567
3.272   0.542693573839   0.537365600081
3.368   0.542693573618   0.537365600906
3.464   0.542693573503   0.537365601356
3.56   0.542693573442   0.537365601601
3.656   0.54269357341   0.537365601735
3.752   0.542693573393   0.537365601808
3.848   0.542693573384   0.537365601847
3.944   0.54269357338   0.537365601869
4.04   0.542693573377   0.537365601881
4.136   0.542693573376   0.537365601887
4.232   0.542693573375   0.537365601891
4.328   0.542693573375   0.537365601893
4.424   0.542693573375   0.537365601894
4.52   0.542693573375   0.537365601894
4.616   0.542693573375   0.537365601895
4.712   0.542693573375   0.537365601895
4.808   0.542693573375   0.537365601895
4.904   0.542693573375   0.537365601895
5.0   0.542693573375   0.537365601895
5.096   0.542693573375   0.537365601895
5.192   0.542693573375   0.537365601895
5.288   0.542693573375   0.537365601895
5.384   0.542693573375   0.537365601895
5.48   0.542693573375   0.537365601895
5.576   0.542693573375   0.537365601895
5.672   0.542693573375   0.537365601895
5.768   0.542693573375   0.537365601895
5.864   0.542693573375   0.537365601895
5.96   0.542693573375   0.537365601895
6.056   0.542693573375   0.537365601895
6.152   0.542693573375   0.537365601895
6.248   0.542693573375   0.537365601895
6.344   0.542693573375   0.537365601895
6.44   0.542693573375   0.537365601895
6.536   0.542693573375   0.537365601895
6.632   0.542693573375   0.537365601895
6.728   0.542693573375   0.537365601895
6.824   0.542693573375   0.537365601895
6.92   0.542693573375   0.537365601895
7.016   0.542693573375   0.537365601895
7.112   0.542693573375   0.537365601895
7.208   0.542693573375   0.537365601895
7.304   0.542693573375   0.537365601895
7.4   0.542693573375   0.537365601895
7.496   0.542693573375   0.537365601895
7.592   0.542693573375   0.537365601895
7.688   0.542693573375   0.537365601895
7.784   0.542693573375   0.537365601895
7.88   0.542693573375   0.537365601895
7.976   0.542693573375   0.537365601895
8.072   0.542693573375   0.537365601895
8.168   0.542693573375   0.537365601895
8.264   0.542693573375   0.537365601895
8.36   0.542693573375   0.537365601895
8.456   0.542693573375   0.537365601895
8.552   0.542693573375   0.537365601895
8.648   0.542693573375   0.537365601895
8.744   0.542693573375   0.537365601895
8.84   0.542693573375   0.537365601895
8.936   0.542693573375   0.537365601895
9.032   0.542693573375   0.537365601895
9.128   0.542693573375   0.537365601895
9.224   0.542693573375   0.537365601895
9.32   0.542693573375   0.537365601895
9.416   0.542693573375   0.537365601895
9.512   0.542693573375   0.537365601895
9.608   0.542693573375   0.537365601895
9.704   0.542693573375   0.537365601895
