0.2   0.562227557421   0.395649837417
0.296   0.557697254619   0.438551019517
0.392   0.553842267479   0.467503914224
0.488   0.550664120574   0.4873727264
0.584   0.548144732082   0.50084639197
0.68   0.546243279325   0.509740338542
0.776   0.544891006844   0.515431395427
0.872   0.543991043148   0.518968259904
0.968   0.543430080723   0.521112317043
1.064   0.543099659247   0.522387304609
1.16   0.542913299302   0.523135627765
1.256   0.542810917513   0.52357144007
1.352   0.542755800035   0.523824337033
1.448   0.542726437793   0.523970829248
1.544   0.542710890598   0.524055587678
1.64   0.542702686651   0.524104673013
1.736   0.542698365887   0.524133095154
1.832   0.542696092691   0.524149556224
1.928   0.542694897439   0.524159091716
2.024   0.542694269176   0.524164616216
2.12   0.542693938997   0.524167817251
2.216   0.542693765492   0.524169672151
2.312   0.542693674321   0.524170747064
2.408   0.542693626416   0.524171369997
2.504   0.542693601244   0.524171731006
2.6   0.542693588018   0.524171940226
2.696   0.542693581069   0.524172061478
2.792   0.542693577417   0.524172131749
2.888   0.542693575499   0.524172172475
2.984   0.542693574491   0.524172196078
3.08   0.542693573961   0.524172209757
3.176   0.542693573683   0.524172217685
3.272   0.542693573537   0.52417222228
3.368   0.54269357346   0.524172224942
3.464   0.542693573419   0.524172226486
3.56   0.542693573398   0.52417222738
3.656   0.542693573387   0.524172227898
3.752   0.542693573381   0.524172228199
3.848   0.542693573378   0.524172228373
3.944   0.542693573376   0.524172228474
4.04   0.542693573376   0.524172228532
4.136   0.542693573375   0.524172228566
4.232   0.542693573375   0.524172228586
4.328   0.542693573375   0.524172228597
4.424   0.542693573375   0.524172228604
4.52   0.542693573375   0.524172228608
4.616   0.542693573375   0.52417222861
4.712   0.542693573375   0.524172228611
4.808   0.542693573375   0.524172228612
4.904   0.542693573375   0.524172228612
5.0   0.542693573375   0.524172228613
5.096   0.542693573375   0.524172228613
5.192   0.542693573375   0.524172228613
5.288   0.542693573375   0.524172228613
5.384   0.542693573375   0.524172228613
5.48   0.542693573375   0.524172228613
5.576   0.542693573375   0.524172228613
5.672   0.542693573375   0.524172228613
5.768   0.542693573375   0.524172228613
5.864   0.542693573375   0.524172228613
5.96   0.542693573375   0.524172228613
6.056   0.542693573375   0.524172228613
6.152   0.542693573375   0.524172228613
6.248   0.542693573375   0.524172228613
6.344   0.542693573375   0.524172228613
6.44   0.542693573375   0.524172228613
6.536   0.542693573375   0.524172228613
6.632   0.542693573375   0.524172228613
6.728   0.542693573375   0.524172228613
6.824   0.542693573375   0.524172228613
6.92   0.542693573375   0.524172228613
7.016   0.542693573375   0.524172228613
7.112   0.542693573375   0.524172228613
7.208   0.542693573375   0.524172228613
7.304   0.542693573375   0.524172228613
7.4   0.542693573375   0.524172228613
7.496   0.542693573375   0.524172228613
7.592   0.542693573375   0.524172228613
7.688   0.542693573375   0.524172228613
7.784   0.542693573375   0.524172228613
7.88   0.542693573375   0.524172228613
7.976   0.542693573375   0.524172228613
8.072   0.542693573375   0.524172228613
8.168   0.542693573375   0.524172228613
8.264   0.542693573375   0.524172228613
8.36   0.542693573375   0.524172228613
8.456   0.542693573375   0.524172228613
8.552   0.542693573375   0.524172228613
8.648   0.542693573375   0.524172228613
8.744   0.542693573375   0.524172228613
8.84   0.542693573375   0.524172228613
8.936   0.542693573375   0.524172228613
9.032   0.542693573375   0.524172228613
9.128   0.542693573375   0.524172228613
9.224   0.542693573375   0.524172228613
9.32   0.542693573375   0.524172228613
9.416   0.542693573375   0.524172228613
9.512   0.542693573375   0.524172228613
9.608   0.542693573375   0.524172228613
9.704   0.542693573375   0.524172228613
