0.2   0.563517168617   0.411540486903
0.296   0.55947083387   0.455396057768
0.392   0.555973235465   0.484368030875
0.488   0.553005250102   0.503810133155
0.584   0.550533384373   0.516659840395
0.68   0.548514318473   0.524954152019
0.776   0.546899020499   0.530234436569
0.872   0.545636812162   0.53359479313
0.968   0.544678221888   0.535744624198
1.064   0.543976172704   0.537121365926
1.16   0.5434854382   0.537994041586
1.256   0.54316091866   0.538534684874
1.352   0.542958878642   0.538858893195
1.448   0.5428404798   0.539046916834
1.544   0.542772880058   0.539152993417
1.64   0.542735880152   0.539211669491
1.736   0.542715989023   0.539243761063
1.832   0.542705404828   0.539261193296
1.928   0.542699805229   0.539270625342
2.024   0.542696852094   0.539275717615
2.12   0.542695297329   0.539278463651
2.216   0.542694479535   0.539279943543
2.312   0.542694049595   0.539280740824
2.408   0.542693823622   0.53928117028
2.504   0.54269370487   0.539281401587
2.6   0.542693642468   0.539281526164
2.696   0.542693609679   0.539281593256
2.792   0.54269359245   0.53928162939
2.888   0.542693583398   0.53928164885
2.984   0.542693578641   0.53928165933
3.08   0.542693576142   0.539281664974
3.176   0.542693574829   0.539281668014
3.272   0.542693574139   0.539281669651
3.368   0.542693573776   0.539281670532
3.464   0.542693573586   0.539281671007
3.56   0.542693573485   0.539281671263
3.656   0.542693573433   0.539281671401
3.752   0.542693573405   0.539281671475
3.848   0.542693573391   0.539281671515
3.944   0.542693573383   0.539281671536
4.04   0.542693573379   0.539281671548
4.136   0.542693573377   0.539281671554
4.232   0.542693573376   0.539281671558
4.328   0.542693573375   0.539281671559
4.424   0.542693573375   0.53928167156
4.52   0.542693573375   0.539281671561
4.616   0.542693573375   0.539281671561
4.712   0.542693573375   0.539281671561
4.808   0.542693573375   0.539281671561
4.904   0.542693573375   0.539281671561
5.0   0.542693573375   0.539281671561
5.096   0.542693573375   0.539281671561
5.192   0.542693573375   0.539281671561
5.288   0.542693573375   0.539281671561
5.384   0.542693573375   0.539281671561
5.48   0.542693573375   0.539281671561
5.576   0.542693573375   0.539281671561
5.672   0.542693573375   0.539281671561
5.768   0.542693573375   0.539281671561
5.864   0.542693573375   0.539281671561
5.96   0.542693573375   0.539281671561
6.056   0.542693573375   0.539281671561
6.152   0.542693573375   0.539281671561
6.248   0.542693573375   0.539281671561
6.344   0.542693573375   0.539281671561
6.44   0.542693573375   0.539281671561
6.536   0.542693573375   0.539281671561
6.632   0.542693573375   0.539281671561
6.728   0.542693573375   0.539281671561
6.824   0.542693573375   0.539281671561
6.92   0.542693573375   0.539281671561
7.016   0.542693573375   0.539281671561
7.112   0.542693573375   0.539281671561
7.208   0.542693573375   0.539281671561
7.304   0.542693573375   0.539281671561
7.4   0.542693573375   0.539281671561
7.496   0.542693573375   0.539281671561
7.592   0.542693573375   0.539281671561
7.688   0.542693573375   0.539281671561
7.784   0.542693573375   0.539281671561
7.88   0.542693573375   0.539281671561
7.976   0.542693573375   0.539281671561
8.072   0.542693573375   0.539281671561
8.168   0.542693573375   0.539281671561
8.264   0.542693573375   0.539281671561
8.36   0.542693573375   0.539281671561
8.456   0.542693573375   0.539281671561
8.552   0.542693573375   0.539281671561
8.648   0.542693573375   0.539281671561
8.744   0.542693573375   0.539281671561
8.84   0.542693573375   0.539281671561
8.936   0.542693573375   0.539281671561
9.032   0.542693573375   0.539281671561
9.128   0.542693573375   0.539281671561
9.224   0.542693573375   0.539281671561
9.32   0.542693573375   0.539281671561
9.416   0.542693573375   0.539281671561
9.512   0.542693573375   0.539281671561
9.608   0.542693573375   0.539281671561
9.704   0.542693573375   0.539281671561
