0.2   0.568103625202   0.469604883772
0.296   0.566587406991   0.501821531762
0.392   0.565726360054   0.521269229568
0.488   0.565324621576   0.532028697958
0.584   0.565166532525   0.53745338567
0.68   0.56510972033   0.540087838275
0.776   0.565090614794   0.541375806175
0.872   0.565084309317   0.542018062344
0.968   0.565082243825   0.542344018612
1.064   0.565081569161   0.542511594523
1.16   0.565081349024   0.542598479823
1.256   0.565081277223   0.542643769276
1.352   0.565081253807   0.54266745384
1.448   0.565081246171   0.542679864216
1.544   0.565081243681   0.542686374625
1.64   0.565081242869   0.542689792265
1.736   0.565081242604   0.542691587061
1.832   0.565081242518   0.542692529822
1.928   0.56508124249   0.542693025095
2.024   0.565081242481   0.542693285302
2.12   0.565081242478   0.542693422016
2.216   0.565081242477   0.542693493847
2.312   0.565081242476   0.542693531589
2.408   0.565081242476   0.542693551419
2.504   0.565081242476   0.542693561839
2.6   0.565081242476   0.542693567313
2.696   0.565081242476   0.54269357019
2.792   0.565081242476   0.542693571701
2.888   0.565081242476   0.542693572495
2.984   0.565081242476   0.542693572913
3.08   0.565081242476   0.542693573132
3.176   0.565081242476   0.542693573247
3.272   0.565081242476   0.542693573308
3.368   0.565081242476   0.542693573339
3.464   0.565081242476   0.542693573356
3.56   0.565081242476   0.542693573365
3.656   0.565081242476   0.54269357337
3.752   0.565081242476   0.542693573372
3.848   0.565081242476   0.542693573373
3.944   0.565081242476   0.542693573374
4.04   0.565081242476   0.542693573374
4.136   0.565081242476   0.542693573374
4.232   0.565081242476   0.542693573375
4.328   0.565081242476   0.542693573375
4.424   0.565081242476   0.542693573375
4.52   0.565081242476   0.542693573375
4.616   0.565081242476   0.542693573375
4.712   0.565081242476   0.542693573375
4.808   0.565081242476   0.542693573375
4.904   0.565081242476   0.542693573375
5.0   0.565081242476   0.542693573375
5.096   0.565081242476   0.542693573375
5.192   0.565081242476   0.542693573375
5.288   0.565081242476   0.542693573375
5.384   0.565081242476   0.542693573375
5.48   0.565081242476   0.542693573375
5.576   0.565081242476   0.542693573375
5.672   0.565081242476   0.542693573375
5.768   0.565081242476   0.542693573375
5.864   0.565081242476   0.542693573375
5.96   0.565081242476   0.542693573375
6.056   0.565081242476   0.542693573375
6.152   0.565081242476   0.542693573375
6.248   0.565081242476   0.542693573375
6.344   0.565081242476   0.542693573375
6.44   0.565081242476   0.542693573375
6.536   0.565081242476   0.542693573375
6.632   0.565081242476   0.542693573375
6.728   0.565081242476   0.542693573375
6.824   0.565081242476   0.542693573375
6.92   0.565081242476   0.542693573375
7.016   0.565081242476   0.542693573375
7.112   0.565081242476   0.542693573375
7.208   0.565081242476   0.542693573375
7.304   0.565081242476   0.542693573375
7.4   0.565081242476   0.542693573375
7.496   0.565081242476   0.542693573375
7.592   0.565081242476   0.542693573375
7.688   0.565081242476   0.542693573375
7.784   0.565081242476   0.542693573375
7.88   0.565081242476   0.542693573375
7.976   0.565081242476   0.542693573375
8.072   0.565081242476   0.542693573375
8.168   0.565081242476   0.542693573375
8.264   0.565081242476   0.542693573375
8.36   0.565081242476   0.542693573375
8.456   0.565081242476   0.542693573375
8.552   0.565081242476   0.542693573375
8.648   0.565081242476   0.542693573375
8.744   0.565081242476   0.542693573375
8.84   0.565081242476   0.542693573375
8.936   0.565081242476   0.542693573375
9.032   0.565081242476   0.542693573375
9.128   0.565081242476   0.542693573375
9.224   0.565081242476   0.542693573375
9.32   0.565081242476   0.542693573375
9.416   0.565081242476   0.542693573375
9.512   0.565081242476   0.542693573375
9.608   0.565081242476   0.542693573375
9.704   0.565081242476   0.542693573375
