0.2   0.563296397527   0.42862526916
0.296   0.559197746168   0.464755857993
0.392   0.555675617751   0.489554766723
0.488   0.552704163184   0.506615290969
0.584   0.55024398012   0.518106631142
0.68   0.548247045031   0.525646305859
0.776   0.546660937755   0.530512446058
0.872   0.545432704795   0.533639137296
0.968   0.544511162122   0.535647822824
1.064   0.543847254242   0.536931486513
1.16   0.543392831806   0.537738500484
1.256   0.543099458593   0.538232157193
1.352   0.542920996826   0.538524006573
1.448   0.542818255781   0.538691684101
1.544   0.542760514722   0.538785463067
1.64   0.54272917126   0.538837155044
1.736   0.54271240114   0.538865393086
1.832   0.542703501464   0.538880737333
1.928   0.542698799957   0.53888905038
2.024   0.542696322425   0.538893546811
2.12   0.542695018612   0.538895976769
2.216   0.542694332972   0.538897289366
2.312   0.542693972554   0.538897998227
2.408   0.542693783133   0.538898380997
2.504   0.542693683593   0.538898587671
2.6   0.542693631288   0.53889869926
2.696   0.542693603805   0.538898759509
2.792   0.542693589364   0.538898792038
2.888   0.542693581776   0.538898809601
2.984   0.542693577789   0.538898819083
3.08   0.542693575694   0.538898824203
3.176   0.542693574593   0.538898826967
3.272   0.542693574015   0.538898828459
3.368   0.542693573711   0.538898829265
3.464   0.542693573551   0.5388988297
3.56   0.542693573468   0.538898829935
3.656   0.542693573423   0.538898830062
3.752   0.5426935734   0.53889883013
3.848   0.542693573388   0.538898830167
3.944   0.542693573382   0.538898830187
4.04   0.542693573378   0.538898830198
4.136   0.542693573377   0.538898830204
4.232   0.542693573376   0.538898830207
4.328   0.542693573375   0.538898830209
4.424   0.542693573375   0.538898830209
4.52   0.542693573375   0.53889883021
4.616   0.542693573375   0.53889883021
4.712   0.542693573375   0.53889883021
4.808   0.542693573375   0.53889883021
4.904   0.542693573375   0.53889883021
5.0   0.542693573375   0.53889883021
5.096   0.542693573375   0.53889883021
5.192   0.542693573375   0.53889883021
5.288   0.542693573375   0.53889883021
5.384   0.542693573375   0.53889883021
5.48   0.542693573375   0.53889883021
5.576   0.542693573375   0.53889883021
5.672   0.542693573375   0.53889883021
5.768   0.542693573375   0.53889883021
5.864   0.542693573375   0.53889883021
5.96   0.542693573375   0.53889883021
6.056   0.542693573375   0.53889883021
6.152   0.542693573375   0.53889883021
6.248   0.542693573375   0.53889883021
6.344   0.542693573375   0.53889883021
6.44   0.542693573375   0.53889883021
6.536   0.542693573375   0.53889883021
6.632   0.542693573375   0.53889883021
6.728   0.542693573375   0.53889883021
6.824   0.542693573375   0.53889883021
6.92   0.542693573375   0.53889883021
7.016   0.542693573375   0.53889883021
7.112   0.542693573375   0.53889883021
7.208   0.542693573375   0.53889883021
7.304   0.542693573375   0.53889883021
7.4   0.542693573375   0.53889883021
7.496   0.542693573375   0.53889883021
7.592   0.542693573375   0.53889883021
7.688   0.542693573375   0.53889883021
7.784   0.542693573375   0.53889883021
7.88   0.542693573375   0.53889883021
7.976   0.542693573375   0.53889883021
8.072   0.542693573375   0.53889883021
8.168   0.542693573375   0.53889883021
8.264   0.542693573375   0.53889883021
8.36   0.542693573375   0.53889883021
8.456   0.542693573375   0.53889883021
8.552   0.542693573375   0.53889883021
8.648   0.542693573375   0.53889883021
8.744   0.542693573375   0.53889883021
8.84   0.542693573375   0.53889883021
8.936   0.542693573375   0.53889883021
9.032   0.542693573375   0.53889883021
9.128   0.542693573375   0.53889883021
9.224   0.542693573375   0.53889883021
9.32   0.542693573375   0.53889883021
9.416   0.542693573375   0.53889883021
9.512   0.542693573375   0.53889883021
9.608   0.542693573375   0.53889883021
9.704   0.542693573375   0.53889883021
