0.2   0.563173506919   0.414621446725
0.296   0.558998448291   0.45555121608
0.392   0.555399741428   0.483088813494
0.488   0.552359576122   0.501835383102
0.584   0.54984636005   0.514396238258
0.68   0.547819205007   0.522605407943
0.776   0.546231391944   0.527868606806
0.872   0.545032642915   0.531206373483
0.968   0.544168948681   0.533302291115
1.064   0.543581093816   0.534597089789
1.16   0.543205133514   0.535378029095
1.256   0.542978665759   0.535836207846
1.352   0.542849067145   0.536098497587
1.448   0.542776899212   0.536246175669
1.544   0.542737840191   0.536328077055
1.64   0.54271697412   0.536373370199
1.736   0.542705909636   0.536398296225
1.832   0.542700066881   0.536411987315
1.928   0.542696988577   0.536419499822
2.024   0.542695368766   0.536423619926
2.12   0.542694516994   0.536425878944
2.216   0.542694069256   0.536427117389
2.312   0.542693833947   0.536427796292
2.408   0.542693710293   0.536428168449
2.504   0.542693645318   0.536428372453
2.6   0.542693611176   0.53642848428
2.696   0.542693593237   0.53642854558
2.792   0.542693583811   0.536428579183
2.888   0.542693578858   0.536428597602
2.984   0.542693576256   0.536428607699
3.08   0.542693574889   0.536428613234
3.176   0.54269357417   0.536428616268
3.272   0.542693573793   0.536428617931
3.368   0.542693573594   0.536428618842
3.464   0.54269357349   0.536428619342
3.56   0.542693573435   0.536428619616
3.656   0.542693573407   0.536428619766
3.752   0.542693573391   0.536428619849
3.848   0.542693573383   0.536428619894
3.944   0.542693573379   0.536428619918
4.04   0.542693573377   0.536428619932
4.136   0.542693573376   0.536428619939
4.232   0.542693573375   0.536428619943
4.328   0.542693573375   0.536428619946
4.424   0.542693573375   0.536428619947
4.52   0.542693573375   0.536428619948
4.616   0.542693573375   0.536428619948
4.712   0.542693573375   0.536428619948
4.808   0.542693573375   0.536428619948
4.904   0.542693573375   0.536428619948
5.0   0.542693573375   0.536428619948
5.096   0.542693573375   0.536428619948
5.192   0.542693573375   0.536428619948
5.288   0.542693573375   0.536428619948
5.384   0.542693573375   0.536428619948
5.48   0.542693573375   0.536428619948
5.576   0.542693573375   0.536428619948
5.672   0.542693573375   0.536428619948
5.768   0.542693573375   0.536428619948
5.864   0.542693573375   0.536428619948
5.96   0.542693573375   0.536428619948
6.056   0.542693573375   0.536428619948
6.152   0.542693573375   0.536428619948
6.248   0.542693573375   0.536428619948
6.344   0.542693573375   0.536428619948
6.44   0.542693573375   0.536428619948
6.536   0.542693573375   0.536428619948
6.632   0.542693573375   0.536428619948
6.728   0.542693573375   0.536428619948
6.824   0.542693573375   0.536428619948
6.92   0.542693573375   0.536428619948
7.016   0.542693573375   0.536428619948
7.112   0.542693573375   0.536428619948
7.208   0.542693573375   0.536428619948
7.304   0.542693573375   0.536428619948
7.4   0.542693573375   0.536428619948
7.496   0.542693573375   0.536428619948
7.592   0.542693573375   0.536428619948
7.688   0.542693573375   0.536428619948
7.784   0.542693573375   0.536428619948
7.88   0.542693573375   0.536428619948
7.976   0.542693573375   0.536428619948
8.072   0.542693573375   0.536428619948
8.168   0.542693573375   0.536428619948
8.264   0.542693573375   0.536428619948
8.36   0.542693573375   0.536428619948
8.456   0.542693573375   0.536428619948
8.552   0.542693573375   0.536428619948
8.648   0.542693573375   0.536428619948
8.744   0.542693573375   0.536428619948
8.84   0.542693573375   0.536428619948
8.936   0.542693573375   0.536428619948
9.032   0.542693573375   0.536428619948
9.128   0.542693573375   0.536428619948
9.224   0.542693573375   0.536428619948
9.32   0.542693573375   0.536428619948
9.416   0.542693573375   0.536428619948
9.512   0.542693573375   0.536428619948
9.608   0.542693573375   0.536428619948
9.704   0.542693573375   0.536428619948
