0.2   0.562976980846   0.407108688815
0.296   0.558715673348   0.449953500313
0.392   0.555044604723   0.47861864971
0.488   0.551951651589   0.498103140815
0.584   0.549410781566   0.511172071294
0.68   0.547385637612   0.519722851191
0.776   0.545831255285   0.525191916036
0.872   0.544693681183   0.528628770735
0.968   0.543908011923   0.530750806694
1.064   0.543398913832   0.53203308806
1.16   0.54308889128   0.532789770472
1.256   0.542909926735   0.533226610021
1.352   0.542809800732   0.533475225413
1.448   0.542755412688   0.533615037634
1.544   0.542726292594   0.53369324302
1.64   0.542710830935   0.533736859619
1.736   0.542702659974   0.533761148249
1.832   0.542698353172   0.533774663578
1.928   0.542696086371   0.533782181492
2.024   0.542694894219   0.533786362696
2.12   0.542694267511   0.533788687995
2.216   0.54269393813   0.533789981143
2.312   0.542693765038   0.533790700288
2.408   0.542693674083   0.533791100219
2.504   0.542693626291   0.53379132263
2.6   0.542693601179   0.533791446319
2.696   0.542693587984   0.533791515106
2.792   0.542693581051   0.53379155336
2.888   0.542693577408   0.533791574634
2.984   0.542693575494   0.533791586466
3.08   0.542693574488   0.533791593045
3.176   0.54269357396   0.533791596704
3.272   0.542693573682   0.533791598739
3.368   0.542693573536   0.533791599871
3.464   0.54269357346   0.5337916005
3.56   0.542693573419   0.53379160085
3.656   0.542693573398   0.533791601045
3.752   0.542693573387   0.533791601153
3.848   0.542693573381   0.533791601214
3.944   0.542693573378   0.533791601247
4.04   0.542693573376   0.533791601266
4.136   0.542693573376   0.533791601276
4.232   0.542693573375   0.533791601282
4.328   0.542693573375   0.533791601285
4.424   0.542693573375   0.533791601287
4.52   0.542693573375   0.533791601288
4.616   0.542693573375   0.533791601288
4.712   0.542693573375   0.533791601289
4.808   0.542693573375   0.533791601289
4.904   0.542693573375   0.533791601289
5.0   0.542693573375   0.533791601289
5.096   0.542693573375   0.533791601289
5.192   0.542693573375   0.533791601289
5.288   0.542693573375   0.533791601289
5.384   0.542693573375   0.533791601289
5.48   0.542693573375   0.533791601289
5.576   0.542693573375   0.533791601289
5.672   0.542693573375   0.533791601289
5.768   0.542693573375   0.533791601289
5.864   0.542693573375   0.533791601289
5.96   0.542693573375   0.533791601289
6.056   0.542693573375   0.533791601289
6.152   0.542693573375   0.533791601289
6.248   0.542693573375   0.533791601289
6.344   0.542693573375   0.533791601289
6.44   0.542693573375   0.533791601289
6.536   0.542693573375   0.533791601289
6.632   0.542693573375   0.533791601289
6.728   0.542693573375   0.533791601289
6.824   0.542693573375   0.533791601289
6.92   0.542693573375   0.533791601289
7.016   0.542693573375   0.533791601289
7.112   0.542693573375   0.533791601289
7.208   0.542693573375   0.533791601289
7.304   0.542693573375   0.533791601289
7.4   0.542693573375   0.533791601289
7.496   0.542693573375   0.533791601289
7.592   0.542693573375   0.533791601289
7.688   0.542693573375   0.533791601289
7.784   0.542693573375   0.533791601289
7.88   0.542693573375   0.533791601289
7.976   0.542693573375   0.533791601289
8.072   0.542693573375   0.533791601289
8.168   0.542693573375   0.533791601289
8.264   0.542693573375   0.533791601289
8.36   0.542693573375   0.533791601289
8.456   0.542693573375   0.533791601289
8.552   0.542693573375   0.533791601289
8.648   0.542693573375   0.533791601289
8.744   0.542693573375   0.533791601289
8.84   0.542693573375   0.533791601289
8.936   0.542693573375   0.533791601289
9.032   0.542693573375   0.533791601289
9.128   0.542693573375   0.533791601289
9.224   0.542693573375   0.533791601289
9.32   0.542693573375   0.533791601289
9.416   0.542693573375   0.533791601289
9.512   0.542693573375   0.533791601289
9.608   0.542693573375   0.533791601289
9.704   0.542693573375   0.533791601289
