0.2   0.565326010192   -0.428316259266
0.296   0.562150717742   -0.47277485167
0.392   0.559521778566   -0.500915967133
0.488   0.557430012276   -0.518662163017
0.584   0.55585133847   -0.529343278182
0.68   0.55474004544   -0.535449146007
0.776   0.554022277186   -0.538822077912
0.872   0.553599462125   -0.540646124075
0.968   0.553370222442   -0.541617548838
1.064   0.553253496424   -0.542129416778
1.16   0.553196036877   -0.542398113553
1.256   0.553168495921   -0.542538731761
1.352   0.553155444966   -0.542612366769
1.448   0.553149296699   -0.54265095884
1.544   0.553146408853   -0.542671200689
1.64   0.553145054434   -0.542681824094
1.736   0.553144419667   -0.542687401873
1.832   0.553144122281   -0.542690331287
1.928   0.553143982982   -0.542691870072
2.024   0.553143917738   -0.542692678465
2.12   0.55314388718   -0.54269310318
2.216   0.553143872869   -0.542693326325
2.312   0.553143866167   -0.542693443569
2.408   0.553143863028   -0.542693505171
2.504   0.553143861558   -0.542693537539
2.6   0.553143860869   -0.542693554545
2.696   0.553143860547   -0.542693563481
2.792   0.553143860396   -0.542693568176
2.888   0.553143860325   -0.542693570643
2.984   0.553143860292   -0.54269357194
3.08   0.553143860276   -0.542693572621
3.176   0.553143860269   -0.542693572978
3.272   0.553143860266   -0.542693573166
3.368   0.553143860264   -0.542693573265
3.464   0.553143860263   -0.542693573317
3.56   0.553143860263   -0.542693573344
3.656   0.553143860263   -0.542693573359
3.752   0.553143860263   -0.542693573366
3.848   0.553143860263   -0.54269357337
3.944   0.553143860263   -0.542693573372
4.04   0.553143860263   -0.542693573373
4.136   0.553143860263   -0.542693573374
4.232   0.553143860263   -0.542693573374
4.328   0.553143860263   -0.542693573374
4.424   0.553143860263   -0.542693573375
4.52   0.553143860263   -0.542693573375
4.616   0.553143860263   -0.542693573375
4.712   0.553143860263   -0.542693573375
4.808   0.553143860263   -0.542693573375
4.904   0.553143860263   -0.542693573375
5.0   0.553143860263   -0.542693573375
5.096   0.553143860263   -0.542693573375
5.192   0.553143860263   -0.542693573375
5.288   0.553143860263   -0.542693573375
5.384   0.553143860263   -0.542693573375
5.48   0.553143860263   -0.542693573375
5.576   0.553143860263   -0.542693573375
5.672   0.553143860263   -0.542693573375
5.768   0.553143860263   -0.542693573375
5.864   0.553143860263   -0.542693573375
5.96   0.553143860263   -0.542693573375
6.056   0.553143860263   -0.542693573375
6.152   0.553143860263   -0.542693573375
6.248   0.553143860263   -0.542693573375
6.344   0.553143860263   -0.542693573375
6.44   0.553143860263   -0.542693573375
6.536   0.553143860263   -0.542693573375
6.632   0.553143860263   -0.542693573375
6.728   0.553143860263   -0.542693573375
6.824   0.553143860263   -0.542693573375
6.92   0.553143860263   -0.542693573375
7.016   0.553143860263   -0.542693573375
7.112   0.553143860263   -0.542693573375
7.208   0.553143860263   -0.542693573375
7.304   0.553143860263   -0.542693573375
7.4   0.553143860263   -0.542693573375
7.496   0.553143860263   -0.542693573375
7.592   0.553143860263   -0.542693573375
7.688   0.553143860263   -0.542693573375
7.784   0.553143860263   -0.542693573375
7.88   0.553143860263   -0.542693573375
7.976   0.553143860263   -0.542693573375
8.072   0.553143860263   -0.542693573375
8.168   0.553143860263   -0.542693573375
8.264   0.553143860263   -0.542693573375
8.36   0.553143860263   -0.542693573375
8.456   0.553143860263   -0.542693573375
8.552   0.553143860263   -0.542693573375
8.648   0.553143860263   -0.542693573375
8.744   0.553143860263   -0.542693573375
8.84   0.553143860263   -0.542693573375
8.936   0.553143860263   -0.542693573375
9.032   0.553143860263   -0.542693573375
9.128   0.553143860263   -0.542693573375
9.224   0.553143860263   -0.542693573375
9.32   0.553143860263   -0.542693573375
9.416   0.553143860263   -0.542693573375
9.512   0.553143860263   -0.542693573375
9.608   0.553143860263   -0.542693573375
9.704   0.553143860263   -0.542693573375
