0.2   0.56379207292   0.410107596912
0.296   0.55985642277   0.455924831961
0.392   0.556452798087   0.485793330469
0.488   0.553561446307   0.505613242501
0.584   0.551147963936   0.518558550314
0.68   0.549167660666   0.526815580812
0.776   0.547569556759   0.532025755389
0.872   0.546300551981   0.535334971
0.968   0.545308842143   0.537471486576
1.064   0.544546482778   0.53887552176
1.16   0.543971005297   0.539810788504
1.256   0.543546080651   0.540437330255
1.352   0.543241435267   0.540855301991
1.448   0.54303098223   0.541128981145
1.544   0.542892682205   0.541302554673
1.64   0.54280668398   0.541408132038
1.736   0.542756965822   0.541469592203
1.832   0.542727837928   0.541504291739
1.928   0.542711853948   0.541523456615
2.024   0.542703258321   0.541533879263
2.12   0.542698684782   0.541539488919
2.216   0.542696265432   0.541542488401
2.312   0.542694989646   0.541544085991
2.408   0.542694318024   0.541544935028
2.504   0.542693964775   0.5415453857
2.6   0.542693779067   0.541545624763
2.696   0.542693681462   0.541545751531
2.792   0.54269363017   0.541545818741
2.888   0.542693603218   0.54154585437
2.984   0.542693589055   0.541545873257
3.08   0.542693581614   0.541545883268
3.176   0.542693577704   0.541545888575
3.272   0.542693575649   0.541545891388
3.368   0.54269357457   0.541545892879
3.464   0.542693574003   0.54154589367
3.56   0.542693573705   0.541545894089
3.656   0.542693573548   0.541545894311
3.752   0.542693573466   0.541545894428
3.848   0.542693573423   0.541545894491
3.944   0.5426935734   0.541545894524
4.04   0.542693573388   0.541545894541
4.136   0.542693573382   0.541545894551
4.232   0.542693573378   0.541545894556
4.328   0.542693573377   0.541545894558
4.424   0.542693573376   0.54154589456
4.52   0.542693573375   0.54154589456
4.616   0.542693573375   0.541545894561
4.712   0.542693573375   0.541545894561
4.808   0.542693573375   0.541545894561
4.904   0.542693573375   0.541545894561
5.0   0.542693573375   0.541545894561
5.096   0.542693573375   0.541545894561
5.192   0.542693573375   0.541545894561
5.288   0.542693573375   0.541545894561
5.384   0.542693573375   0.541545894561
5.48   0.542693573375   0.541545894561
5.576   0.542693573375   0.541545894561
5.672   0.542693573375   0.541545894561
5.768   0.542693573375   0.541545894561
5.864   0.542693573375   0.541545894561
5.96   0.542693573375   0.541545894561
6.056   0.542693573375   0.541545894561
6.152   0.542693573375   0.541545894561
6.248   0.542693573375   0.541545894561
6.344   0.542693573375   0.541545894561
6.44   0.542693573375   0.541545894561
6.536   0.542693573375   0.541545894561
6.632   0.542693573375   0.541545894561
6.728   0.542693573375   0.541545894561
6.824   0.542693573375   0.541545894561
6.92   0.542693573375   0.541545894561
7.016   0.542693573375   0.541545894561
7.112   0.542693573375   0.541545894561
7.208   0.542693573375   0.541545894561
7.304   0.542693573375   0.541545894561
7.4   0.542693573375   0.541545894561
7.496   0.542693573375   0.541545894561
7.592   0.542693573375   0.541545894561
7.688   0.542693573375   0.541545894561
7.784   0.542693573375   0.541545894561
7.88   0.542693573375   0.541545894561
7.976   0.542693573375   0.541545894561
8.072   0.542693573375   0.541545894561
8.168   0.542693573375   0.541545894561
8.264   0.542693573375   0.541545894561
8.36   0.542693573375   0.541545894561
8.456   0.542693573375   0.541545894561
8.552   0.542693573375   0.541545894561
8.648   0.542693573375   0.541545894561
8.744   0.542693573375   0.541545894561
8.84   0.542693573375   0.541545894561
8.936   0.542693573375   0.541545894561
9.032   0.542693573375   0.541545894561
9.128   0.542693573375   0.541545894561
9.224   0.542693573375   0.541545894561
9.32   0.542693573375   0.541545894561
9.416   0.542693573375   0.541545894561
9.512   0.542693573375   0.541545894561
9.608   0.542693573375   0.541545894561
9.704   0.542693573375   0.541545894561
