0.2   0.565789746491   0.453581245526
0.296   0.562931420247   0.488062239736
0.392   0.560678077791   0.510551647535
0.488   0.55901255463   0.524723280913
0.584   0.557883382325   0.533054892047
0.68   0.55719363531   0.53764351778
0.776   0.556814578278   0.540072003676
0.872   0.55662420139   0.541334478288
0.968   0.556533449438   0.541987309575
1.064   0.556491957522   0.542325622739
1.16   0.556473319345   0.542501338044
1.256   0.556465021341   0.542592935823
1.352   0.556461343018   0.542640815829
1.448   0.556459715902   0.542665891475
1.544   0.556458996856   0.542679040568
1.64   0.556458679246   0.542685941148
1.736   0.556458538986   0.54268956432
1.832   0.556458477051   0.542691467245
1.928   0.556458449704   0.542692466855
2.024   0.55645843763   0.542692992007
2.12   0.556458432298   0.542693267916
2.216   0.556458429944   0.54269341288
2.312   0.556458428905   0.542693489047
2.408   0.556458428446   0.542693529067
2.504   0.556458428243   0.542693550094
2.6   0.556458428154   0.542693561142
2.696   0.556458428114   0.542693566947
2.792   0.556458428097   0.542693569998
2.888   0.556458428089   0.5426935716
2.984   0.556458428086   0.542693572442
3.08   0.556458428084   0.542693572885
3.176   0.556458428084   0.542693573117
3.272   0.556458428083   0.542693573239
3.368   0.556458428083   0.542693573304
3.464   0.556458428083   0.542693573337
3.56   0.556458428083   0.542693573355
3.656   0.556458428083   0.542693573364
3.752   0.556458428083   0.542693573369
3.848   0.556458428083   0.542693573372
3.944   0.556458428083   0.542693573373
4.04   0.556458428083   0.542693573374
4.136   0.556458428083   0.542693573374
4.232   0.556458428083   0.542693573374
4.328   0.556458428083   0.542693573375
4.424   0.556458428083   0.542693573375
4.52   0.556458428083   0.542693573375
4.616   0.556458428083   0.542693573375
4.712   0.556458428083   0.542693573375
4.808   0.556458428083   0.542693573375
4.904   0.556458428083   0.542693573375
5.0   0.556458428083   0.542693573375
5.096   0.556458428083   0.542693573375
5.192   0.556458428083   0.542693573375
5.288   0.556458428083   0.542693573375
5.384   0.556458428083   0.542693573375
5.48   0.556458428083   0.542693573375
5.576   0.556458428083   0.542693573375
5.672   0.556458428083   0.542693573375
5.768   0.556458428083   0.542693573375
5.864   0.556458428083   0.542693573375
5.96   0.556458428083   0.542693573375
6.056   0.556458428083   0.542693573375
6.152   0.556458428083   0.542693573375
6.248   0.556458428083   0.542693573375
6.344   0.556458428083   0.542693573375
6.44   0.556458428083   0.542693573375
6.536   0.556458428083   0.542693573375
6.632   0.556458428083   0.542693573375
6.728   0.556458428083   0.542693573375
6.824   0.556458428083   0.542693573375
6.92   0.556458428083   0.542693573375
7.016   0.556458428083   0.542693573375
7.112   0.556458428083   0.542693573375
7.208   0.556458428083   0.542693573375
7.304   0.556458428083   0.542693573375
7.4   0.556458428083   0.542693573375
7.496   0.556458428083   0.542693573375
7.592   0.556458428083   0.542693573375
7.688   0.556458428083   0.542693573375
7.784   0.556458428083   0.542693573375
7.88   0.556458428083   0.542693573375
7.976   0.556458428083   0.542693573375
8.072   0.556458428083   0.542693573375
8.168   0.556458428083   0.542693573375
8.264   0.556458428083   0.542693573375
8.36   0.556458428083   0.542693573375
8.456   0.556458428083   0.542693573375
8.552   0.556458428083   0.542693573375
8.648   0.556458428083   0.542693573375
8.744   0.556458428083   0.542693573375
8.84   0.556458428083   0.542693573375
8.936   0.556458428083   0.542693573375
9.032   0.556458428083   0.542693573375
9.128   0.556458428083   0.542693573375
9.224   0.556458428083   0.542693573375
9.32   0.556458428083   0.542693573375
9.416   0.556458428083   0.542693573375
9.512   0.556458428083   0.542693573375
9.608   0.556458428083   0.542693573375
9.704   0.556458428083   0.542693573375
