0.2   0.564352031255   0.422996704879
0.296   0.560688991105   0.46589423741
0.392   0.55755256958   0.493897350908
0.488   0.554921502666   0.512309874938
0.584   0.552761601211   0.524100874014
0.68   0.551030307617   0.531420281227
0.776   0.549680523845   0.535897118384
0.872   0.548663769466   0.538635630539
0.968   0.547931199129   0.540312556753
1.064   0.547432564348   0.541329502953
1.16   0.547114820889   0.541932120576
1.256   0.546925626027   0.542277919144
1.352   0.546819741945   0.542470307188
1.448   0.546762134819   0.542574854519
1.544   0.54673194231   0.542630791416
1.64   0.546716356239   0.542660474691
1.736   0.546708376891   0.542676152584
1.832   0.546704310056   0.542684412167
1.928   0.546702242214   0.542688757784
2.024   0.546701192094   0.542691042604
2.12   0.546700659154   0.542692243501
2.216   0.546700388775   0.542692874587
2.312   0.546700251628   0.542693206202
2.408   0.546700182067   0.542693380449
2.504   0.546700146787   0.542693472005
2.6   0.546700128895   0.542693520112
2.696   0.54670011982   0.542693545389
2.792   0.546700115218   0.54269355867
2.888   0.546700112885   0.542693565648
2.984   0.546700111701   0.542693569315
3.08   0.546700111101   0.542693571242
3.176   0.546700110796   0.542693572254
3.272   0.546700110642   0.542693572786
3.368   0.546700110563   0.542693573065
3.464   0.546700110524   0.542693573212
3.56   0.546700110504   0.542693573289
3.656   0.546700110493   0.54269357333
3.752   0.546700110488   0.542693573351
3.848   0.546700110486   0.542693573362
3.944   0.546700110484   0.542693573368
4.04   0.546700110484   0.542693573371
4.136   0.546700110483   0.542693573373
4.232   0.546700110483   0.542693573374
4.328   0.546700110483   0.542693573374
4.424   0.546700110483   0.542693573374
4.52   0.546700110483   0.542693573375
4.616   0.546700110483   0.542693573375
4.712   0.546700110483   0.542693573375
4.808   0.546700110483   0.542693573375
4.904   0.546700110483   0.542693573375
5.0   0.546700110483   0.542693573375
5.096   0.546700110483   0.542693573375
5.192   0.546700110483   0.542693573375
5.288   0.546700110483   0.542693573375
5.384   0.546700110483   0.542693573375
5.48   0.546700110483   0.542693573375
5.576   0.546700110483   0.542693573375
5.672   0.546700110483   0.542693573375
5.768   0.546700110483   0.542693573375
5.864   0.546700110483   0.542693573375
5.96   0.546700110483   0.542693573375
6.056   0.546700110483   0.542693573375
6.152   0.546700110483   0.542693573375
6.248   0.546700110483   0.542693573375
6.344   0.546700110483   0.542693573375
6.44   0.546700110483   0.542693573375
6.536   0.546700110483   0.542693573375
6.632   0.546700110483   0.542693573375
6.728   0.546700110483   0.542693573375
6.824   0.546700110483   0.542693573375
6.92   0.546700110483   0.542693573375
7.016   0.546700110483   0.542693573375
7.112   0.546700110483   0.542693573375
7.208   0.546700110483   0.542693573375
7.304   0.546700110483   0.542693573375
7.4   0.546700110483   0.542693573375
7.496   0.546700110483   0.542693573375
7.592   0.546700110483   0.542693573375
7.688   0.546700110483   0.542693573375
7.784   0.546700110483   0.542693573375
7.88   0.546700110483   0.542693573375
7.976   0.546700110483   0.542693573375
8.072   0.546700110483   0.542693573375
8.168   0.546700110483   0.542693573375
8.264   0.546700110483   0.542693573375
8.36   0.546700110483   0.542693573375
8.456   0.546700110483   0.542693573375
8.552   0.546700110483   0.542693573375
8.648   0.546700110483   0.542693573375
8.744   0.546700110483   0.542693573375
8.84   0.546700110483   0.542693573375
8.936   0.546700110483   0.542693573375
9.032   0.546700110483   0.542693573375
9.128   0.546700110483   0.542693573375
9.224   0.546700110483   0.542693573375
9.32   0.546700110483   0.542693573375
9.416   0.546700110483   0.542693573375
9.512   0.546700110483   0.542693573375
9.608   0.546700110483   0.542693573375
9.704   0.546700110483   0.542693573375
