0.2   0.562759689992   -0.398240286065
0.296   0.558407407059   -0.443325898596
0.392   0.554664568748   -0.473286663325
0.488   0.551525838436   -0.493604817515
0.584   0.548971114493   -0.507237863651
0.68   0.546967239465   -0.516162224621
0.776   0.54546690909   -0.52185488748
0.872   0.544405876389   -0.525403506009
0.968   0.543702457823   -0.527567137227
1.064   0.543265252845   -0.52885742779
1.16   0.543008327115   -0.529611827512
1.256   0.542863735977   -0.530046253299
1.352   0.542784374755   -0.530294223219
1.448   0.542741698777   -0.530434867176
1.544   0.542718981721   -0.530514434906
1.64   0.54270695899   -0.530559394587
1.736   0.542700616744   -0.530584785793
1.832   0.542697277087   -0.530599123004
1.928   0.54269552025   -0.530607218282
2.024   0.542694596559   -0.530611789258
2.12   0.542694111054   -0.530614370342
2.216   0.542693855907   -0.530615827849
2.312   0.542693721831   -0.530616650907
2.408   0.54269365138   -0.530617115701
2.504   0.542693614361   -0.53061737818
2.6   0.54269359491   -0.530617526409
2.696   0.54269358469   -0.530617610119
2.792   0.54269357932   -0.530617657393
2.888   0.542693576499   -0.53061768409
2.984   0.542693575016   -0.530617699167
3.08   0.542693574237   -0.530617707681
3.176   0.542693573828   -0.530617712489
3.272   0.542693573613   -0.530617715205
3.368   0.5426935735   -0.530617716738
3.464   0.54269357344   -0.530617717604
3.56   0.542693573409   -0.530617718093
3.656   0.542693573393   -0.53061771837
3.752   0.542693573384   -0.530617718526
3.848   0.54269357338   -0.530617718614
3.944   0.542693573377   -0.530617718663
4.04   0.542693573376   -0.530617718692
4.136   0.542693573375   -0.530617718707
4.232   0.542693573375   -0.530617718716
4.328   0.542693573375   -0.530617718721
4.424   0.542693573375   -0.530617718724
4.52   0.542693573375   -0.530617718726
4.616   0.542693573375   -0.530617718727
4.712   0.542693573375   -0.530617718727
4.808   0.542693573375   -0.530617718728
4.904   0.542693573375   -0.530617718728
5.0   0.542693573375   -0.530617718728
5.096   0.542693573375   -0.530617718728
5.192   0.542693573375   -0.530617718728
5.288   0.542693573375   -0.530617718728
5.384   0.542693573375   -0.530617718728
5.48   0.542693573375   -0.530617718728
5.576   0.542693573375   -0.530617718728
5.672   0.542693573375   -0.530617718728
5.768   0.542693573375   -0.530617718728
5.864   0.542693573375   -0.530617718728
5.96   0.542693573375   -0.530617718728
6.056   0.542693573375   -0.530617718728
6.152   0.542693573375   -0.530617718728
6.248   0.542693573375   -0.530617718728
6.344   0.542693573375   -0.530617718728
6.44   0.542693573375   -0.530617718728
6.536   0.542693573375   -0.530617718728
6.632   0.542693573375   -0.530617718728
6.728   0.542693573375   -0.530617718728
6.824   0.542693573375   -0.530617718728
6.92   0.542693573375   -0.530617718728
7.016   0.542693573375   -0.530617718728
7.112   0.542693573375   -0.530617718728
7.208   0.542693573375   -0.530617718728
7.304   0.542693573375   -0.530617718728
7.4   0.542693573375   -0.530617718728
7.496   0.542693573375   -0.530617718728
7.592   0.542693573375   -0.530617718728
7.688   0.542693573375   -0.530617718728
7.784   0.542693573375   -0.530617718728
7.88   0.542693573375   -0.530617718728
7.976   0.542693573375   -0.530617718728
8.072   0.542693573375   -0.530617718728
8.168   0.542693573375   -0.530617718728
8.264   0.542693573375   -0.530617718728
8.36   0.542693573375   -0.530617718728
8.456   0.542693573375   -0.530617718728
8.552   0.542693573375   -0.530617718728
8.648   0.542693573375   -0.530617718728
8.744   0.542693573375   -0.530617718728
8.84   0.542693573375   -0.530617718728
8.936   0.542693573375   -0.530617718728
9.032   0.542693573375   -0.530617718728
9.128   0.542693573375   -0.530617718728
9.224   0.542693573375   -0.530617718728
9.32   0.542693573375   -0.530617718728
9.416   0.542693573375   -0.530617718728
9.512   0.542693573375   -0.530617718728
9.608   0.542693573375   -0.530617718728
9.704   0.542693573375   -0.530617718728
