0.2   0.56499360655   0.426086215072
0.296   0.561644644224   0.470266672927
0.392   0.558829478944   0.498514647941
0.488   0.556534601606   0.516598566379
0.584   0.554735143799   0.527738074505
0.68   0.55339373863   0.534304657207
0.776   0.552457505524   0.538066424024
0.872   0.551854152569   0.54018151647
0.968   0.551496530296   0.541348588428
1.064   0.551300276678   0.541980511813
1.16   0.551197328041   0.542317580213
1.256   0.551145596959   0.542495898529
1.352   0.551120100816   0.542589731774
1.448   0.551107665876   0.542639035744
1.544   0.551101634485   0.54266492954
1.64   0.551098717347   0.542678527849
1.736   0.551097308484   0.542685669762
1.832   0.551096628556   0.542689421185
1.928   0.551096300538   0.54269139189
2.024   0.551096142322   0.542692427222
2.12   0.551096066014   0.542692971172
2.216   0.551096029213   0.542693256965
2.312   0.551096011465   0.542693407126
2.408   0.551096002906   0.542693486023
2.504   0.551095998779   0.542693527478
2.6   0.551095996788   0.542693549259
2.696   0.551095995828   0.542693560704
2.792   0.551095995365   0.542693566717
2.888   0.551095995142   0.542693569876
2.984   0.551095995034   0.542693571537
3.08   0.551095994982   0.542693572409
3.176   0.551095994957   0.542693572867
3.272   0.551095994945   0.542693573108
3.368   0.55109599494   0.542693573235
3.464   0.551095994937   0.542693573301
3.56   0.551095994935   0.542693573336
3.656   0.551095994935   0.542693573354
3.752   0.551095994934   0.542693573364
3.848   0.551095994934   0.542693573369
3.944   0.551095994934   0.542693573372
4.04   0.551095994934   0.542693573373
4.136   0.551095994934   0.542693573374
4.232   0.551095994934   0.542693573374
4.328   0.551095994934   0.542693573374
4.424   0.551095994934   0.542693573375
4.52   0.551095994934   0.542693573375
4.616   0.551095994934   0.542693573375
4.712   0.551095994934   0.542693573375
4.808   0.551095994934   0.542693573375
4.904   0.551095994934   0.542693573375
5.0   0.551095994934   0.542693573375
5.096   0.551095994934   0.542693573375
5.192   0.551095994934   0.542693573375
5.288   0.551095994934   0.542693573375
5.384   0.551095994934   0.542693573375
5.48   0.551095994934   0.542693573375
5.576   0.551095994934   0.542693573375
5.672   0.551095994934   0.542693573375
5.768   0.551095994934   0.542693573375
5.864   0.551095994934   0.542693573375
5.96   0.551095994934   0.542693573375
6.056   0.551095994934   0.542693573375
6.152   0.551095994934   0.542693573375
6.248   0.551095994934   0.542693573375
6.344   0.551095994934   0.542693573375
6.44   0.551095994934   0.542693573375
6.536   0.551095994934   0.542693573375
6.632   0.551095994934   0.542693573375
6.728   0.551095994934   0.542693573375
6.824   0.551095994934   0.542693573375
6.92   0.551095994934   0.542693573375
7.016   0.551095994934   0.542693573375
7.112   0.551095994934   0.542693573375
7.208   0.551095994934   0.542693573375
7.304   0.551095994934   0.542693573375
7.4   0.551095994934   0.542693573375
7.496   0.551095994934   0.542693573375
7.592   0.551095994934   0.542693573375
7.688   0.551095994934   0.542693573375
7.784   0.551095994934   0.542693573375
7.88   0.551095994934   0.542693573375
7.976   0.551095994934   0.542693573375
8.072   0.551095994934   0.542693573375
8.168   0.551095994934   0.542693573375
8.264   0.551095994934   0.542693573375
8.36   0.551095994934   0.542693573375
8.456   0.551095994934   0.542693573375
8.552   0.551095994934   0.542693573375
8.648   0.551095994934   0.542693573375
8.744   0.551095994934   0.542693573375
8.84   0.551095994934   0.542693573375
8.936   0.551095994934   0.542693573375
9.032   0.551095994934   0.542693573375
9.128   0.551095994934   0.542693573375
9.224   0.551095994934   0.542693573375
9.32   0.551095994934   0.542693573375
9.416   0.551095994934   0.542693573375
9.512   0.551095994934   0.542693573375
9.608   0.551095994934   0.542693573375
9.704   0.551095994934   0.542693573375
