0.2   0.562444654769   0.389716571867
0.296   0.557975281042   0.436185585543
0.392   0.554151084612   0.467001745375
0.488   0.550974206182   0.48791420196
0.584   0.548429212632   0.501981572769
0.68   0.546481303255   0.511211784584
0.776   0.545071779507   0.517095339902
0.872   0.544115737982   0.520745144195
0.968   0.543508996791   0.522955495592
1.064   0.543146346583   0.524267815769
1.16   0.5429397087   0.525035709079
1.256   0.542825367136   0.525480901286
1.352   0.54276356851   0.525737829361
1.448   0.542730572155   0.525885723082
1.544   0.542713078314   0.525970731279
1.64   0.542703840603   0.526019625146
1.736   0.542698973491   0.526047740924
1.832   0.542696412312   0.526063911194
1.928   0.542695065483   0.526073212738
2.024   0.542694357501   0.526078563932
2.12   0.542693985415   0.526081642791
2.216   0.542693789883   0.526083414367
2.312   0.542693687138   0.526084433782
2.408   0.54269363315   0.526085020401
2.504   0.542693604783   0.526085357976
2.6   0.542693589877   0.526085552239
2.696   0.542693582046   0.526085664033
2.792   0.542693577931   0.526085728367
2.888   0.542693575769   0.52608576539
2.984   0.542693574632   0.526085786696
3.08   0.542693574036   0.526085798957
3.176   0.542693573722   0.526085806013
3.272   0.542693573557   0.526085810073
3.368   0.542693573471   0.52608581241
3.464   0.542693573425   0.526085813755
3.56   0.542693573401   0.526085814529
3.656   0.542693573389   0.526085814974
3.752   0.542693573382   0.52608581523
3.848   0.542693573378   0.526085815378
3.944   0.542693573377   0.526085815463
4.04   0.542693573376   0.526085815512
4.136   0.542693573375   0.52608581554
4.232   0.542693573375   0.526085815556
4.328   0.542693573375   0.526085815565
4.424   0.542693573375   0.526085815571
4.52   0.542693573375   0.526085815574
4.616   0.542693573375   0.526085815575
4.712   0.542693573375   0.526085815576
4.808   0.542693573375   0.526085815577
4.904   0.542693573375   0.526085815577
5.0   0.542693573375   0.526085815578
5.096   0.542693573375   0.526085815578
5.192   0.542693573375   0.526085815578
5.288   0.542693573375   0.526085815578
5.384   0.542693573375   0.526085815578
5.48   0.542693573375   0.526085815578
5.576   0.542693573375   0.526085815578
5.672   0.542693573375   0.526085815578
5.768   0.542693573375   0.526085815578
5.864   0.542693573375   0.526085815578
5.96   0.542693573375   0.526085815578
6.056   0.542693573375   0.526085815578
6.152   0.542693573375   0.526085815578
6.248   0.542693573375   0.526085815578
6.344   0.542693573375   0.526085815578
6.44   0.542693573375   0.526085815578
6.536   0.542693573375   0.526085815578
6.632   0.542693573375   0.526085815578
6.728   0.542693573375   0.526085815578
6.824   0.542693573375   0.526085815578
6.92   0.542693573375   0.526085815578
7.016   0.542693573375   0.526085815578
7.112   0.542693573375   0.526085815578
7.208   0.542693573375   0.526085815578
7.304   0.542693573375   0.526085815578
7.4   0.542693573375   0.526085815578
7.496   0.542693573375   0.526085815578
7.592   0.542693573375   0.526085815578
7.688   0.542693573375   0.526085815578
7.784   0.542693573375   0.526085815578
7.88   0.542693573375   0.526085815578
7.976   0.542693573375   0.526085815578
8.072   0.542693573375   0.526085815578
8.168   0.542693573375   0.526085815578
8.264   0.542693573375   0.526085815578
8.36   0.542693573375   0.526085815578
8.456   0.542693573375   0.526085815578
8.552   0.542693573375   0.526085815578
8.648   0.542693573375   0.526085815578
8.744   0.542693573375   0.526085815578
8.84   0.542693573375   0.526085815578
8.936   0.542693573375   0.526085815578
9.032   0.542693573375   0.526085815578
9.128   0.542693573375   0.526085815578
9.224   0.542693573375   0.526085815578
9.32   0.542693573375   0.526085815578
9.416   0.542693573375   0.526085815578
9.512   0.542693573375   0.526085815578
9.608   0.542693573375   0.526085815578
9.704   0.542693573375   0.526085815578
