0.2   0.561249813546   0.366677295475
0.296   0.556425185855   0.41305014201
0.392   0.552430623788   0.444128965303
0.488   0.549274165967   0.465424640754
0.584   0.546918302289   0.479907792949
0.68   0.545271681487   0.489528453669
0.776   0.54419727986   0.49573936521
0.872   0.543539530817   0.499648807081
0.968   0.543157317521   0.502065293901
1.064   0.542943577842   0.503542737474
1.16   0.542826852962   0.504441050416
1.256   0.542764185176   0.504986269212
1.352   0.542730848691   0.505316966946
1.448   0.542713210165   0.505517645115
1.544   0.542703906118   0.505639506243
1.64   0.54269900687   0.505713554802
1.736   0.542696429561   0.505758575058
1.832   0.542695074466   0.505785958351
1.928   0.542694362199   0.505802619366
2.024   0.542693987877   0.505812758864
2.12   0.542693791175   0.505818930508
2.216   0.542693687816   0.50582268744
2.312   0.542693633506   0.505824974609
2.408   0.54269360497   0.505826367077
2.504   0.542693589976   0.505827214864
2.6   0.542693582097   0.50582773104
2.696   0.542693577958   0.50582804532
2.792   0.542693575783   0.505828236674
2.888   0.54269357464   0.505828353183
2.984   0.542693574039   0.505828424123
3.08   0.542693573724   0.505828467316
3.176   0.542693573558   0.505828493615
3.272   0.542693573471   0.505828509628
3.368   0.542693573425   0.505828519378
3.464   0.542693573401   0.505828525314
3.56   0.542693573389   0.505828528929
3.656   0.542693573382   0.50582853113
3.752   0.542693573379   0.50582853247
3.848   0.542693573377   0.505828533286
3.944   0.542693573376   0.505828533783
4.04   0.542693573375   0.505828534085
4.136   0.542693573375   0.505828534269
4.232   0.542693573375   0.505828534381
4.328   0.542693573375   0.50582853445
4.424   0.542693573375   0.505828534491
4.52   0.542693573375   0.505828534517
4.616   0.542693573375   0.505828534532
4.712   0.542693573375   0.505828534541
4.808   0.542693573375   0.505828534547
4.904   0.542693573375   0.505828534551
5.0   0.542693573375   0.505828534553
5.096   0.542693573375   0.505828534554
5.192   0.542693573375   0.505828534555
5.288   0.542693573375   0.505828534555
5.384   0.542693573375   0.505828534556
5.48   0.542693573375   0.505828534556
5.576   0.542693573375   0.505828534556
5.672   0.542693573375   0.505828534556
5.768   0.542693573375   0.505828534556
5.864   0.542693573375   0.505828534556
5.96   0.542693573375   0.505828534556
6.056   0.542693573375   0.505828534556
6.152   0.542693573375   0.505828534556
6.248   0.542693573375   0.505828534556
6.344   0.542693573375   0.505828534556
6.44   0.542693573375   0.505828534556
6.536   0.542693573375   0.505828534556
6.632   0.542693573375   0.505828534556
6.728   0.542693573375   0.505828534556
6.824   0.542693573375   0.505828534556
6.92   0.542693573375   0.505828534556
7.016   0.542693573375   0.505828534556
7.112   0.542693573375   0.505828534556
7.208   0.542693573375   0.505828534556
7.304   0.542693573375   0.505828534556
7.4   0.542693573375   0.505828534556
7.496   0.542693573375   0.505828534556
7.592   0.542693573375   0.505828534556
7.688   0.542693573375   0.505828534556
7.784   0.542693573375   0.505828534556
7.88   0.542693573375   0.505828534556
7.976   0.542693573375   0.505828534556
8.072   0.542693573375   0.505828534556
8.168   0.542693573375   0.505828534556
8.264   0.542693573375   0.505828534556
8.36   0.542693573375   0.505828534556
8.456   0.542693573375   0.505828534556
8.552   0.542693573375   0.505828534556
8.648   0.542693573375   0.505828534556
8.744   0.542693573375   0.505828534556
8.84   0.542693573375   0.505828534556
8.936   0.542693573375   0.505828534556
9.032   0.542693573375   0.505828534556
9.128   0.542693573375   0.505828534556
9.224   0.542693573375   0.505828534556
9.32   0.542693573375   0.505828534556
9.416   0.542693573375   0.505828534556
9.512   0.542693573375   0.505828534556
9.608   0.542693573375   0.505828534556
9.704   0.542693573375   0.505828534556
