0.2   0.56224524606   0.402726984002
0.296   0.55773008135   0.443173000929
0.392   0.553889247849   0.470758179159
0.488   0.550720662374   0.489805535178
0.584   0.548203763836   0.502771198408
0.68   0.546297281983   0.511352158895
0.776   0.544934472824   0.516854586077
0.872   0.54402209672   0.520280065614
0.968   0.543450123655   0.522358522424
1.064   0.543111641171   0.523594230486
1.16   0.542920118307   0.524318471262
1.256   0.54281465766   0.524739247038
1.352   0.542757813348   0.52498267149
1.448   0.542727509954   0.52512315349
1.544   0.542711458119   0.525204172547
1.64   0.542702986049   0.525250892598
1.736   0.542698523546   0.525277836808
1.832   0.542696175628   0.52529337857
1.928   0.542694941046   0.525302344689
2.024   0.542694292096   0.525307517959
2.12   0.542693951042   0.52531050312
2.216   0.542693771821   0.525312225782
2.312   0.542693677647   0.525313219934
2.408   0.542693628163   0.525313793679
2.504   0.542693602162   0.525314124806
2.6   0.542693588501   0.525314315912
2.696   0.542693581322   0.525314426208
2.792   0.542693577551   0.525314489865
2.888   0.542693575569   0.525314526605
2.984   0.542693574528   0.525314547809
3.08   0.54269357398   0.525314560047
3.176   0.542693573693   0.52531456711
3.272   0.542693573542   0.525314571187
3.368   0.542693573463   0.52531457354
3.464   0.542693573421   0.525314574898
3.56   0.542693573399   0.525314575681
3.656   0.542693573387   0.525314576134
3.752   0.542693573381   0.525314576395
3.848   0.542693573378   0.525314576545
3.944   0.542693573377   0.525314576632
4.04   0.542693573376   0.525314576683
4.136   0.542693573375   0.525314576712
4.232   0.542693573375   0.525314576728
4.328   0.542693573375   0.525314576738
4.424   0.542693573375   0.525314576743
4.52   0.542693573375   0.525314576747
4.616   0.542693573375   0.525314576749
4.712   0.542693573375   0.52531457675
4.808   0.542693573375   0.52531457675
4.904   0.542693573375   0.525314576751
5.0   0.542693573375   0.525314576751
5.096   0.542693573375   0.525314576751
5.192   0.542693573375   0.525314576751
5.288   0.542693573375   0.525314576751
5.384   0.542693573375   0.525314576751
5.48   0.542693573375   0.525314576751
5.576   0.542693573375   0.525314576751
5.672   0.542693573375   0.525314576751
5.768   0.542693573375   0.525314576751
5.864   0.542693573375   0.525314576751
5.96   0.542693573375   0.525314576751
6.056   0.542693573375   0.525314576751
6.152   0.542693573375   0.525314576751
6.248   0.542693573375   0.525314576751
6.344   0.542693573375   0.525314576751
6.44   0.542693573375   0.525314576751
6.536   0.542693573375   0.525314576751
6.632   0.542693573375   0.525314576751
6.728   0.542693573375   0.525314576751
6.824   0.542693573375   0.525314576751
6.92   0.542693573375   0.525314576751
7.016   0.542693573375   0.525314576751
7.112   0.542693573375   0.525314576751
7.208   0.542693573375   0.525314576751
7.304   0.542693573375   0.525314576751
7.4   0.542693573375   0.525314576751
7.496   0.542693573375   0.525314576751
7.592   0.542693573375   0.525314576751
7.688   0.542693573375   0.525314576751
7.784   0.542693573375   0.525314576751
7.88   0.542693573375   0.525314576751
7.976   0.542693573375   0.525314576751
8.072   0.542693573375   0.525314576751
8.168   0.542693573375   0.525314576751
8.264   0.542693573375   0.525314576751
8.36   0.542693573375   0.525314576751
8.456   0.542693573375   0.525314576751
8.552   0.542693573375   0.525314576751
8.648   0.542693573375   0.525314576751
8.744   0.542693573375   0.525314576751
8.84   0.542693573375   0.525314576751
8.936   0.542693573375   0.525314576751
9.032   0.542693573375   0.525314576751
9.128   0.542693573375   0.525314576751
9.224   0.542693573375   0.525314576751
9.32   0.542693573375   0.525314576751
9.416   0.542693573375   0.525314576751
9.512   0.542693573375   0.525314576751
9.608   0.542693573375   0.525314576751
9.704   0.542693573375   0.525314576751
