0.2   0.566738132802   0.447893597446
0.296   0.564383899289   0.487692372768
0.392   0.562669667287   0.512246804074
0.488   0.561550675187   0.526747216924
0.584   0.560910903837   0.53462019055
0.68   0.560589657879   0.538633100488
0.776   0.560444119097   0.540636251024
0.872   0.560381750809   0.541640393361
0.968   0.560356068341   0.542149668126
1.064   0.560345650937   0.542410918891
1.16   0.560341454755   0.542546059964
1.256   0.560339769785   0.542616380966
1.352   0.560339094116   0.542653112286
1.448   0.560338823335   0.542672344077
1.544   0.560338714845   0.542682428056
1.64   0.560338671383   0.542687720066
1.736   0.560338653972   0.542690498703
1.832   0.560338646998   0.542691958098
1.928   0.560338644204   0.542692724733
2.024   0.560338643085   0.542693127495
2.12   0.560338642637   0.542693339102
2.216   0.560338642457   0.542693450283
2.312   0.560338642385   0.542693508699
2.408   0.560338642356   0.542693539392
2.504   0.560338642345   0.542693555519
2.6   0.56033864234   0.542693563993
2.696   0.560338642338   0.542693568445
2.792   0.560338642338   0.542693570785
2.888   0.560338642337   0.542693572014
2.984   0.560338642337   0.54269357266
3.08   0.560338642337   0.542693572999
3.176   0.560338642337   0.542693573177
3.272   0.560338642337   0.542693573271
3.368   0.560338642337   0.54269357332
3.464   0.560338642337   0.542693573346
3.56   0.560338642337   0.54269357336
3.656   0.560338642337   0.542693573367
3.752   0.560338642337   0.542693573371
3.848   0.560338642337   0.542693573372
3.944   0.560338642337   0.542693573374
4.04   0.560338642337   0.542693573374
4.136   0.560338642337   0.542693573374
4.232   0.560338642337   0.542693573374
4.328   0.560338642337   0.542693573375
4.424   0.560338642337   0.542693573375
4.52   0.560338642337   0.542693573375
4.616   0.560338642337   0.542693573375
4.712   0.560338642337   0.542693573375
4.808   0.560338642337   0.542693573375
4.904   0.560338642337   0.542693573375
5.0   0.560338642337   0.542693573375
5.096   0.560338642337   0.542693573375
5.192   0.560338642337   0.542693573375
5.288   0.560338642337   0.542693573375
5.384   0.560338642337   0.542693573375
5.48   0.560338642337   0.542693573375
5.576   0.560338642337   0.542693573375
5.672   0.560338642337   0.542693573375
5.768   0.560338642337   0.542693573375
5.864   0.560338642337   0.542693573375
5.96   0.560338642337   0.542693573375
6.056   0.560338642337   0.542693573375
6.152   0.560338642337   0.542693573375
6.248   0.560338642337   0.542693573375
6.344   0.560338642337   0.542693573375
6.44   0.560338642337   0.542693573375
6.536   0.560338642337   0.542693573375
6.632   0.560338642337   0.542693573375
6.728   0.560338642337   0.542693573375
6.824   0.560338642337   0.542693573375
6.92   0.560338642337   0.542693573375
7.016   0.560338642337   0.542693573375
7.112   0.560338642337   0.542693573375
7.208   0.560338642337   0.542693573375
7.304   0.560338642337   0.542693573375
7.4   0.560338642337   0.542693573375
7.496   0.560338642337   0.542693573375
7.592   0.560338642337   0.542693573375
7.688   0.560338642337   0.542693573375
7.784   0.560338642337   0.542693573375
7.88   0.560338642337   0.542693573375
7.976   0.560338642337   0.542693573375
8.072   0.560338642337   0.542693573375
8.168   0.560338642337   0.542693573375
8.264   0.560338642337   0.542693573375
8.36   0.560338642337   0.542693573375
8.456   0.560338642337   0.542693573375
8.552   0.560338642337   0.542693573375
8.648   0.560338642337   0.542693573375
8.744   0.560338642337   0.542693573375
8.84   0.560338642337   0.542693573375
8.936   0.560338642337   0.542693573375
9.032   0.560338642337   0.542693573375
9.128   0.560338642337   0.542693573375
9.224   0.560338642337   0.542693573375
9.32   0.560338642337   0.542693573375
9.416   0.560338642337   0.542693573375
9.512   0.560338642337   0.542693573375
9.608   0.560338642337   0.542693573375
9.704   0.560338642337   0.542693573375
