0.2   0.565994293604   0.449003818627
0.296   0.56323056175   0.486143225925
0.392   0.561073445843   0.509923802191
0.488   0.559505917086   0.524659776989
0.584   0.558469894023   0.533162052297
0.68   0.557857170942   0.537756176517
0.776   0.557531797892   0.540149515589
0.872   0.557373358556   0.541380305888
0.968   0.557299860698   0.542012710091
1.064   0.557266994388   0.542339242722
1.16   0.557252518373   0.542508554719
1.256   0.55724618987   0.542596739659
1.352   0.557243433132   0.542642816412
1.448   0.557242234305   0.542666942784
1.544   0.557241713378   0.542679592886
1.64   0.557241487103   0.542686231302
1.736   0.557241388832   0.542689716754
1.832   0.557241346156   0.54269154733
1.928   0.557241327624   0.542692508931
2.024   0.557241319577   0.542693014114
2.12   0.557241316082   0.542693279531
2.216   0.557241314565   0.542693418983
2.312   0.557241313906   0.542693492254
2.408   0.55724131362   0.542693530751
2.504   0.557241313495   0.542693550979
2.6   0.557241313441   0.542693561607
2.696   0.557241313418   0.542693567192
2.792   0.557241313408   0.542693570126
2.888   0.557241313403   0.542693571668
2.984   0.557241313401   0.542693572478
3.08   0.557241313401   0.542693572903
3.176   0.5572413134   0.542693573127
3.272   0.5572413134   0.542693573245
3.368   0.5572413134   0.542693573306
3.464   0.5572413134   0.542693573339
3.56   0.5572413134   0.542693573356
3.656   0.5572413134   0.542693573365
3.752   0.5572413134   0.542693573369
3.848   0.5572413134   0.542693573372
3.944   0.5572413134   0.542693573373
4.04   0.5572413134   0.542693573374
4.136   0.5572413134   0.542693573374
4.232   0.5572413134   0.542693573374
4.328   0.5572413134   0.542693573375
4.424   0.5572413134   0.542693573375
4.52   0.5572413134   0.542693573375
4.616   0.5572413134   0.542693573375
4.712   0.5572413134   0.542693573375
4.808   0.5572413134   0.542693573375
4.904   0.5572413134   0.542693573375
5.0   0.5572413134   0.542693573375
5.096   0.5572413134   0.542693573375
5.192   0.5572413134   0.542693573375
5.288   0.5572413134   0.542693573375
5.384   0.5572413134   0.542693573375
5.48   0.5572413134   0.542693573375
5.576   0.5572413134   0.542693573375
5.672   0.5572413134   0.542693573375
5.768   0.5572413134   0.542693573375
5.864   0.5572413134   0.542693573375
5.96   0.5572413134   0.542693573375
6.056   0.5572413134   0.542693573375
6.152   0.5572413134   0.542693573375
6.248   0.5572413134   0.542693573375
6.344   0.5572413134   0.542693573375
6.44   0.5572413134   0.542693573375
6.536   0.5572413134   0.542693573375
6.632   0.5572413134   0.542693573375
6.728   0.5572413134   0.542693573375
6.824   0.5572413134   0.542693573375
6.92   0.5572413134   0.542693573375
7.016   0.5572413134   0.542693573375
7.112   0.5572413134   0.542693573375
7.208   0.5572413134   0.542693573375
7.304   0.5572413134   0.542693573375
7.4   0.5572413134   0.542693573375
7.496   0.5572413134   0.542693573375
7.592   0.5572413134   0.542693573375
7.688   0.5572413134   0.542693573375
7.784   0.5572413134   0.542693573375
7.88   0.5572413134   0.542693573375
7.976   0.5572413134   0.542693573375
8.072   0.5572413134   0.542693573375
8.168   0.5572413134   0.542693573375
8.264   0.5572413134   0.542693573375
8.36   0.5572413134   0.542693573375
8.456   0.5572413134   0.542693573375
8.552   0.5572413134   0.542693573375
8.648   0.5572413134   0.542693573375
8.744   0.5572413134   0.542693573375
8.84   0.5572413134   0.542693573375
8.936   0.5572413134   0.542693573375
9.032   0.5572413134   0.542693573375
9.128   0.5572413134   0.542693573375
9.224   0.5572413134   0.542693573375
9.32   0.5572413134   0.542693573375
9.416   0.5572413134   0.542693573375
9.512   0.5572413134   0.542693573375
9.608   0.5572413134   0.542693573375
9.704   0.5572413134   0.542693573375
