0.2   0.56182435474   0.376944534934
0.296   0.557155037043   0.424015308992
0.392   0.553218909985   0.455342845259
0.488   0.550026329151   0.476697901406
0.584   0.547558805959   0.491145728625
0.68   0.545760131413   0.50068167016
0.776   0.544533395254   0.506786782039
0.872   0.54375142247   0.510586922864
0.968   0.543282297325   0.512901502587
1.064   0.543014113794   0.514291042662
1.16   0.54286542224   0.51511845899
1.256   0.54278491738   0.515609236811
1.352   0.54274188234   0.515899998656
1.448   0.542719048993   0.516072213462
1.544   0.542706986102   0.516174259709
1.64   0.542700628688   0.516234760102
1.736   0.542697282723   0.516270646731
1.832   0.542695523034   0.516291941785
1.928   0.542694597973   0.516304581981
2.024   0.542694111784   0.51631208648
2.12   0.542693856287   0.516316542574
2.216   0.54269372203   0.516319188827
2.312   0.542693651484   0.516320760412
2.408   0.542693614416   0.516321693804
2.504   0.542693594939   0.516322248179
2.6   0.542693584705   0.516322577448
2.696   0.542693579328   0.516322773019
2.792   0.542693576503   0.51632288918
2.888   0.542693575018   0.516322958175
2.984   0.542693574238   0.516322999155
3.08   0.542693573828   0.516323023497
3.176   0.542693573613   0.516323037954
3.272   0.5426935735   0.516323046542
3.368   0.54269357344   0.516323051642
3.464   0.542693573409   0.516323054672
3.56   0.542693573393   0.516323056472
3.656   0.542693573384   0.51632305754
3.752   0.54269357338   0.516323058175
3.848   0.542693573377   0.516323058552
3.944   0.542693573376   0.516323058776
4.04   0.542693573375   0.516323058909
4.136   0.542693573375   0.516323058988
4.232   0.542693573375   0.516323059035
4.328   0.542693573375   0.516323059063
4.424   0.542693573375   0.51632305908
4.52   0.542693573375   0.51632305909
4.616   0.542693573375   0.516323059095
4.712   0.542693573375   0.516323059099
4.808   0.542693573375   0.516323059101
4.904   0.542693573375   0.516323059102
5.0   0.542693573375   0.516323059103
5.096   0.542693573375   0.516323059103
5.192   0.542693573375   0.516323059104
5.288   0.542693573375   0.516323059104
5.384   0.542693573375   0.516323059104
5.48   0.542693573375   0.516323059104
5.576   0.542693573375   0.516323059104
5.672   0.542693573375   0.516323059104
5.768   0.542693573375   0.516323059104
5.864   0.542693573375   0.516323059104
5.96   0.542693573375   0.516323059104
6.056   0.542693573375   0.516323059104
6.152   0.542693573375   0.516323059104
6.248   0.542693573375   0.516323059104
6.344   0.542693573375   0.516323059104
6.44   0.542693573375   0.516323059104
6.536   0.542693573375   0.516323059104
6.632   0.542693573375   0.516323059104
6.728   0.542693573375   0.516323059104
6.824   0.542693573375   0.516323059104
6.92   0.542693573375   0.516323059104
7.016   0.542693573375   0.516323059104
7.112   0.542693573375   0.516323059104
7.208   0.542693573375   0.516323059104
7.304   0.542693573375   0.516323059104
7.4   0.542693573375   0.516323059104
7.496   0.542693573375   0.516323059104
7.592   0.542693573375   0.516323059104
7.688   0.542693573375   0.516323059104
7.784   0.542693573375   0.516323059104
7.88   0.542693573375   0.516323059104
7.976   0.542693573375   0.516323059104
8.072   0.542693573375   0.516323059104
8.168   0.542693573375   0.516323059104
8.264   0.542693573375   0.516323059104
8.36   0.542693573375   0.516323059104
8.456   0.542693573375   0.516323059104
8.552   0.542693573375   0.516323059104
8.648   0.542693573375   0.516323059104
8.744   0.542693573375   0.516323059104
8.84   0.542693573375   0.516323059104
8.936   0.542693573375   0.516323059104
9.032   0.542693573375   0.516323059104
9.128   0.542693573375   0.516323059104
9.224   0.542693573375   0.516323059104
9.32   0.542693573375   0.516323059104
9.416   0.542693573375   0.516323059104
9.512   0.542693573375   0.516323059104
9.608   0.542693573375   0.516323059104
9.704   0.542693573375   0.516323059104
