0.2   0.566636951493   0.458505639457
0.296   0.564259292319   0.49294217581
0.392   0.562532121955   0.514767666609
0.488   0.561405977663   0.527885846152
0.584   0.560761715282   0.535119127049
0.68   0.560437400724   0.538856481924
0.776   0.560289896715   0.540740718404
0.872   0.560226397198   0.541691241622
0.968   0.560200122291   0.54217514519
1.064   0.560189412656   0.54242392445
1.16   0.560185077835   0.542552777636
1.256   0.560183328795   0.542619875492
1.352   0.560182624062   0.542654937795
1.448   0.560182340279   0.542673300061
1.544   0.560182226034   0.542682929402
1.64   0.560182180048   0.542687983204
1.736   0.560182161538   0.54269063688
1.832   0.560182154087   0.542692030675
1.928   0.560182151088   0.54269276286
2.024   0.560182149881   0.542693147526
2.12   0.560182149396   0.542693349626
2.216   0.5601821492   0.542693455812
2.312   0.560182149121   0.542693511604
2.408   0.56018214909   0.542693540919
2.504   0.560182149077   0.542693556321
2.6   0.560182149072   0.542693564414
2.696   0.56018214907   0.542693568667
2.792   0.560182149069   0.542693570901
2.888   0.560182149069   0.542693572075
2.984   0.560182149068   0.542693572692
3.08   0.560182149068   0.542693573016
3.176   0.560182149068   0.542693573186
3.272   0.560182149068   0.542693573276
3.368   0.560182149068   0.542693573323
3.464   0.560182149068   0.542693573347
3.56   0.560182149068   0.54269357336
3.656   0.560182149068   0.542693573367
3.752   0.560182149068   0.542693573371
3.848   0.560182149068   0.542693573373
3.944   0.560182149068   0.542693573374
4.04   0.560182149068   0.542693573374
4.136   0.560182149068   0.542693573374
4.232   0.560182149068   0.542693573374
4.328   0.560182149068   0.542693573375
4.424   0.560182149068   0.542693573375
4.52   0.560182149068   0.542693573375
4.616   0.560182149068   0.542693573375
4.712   0.560182149068   0.542693573375
4.808   0.560182149068   0.542693573375
4.904   0.560182149068   0.542693573375
5.0   0.560182149068   0.542693573375
5.096   0.560182149068   0.542693573375
5.192   0.560182149068   0.542693573375
5.288   0.560182149068   0.542693573375
5.384   0.560182149068   0.542693573375
5.48   0.560182149068   0.542693573375
5.576   0.560182149068   0.542693573375
5.672   0.560182149068   0.542693573375
5.768   0.560182149068   0.542693573375
5.864   0.560182149068   0.542693573375
5.96   0.560182149068   0.542693573375
6.056   0.560182149068   0.542693573375
6.152   0.560182149068   0.542693573375
6.248   0.560182149068   0.542693573375
6.344   0.560182149068   0.542693573375
6.44   0.560182149068   0.542693573375
6.536   0.560182149068   0.542693573375
6.632   0.560182149068   0.542693573375
6.728   0.560182149068   0.542693573375
6.824   0.560182149068   0.542693573375
6.92   0.560182149068   0.542693573375
7.016   0.560182149068   0.542693573375
7.112   0.560182149068   0.542693573375
7.208   0.560182149068   0.542693573375
7.304   0.560182149068   0.542693573375
7.4   0.560182149068   0.542693573375
7.496   0.560182149068   0.542693573375
7.592   0.560182149068   0.542693573375
7.688   0.560182149068   0.542693573375
7.784   0.560182149068   0.542693573375
7.88   0.560182149068   0.542693573375
7.976   0.560182149068   0.542693573375
8.072   0.560182149068   0.542693573375
8.168   0.560182149068   0.542693573375
8.264   0.560182149068   0.542693573375
8.36   0.560182149068   0.542693573375
8.456   0.560182149068   0.542693573375
8.552   0.560182149068   0.542693573375
8.648   0.560182149068   0.542693573375
8.744   0.560182149068   0.542693573375
8.84   0.560182149068   0.542693573375
8.936   0.560182149068   0.542693573375
9.032   0.560182149068   0.542693573375
9.128   0.560182149068   0.542693573375
9.224   0.560182149068   0.542693573375
9.32   0.560182149068   0.542693573375
9.416   0.560182149068   0.542693573375
9.512   0.560182149068   0.542693573375
9.608   0.560182149068   0.542693573375
9.704   0.560182149068   0.542693573375
