0.2   0.562839651261   0.393915134368
0.296   0.558509347559   0.441175327354
0.392   0.554778193911   0.472260647341
0.488   0.551641762311   0.493205824183
0.584   0.54908093504   0.507194056786
0.68   0.54706386694   0.516317993689
0.776   0.545545317581   0.522123943116
0.872   0.544464088465   0.525739770198
0.968   0.5437419379   0.527945063582
1.064   0.543289930005   0.529261270621
1.16   0.543022798686   0.530031236311
1.256   0.542871877115   0.530474546569
1.352   0.542788812341   0.530727402515
1.448   0.542744079007   0.530870708082
1.544   0.542720246724   0.530951516787
1.64   0.542707627833   0.530997143263
1.736   0.542700969375   0.531022862264
1.832   0.542697462713   0.531037356325
1.928   0.542695617881   0.531045524028
2.024   0.542694647886   0.531050126738
2.12   0.542694138031   0.531052720559
2.216   0.542693870084   0.531054182332
2.312   0.542693729281   0.531055006149
2.408   0.542693655294   0.531055470439
2.504   0.542693616418   0.53105573211
2.6   0.542693595991   0.531055879587
2.696   0.542693585258   0.531055962704
2.792   0.542693579619   0.53105600955
2.888   0.542693576655   0.531056035952
2.984   0.542693575098   0.531056050833
3.08   0.54269357428   0.531056059219
3.176   0.542693573851   0.531056063946
3.272   0.542693573625   0.53105606661
3.368   0.542693573506   0.531056068112
3.464   0.542693573444   0.531056068958
3.56   0.542693573411   0.531056069435
3.656   0.542693573394   0.531056069704
3.752   0.542693573385   0.531056069855
3.848   0.54269357338   0.531056069941
3.944   0.542693573377   0.531056069989
4.04   0.542693573376   0.531056070016
4.136   0.542693573375   0.531056070031
4.232   0.542693573375   0.53105607004
4.328   0.542693573375   0.531056070045
4.424   0.542693573375   0.531056070047
4.52   0.542693573375   0.531056070049
4.616   0.542693573375   0.53105607005
4.712   0.542693573375   0.53105607005
4.808   0.542693573375   0.53105607005
4.904   0.542693573375   0.531056070051
5.0   0.542693573375   0.531056070051
5.096   0.542693573375   0.531056070051
5.192   0.542693573375   0.531056070051
5.288   0.542693573375   0.531056070051
5.384   0.542693573375   0.531056070051
5.48   0.542693573375   0.531056070051
5.576   0.542693573375   0.531056070051
5.672   0.542693573375   0.531056070051
5.768   0.542693573375   0.531056070051
5.864   0.542693573375   0.531056070051
5.96   0.542693573375   0.531056070051
6.056   0.542693573375   0.531056070051
6.152   0.542693573375   0.531056070051
6.248   0.542693573375   0.531056070051
6.344   0.542693573375   0.531056070051
6.44   0.542693573375   0.531056070051
6.536   0.542693573375   0.531056070051
6.632   0.542693573375   0.531056070051
6.728   0.542693573375   0.531056070051
6.824   0.542693573375   0.531056070051
6.92   0.542693573375   0.531056070051
7.016   0.542693573375   0.531056070051
7.112   0.542693573375   0.531056070051
7.208   0.542693573375   0.531056070051
7.304   0.542693573375   0.531056070051
7.4   0.542693573375   0.531056070051
7.496   0.542693573375   0.531056070051
7.592   0.542693573375   0.531056070051
7.688   0.542693573375   0.531056070051
7.784   0.542693573375   0.531056070051
7.88   0.542693573375   0.531056070051
7.976   0.542693573375   0.531056070051
8.072   0.542693573375   0.531056070051
8.168   0.542693573375   0.531056070051
8.264   0.542693573375   0.531056070051
8.36   0.542693573375   0.531056070051
8.456   0.542693573375   0.531056070051
8.552   0.542693573375   0.531056070051
8.648   0.542693573375   0.531056070051
8.744   0.542693573375   0.531056070051
8.84   0.542693573375   0.531056070051
8.936   0.542693573375   0.531056070051
9.032   0.542693573375   0.531056070051
9.128   0.542693573375   0.531056070051
9.224   0.542693573375   0.531056070051
9.32   0.542693573375   0.531056070051
9.416   0.542693573375   0.531056070051
9.512   0.542693573375   0.531056070051
9.608   0.542693573375   0.531056070051
9.704   0.542693573375   0.531056070051
