0.2   0.562979247059   0.418982061237
0.296   0.558740058622   0.457309958742
0.392   0.55509700606   0.483472652694
0.488   0.552031859676   0.501467619971
0.584   0.54951292366   0.513629294877
0.68   0.547499277644   0.521634737401
0.776   0.545943429389   0.526788037177
0.872   0.544792090674   0.530051962152
0.968   0.543984713417   0.532086025223
1.064   0.543452309166   0.533326914475
1.16   0.543122681493   0.534064921561
1.256   0.542929984494   0.534492849704
1.352   0.542821043681   0.534736711676
1.448   0.542761539603   0.53487356081
1.544   0.542729577626   0.534949808178
1.64   0.54271257619   0.534992117448
1.736   0.542703582505   0.535015542771
1.832   0.542698839472   0.535028497765
1.928   0.542696342334   0.535035658207
2.024   0.542695028836   0.535039614808
2.12   0.542694338279   0.535041800803
2.216   0.542693975324   0.53504300848
2.312   0.542693784584   0.535043675661
2.408   0.542693684354   0.53504404424
2.504   0.542693631688   0.53504424786
2.6   0.542693604014   0.535044360348
2.696   0.542693589474   0.535044422491
2.792   0.542693581834   0.535044456822
2.888   0.542693577819   0.535044475788
2.984   0.54269357571   0.535044486265
3.08   0.542693574602   0.535044492053
3.176   0.542693574019   0.535044495251
3.272   0.542693573713   0.535044497018
3.368   0.542693573553   0.535044497994
3.464   0.542693573468   0.535044498533
3.56   0.542693573424   0.535044498831
3.656   0.5426935734   0.535044498995
3.752   0.542693573388   0.535044499086
3.848   0.542693573382   0.535044499136
3.944   0.542693573378   0.535044499164
4.04   0.542693573377   0.535044499179
4.136   0.542693573376   0.535044499188
4.232   0.542693573375   0.535044499192
4.328   0.542693573375   0.535044499195
4.424   0.542693573375   0.535044499196
4.52   0.542693573375   0.535044499197
4.616   0.542693573375   0.535044499198
4.712   0.542693573375   0.535044499198
4.808   0.542693573375   0.535044499198
4.904   0.542693573375   0.535044499198
5.0   0.542693573375   0.535044499198
5.096   0.542693573375   0.535044499198
5.192   0.542693573375   0.535044499198
5.288   0.542693573375   0.535044499198
5.384   0.542693573375   0.535044499198
5.48   0.542693573375   0.535044499198
5.576   0.542693573375   0.535044499198
5.672   0.542693573375   0.535044499198
5.768   0.542693573375   0.535044499198
5.864   0.542693573375   0.535044499198
5.96   0.542693573375   0.535044499198
6.056   0.542693573375   0.535044499198
6.152   0.542693573375   0.535044499198
6.248   0.542693573375   0.535044499198
6.344   0.542693573375   0.535044499198
6.44   0.542693573375   0.535044499198
6.536   0.542693573375   0.535044499198
6.632   0.542693573375   0.535044499198
6.728   0.542693573375   0.535044499198
6.824   0.542693573375   0.535044499198
6.92   0.542693573375   0.535044499198
7.016   0.542693573375   0.535044499198
7.112   0.542693573375   0.535044499198
7.208   0.542693573375   0.535044499198
7.304   0.542693573375   0.535044499198
7.4   0.542693573375   0.535044499198
7.496   0.542693573375   0.535044499198
7.592   0.542693573375   0.535044499198
7.688   0.542693573375   0.535044499198
7.784   0.542693573375   0.535044499198
7.88   0.542693573375   0.535044499198
7.976   0.542693573375   0.535044499198
8.072   0.542693573375   0.535044499198
8.168   0.542693573375   0.535044499198
8.264   0.542693573375   0.535044499198
8.36   0.542693573375   0.535044499198
8.456   0.542693573375   0.535044499198
8.552   0.542693573375   0.535044499198
8.648   0.542693573375   0.535044499198
8.744   0.542693573375   0.535044499198
8.84   0.542693573375   0.535044499198
8.936   0.542693573375   0.535044499198
9.032   0.542693573375   0.535044499198
9.128   0.542693573375   0.535044499198
9.224   0.542693573375   0.535044499198
9.32   0.542693573375   0.535044499198
9.416   0.542693573375   0.535044499198
9.512   0.542693573375   0.535044499198
9.608   0.542693573375   0.535044499198
9.704   0.542693573375   0.535044499198
