0.2   0.561810332787   0.388472589175
0.296   0.557149146509   0.431308405453
0.392   0.553224111245   0.460334467815
0.488   0.550040981339   0.480328012601
0.584   0.547578342041   0.493940540309
0.68   0.545779458378   0.502960309092
0.776   0.544549061996   0.508748397542
0.872   0.543762368084   0.51235488838
0.968   0.543289170721   0.514551018879
1.064   0.543018148581   0.515867647249
1.16   0.542867672146   0.516649867797
1.256   0.542786140049   0.517112487128
1.352   0.542742536948   0.517385651505
1.448   0.542719396526   0.517546824589
1.544   0.542707169745   0.517642022673
1.64   0.542700725479   0.517698222937
1.736   0.542697333666   0.517731426977
1.832   0.542695549825   0.517751051339
1.928   0.542694612057   0.5177626529
2.024   0.542694119186   0.517769512861
2.12   0.542693860176   0.517773569686
2.216   0.542693724074   0.517775969023
2.312   0.542693652558   0.517777388159
2.408   0.54269361498   0.517778227569
2.504   0.542693595236   0.517778724089
2.6   0.542693584861   0.517779017791
2.696   0.54269357941   0.517779191524
2.792   0.542693576546   0.517779294293
2.888   0.542693575041   0.517779355084
2.984   0.54269357425   0.517779391044
3.08   0.542693573835   0.517779412316
3.176   0.542693573616   0.517779424899
3.272   0.542693573502   0.517779432342
3.368   0.542693573441   0.517779436745
3.464   0.54269357341   0.51777943935
3.56   0.542693573393   0.517779440891
3.656   0.542693573384   0.517779441802
3.752   0.54269357338   0.517779442341
3.848   0.542693573377   0.51777944266
3.944   0.542693573376   0.517779442849
4.04   0.542693573375   0.51777944296
4.136   0.542693573375   0.517779443026
4.232   0.542693573375   0.517779443065
4.328   0.542693573375   0.517779443088
4.424   0.542693573375   0.517779443102
4.52   0.542693573375   0.51777944311
4.616   0.542693573375   0.517779443115
4.712   0.542693573375   0.517779443118
4.808   0.542693573375   0.517779443119
4.904   0.542693573375   0.51777944312
5.0   0.542693573375   0.517779443121
5.096   0.542693573375   0.517779443121
5.192   0.542693573375   0.517779443121
5.288   0.542693573375   0.517779443122
5.384   0.542693573375   0.517779443122
5.48   0.542693573375   0.517779443122
5.576   0.542693573375   0.517779443122
5.672   0.542693573375   0.517779443122
5.768   0.542693573375   0.517779443122
5.864   0.542693573375   0.517779443122
5.96   0.542693573375   0.517779443122
6.056   0.542693573375   0.517779443122
6.152   0.542693573375   0.517779443122
6.248   0.542693573375   0.517779443122
6.344   0.542693573375   0.517779443122
6.44   0.542693573375   0.517779443122
6.536   0.542693573375   0.517779443122
6.632   0.542693573375   0.517779443122
6.728   0.542693573375   0.517779443122
6.824   0.542693573375   0.517779443122
6.92   0.542693573375   0.517779443122
7.016   0.542693573375   0.517779443122
7.112   0.542693573375   0.517779443122
7.208   0.542693573375   0.517779443122
7.304   0.542693573375   0.517779443122
7.4   0.542693573375   0.517779443122
7.496   0.542693573375   0.517779443122
7.592   0.542693573375   0.517779443122
7.688   0.542693573375   0.517779443122
7.784   0.542693573375   0.517779443122
7.88   0.542693573375   0.517779443122
7.976   0.542693573375   0.517779443122
8.072   0.542693573375   0.517779443122
8.168   0.542693573375   0.517779443122
8.264   0.542693573375   0.517779443122
8.36   0.542693573375   0.517779443122
8.456   0.542693573375   0.517779443122
8.552   0.542693573375   0.517779443122
8.648   0.542693573375   0.517779443122
8.744   0.542693573375   0.517779443122
8.84   0.542693573375   0.517779443122
8.936   0.542693573375   0.517779443122
9.032   0.542693573375   0.517779443122
9.128   0.542693573375   0.517779443122
9.224   0.542693573375   0.517779443122
9.32   0.542693573375   0.517779443122
9.416   0.542693573375   0.517779443122
9.512   0.542693573375   0.517779443122
9.608   0.542693573375   0.517779443122
9.704   0.542693573375   0.517779443122
