0.2   0.561814715395   0.383954692065
0.296   0.557149832311   0.428422141397
0.392   0.553220097558   0.458344083219
0.488   0.550033140992   0.478870753275
0.584   0.547568715815   0.492811552162
0.68   0.545770245108   0.50203461705
0.776   0.54454170909   0.507947710138
0.872   0.543757270304   0.511630607417
0.968   0.543285981863   0.513873503978
1.064   0.543016280628   0.515218947392
1.16   0.542866631485   0.516019051607
1.256   0.542785574792   0.516492827546
1.352   0.542742234389   0.51677297239
1.448   0.542719235918   0.516938550856
1.544   0.542707084882   0.517036449156
1.64   0.542700680753   0.517094359116
1.736   0.542697310126   0.517128630116
1.832   0.542695537446   0.517148919101
1.928   0.542694605549   0.517160933864
2.024   0.542694115766   0.517168050225
2.12   0.542693858379   0.517172265853
2.216   0.542693723129   0.517174763371
2.312   0.542693652061   0.517176243103
2.408   0.542693614719   0.517177119854
2.504   0.542693595099   0.51717763935
2.6   0.542693584789   0.517177947169
2.696   0.542693579372   0.517178129565
2.792   0.542693576526   0.517178237642
2.888   0.54269357503   0.517178301684
2.984   0.542693574245   0.517178339631
3.08   0.542693573832   0.517178362117
3.176   0.542693573615   0.517178375441
3.272   0.542693573501   0.517178383337
3.368   0.542693573441   0.517178388015
3.464   0.542693573409   0.517178390787
3.56   0.542693573393   0.51717839243
3.656   0.542693573384   0.517178393403
3.752   0.54269357338   0.51717839398
3.848   0.542693573377   0.517178394322
3.944   0.542693573376   0.517178394524
4.04   0.542693573375   0.517178394644
4.136   0.542693573375   0.517178394715
4.232   0.542693573375   0.517178394757
4.328   0.542693573375   0.517178394782
4.424   0.542693573375   0.517178394797
4.52   0.542693573375   0.517178394806
4.616   0.542693573375   0.517178394811
4.712   0.542693573375   0.517178394814
4.808   0.542693573375   0.517178394816
4.904   0.542693573375   0.517178394817
5.0   0.542693573375   0.517178394818
5.096   0.542693573375   0.517178394818
5.192   0.542693573375   0.517178394818
5.288   0.542693573375   0.517178394819
5.384   0.542693573375   0.517178394819
5.48   0.542693573375   0.517178394819
5.576   0.542693573375   0.517178394819
5.672   0.542693573375   0.517178394819
5.768   0.542693573375   0.517178394819
5.864   0.542693573375   0.517178394819
5.96   0.542693573375   0.517178394819
6.056   0.542693573375   0.517178394819
6.152   0.542693573375   0.517178394819
6.248   0.542693573375   0.517178394819
6.344   0.542693573375   0.517178394819
6.44   0.542693573375   0.517178394819
6.536   0.542693573375   0.517178394819
6.632   0.542693573375   0.517178394819
6.728   0.542693573375   0.517178394819
6.824   0.542693573375   0.517178394819
6.92   0.542693573375   0.517178394819
7.016   0.542693573375   0.517178394819
7.112   0.542693573375   0.517178394819
7.208   0.542693573375   0.517178394819
7.304   0.542693573375   0.517178394819
7.4   0.542693573375   0.517178394819
7.496   0.542693573375   0.517178394819
7.592   0.542693573375   0.517178394819
7.688   0.542693573375   0.517178394819
7.784   0.542693573375   0.517178394819
7.88   0.542693573375   0.517178394819
7.976   0.542693573375   0.517178394819
8.072   0.542693573375   0.517178394819
8.168   0.542693573375   0.517178394819
8.264   0.542693573375   0.517178394819
8.36   0.542693573375   0.517178394819
8.456   0.542693573375   0.517178394819
8.552   0.542693573375   0.517178394819
8.648   0.542693573375   0.517178394819
8.744   0.542693573375   0.517178394819
8.84   0.542693573375   0.517178394819
8.936   0.542693573375   0.517178394819
9.032   0.542693573375   0.517178394819
9.128   0.542693573375   0.517178394819
9.224   0.542693573375   0.517178394819
9.32   0.542693573375   0.517178394819
9.416   0.542693573375   0.517178394819
9.512   0.542693573375   0.517178394819
9.608   0.542693573375   0.517178394819
9.704   0.542693573375   0.517178394819
