0.2   0.56410789774   0.421621543485
0.296   0.560331698366   0.464050264616
0.392   0.557085472736   0.491946975693
0.488   0.55434635719   0.510450433734
0.584   0.552077719247   0.522444377091
0.68   0.550233718146   0.53000563262
0.776   0.548763400348   0.53471701319
0.872   0.547614841493   0.537670518655
0.968   0.546738340902   0.539546728254
1.064   0.546088393024   0.540750168137
1.16   0.545624280839   0.541520957395
1.256   0.54530822513   0.542006906091
1.352   0.54510534126   0.542303816335
1.448   0.544982841946   0.542478284386
1.544   0.544913396852   0.542576993517
1.64   0.544874585392   0.542631214637
1.736   0.544853858117   0.542660473622
1.832   0.544842962064   0.542676084516
1.928   0.544837282841   0.54268435676
2.024   0.544834336377   0.54268872309
2.12   0.544832811473   0.542691022809
2.216   0.544832023308   0.542692232665
2.312   0.544831616216   0.542692868772
2.408   0.544831406025   0.542693203114
2.504   0.54483129752   0.542693378817
2.6   0.544831241513   0.542693471145
2.696   0.544831212605   0.542693519659
2.792   0.544831197685   0.542693545151
2.888   0.544831189984   0.542693558545
2.984   0.54483118601   0.542693565583
3.08   0.544831183958   0.542693569281
3.176   0.544831182899   0.542693571223
3.272   0.544831182353   0.542693572244
3.368   0.544831182071   0.542693572781
3.464   0.544831181925   0.542693573063
3.56   0.54483118185   0.542693573211
3.656   0.544831181812   0.542693573289
3.752   0.544831181792   0.542693573329
3.848   0.544831181781   0.542693573351
3.944   0.544831181776   0.542693573362
4.04   0.544831181773   0.542693573368
4.136   0.544831181772   0.542693573371
4.232   0.544831181771   0.542693573373
4.328   0.544831181771   0.542693573374
4.424   0.54483118177   0.542693573374
4.52   0.54483118177   0.542693573374
4.616   0.54483118177   0.542693573375
4.712   0.54483118177   0.542693573375
4.808   0.54483118177   0.542693573375
4.904   0.54483118177   0.542693573375
5.0   0.54483118177   0.542693573375
5.096   0.54483118177   0.542693573375
5.192   0.54483118177   0.542693573375
5.288   0.54483118177   0.542693573375
5.384   0.54483118177   0.542693573375
5.48   0.54483118177   0.542693573375
5.576   0.54483118177   0.542693573375
5.672   0.54483118177   0.542693573375
5.768   0.54483118177   0.542693573375
5.864   0.54483118177   0.542693573375
5.96   0.54483118177   0.542693573375
6.056   0.54483118177   0.542693573375
6.152   0.54483118177   0.542693573375
6.248   0.54483118177   0.542693573375
6.344   0.54483118177   0.542693573375
6.44   0.54483118177   0.542693573375
6.536   0.54483118177   0.542693573375
6.632   0.54483118177   0.542693573375
6.728   0.54483118177   0.542693573375
6.824   0.54483118177   0.542693573375
6.92   0.54483118177   0.542693573375
7.016   0.54483118177   0.542693573375
7.112   0.54483118177   0.542693573375
7.208   0.54483118177   0.542693573375
7.304   0.54483118177   0.542693573375
7.4   0.54483118177   0.542693573375
7.496   0.54483118177   0.542693573375
7.592   0.54483118177   0.542693573375
7.688   0.54483118177   0.542693573375
7.784   0.54483118177   0.542693573375
7.88   0.54483118177   0.542693573375
7.976   0.54483118177   0.542693573375
8.072   0.54483118177   0.542693573375
8.168   0.54483118177   0.542693573375
8.264   0.54483118177   0.542693573375
8.36   0.54483118177   0.542693573375
8.456   0.54483118177   0.542693573375
8.552   0.54483118177   0.542693573375
8.648   0.54483118177   0.542693573375
8.744   0.54483118177   0.542693573375
8.84   0.54483118177   0.542693573375
8.936   0.54483118177   0.542693573375
9.032   0.54483118177   0.542693573375
9.128   0.54483118177   0.542693573375
9.224   0.54483118177   0.542693573375
9.32   0.54483118177   0.542693573375
9.416   0.54483118177   0.542693573375
9.512   0.54483118177   0.542693573375
9.608   0.54483118177   0.542693573375
9.704   0.54483118177   0.542693573375
