0.2   0.56226920288   0.387961570925
0.296   0.557742263305   0.43397655147
0.392   0.553883503465   0.464608307368
0.488   0.55069759048   0.485458690698
0.584   0.548169213956   0.499524064766
0.68   0.546259589992   0.508774768745
0.776   0.544901038573   0.51467839364
0.872   0.543996847199   0.518340678497
0.968   0.543433306226   0.520558522248
1.064   0.543101409446   0.521877031389
1.16   0.542914233865   0.522651151133
1.256   0.542811414452   0.523102327952
1.352   0.542756062989   0.523364418147
1.448   0.542726576531   0.523516395565
1.544   0.542710963671   0.523604492505
1.64   0.542702725099   0.523655568245
1.736   0.542698386105   0.523685186992
1.832   0.542696103319   0.523702367209
1.928   0.542694903025   0.523712334636
2.024   0.542694272111   0.523718118366
2.12   0.54269394054   0.523721474845
2.216   0.542693766302   0.523723422872
2.312   0.542693674747   0.523724553527
2.408   0.542693626639   0.523725209795
2.504   0.542693601362   0.523725590722
2.6   0.54269358808   0.523725811833
2.696   0.542693581101   0.523725940179
2.792   0.542693577434   0.523726014679
2.888   0.542693575508   0.523726057923
2.984   0.542693574495   0.523726083026
3.08   0.542693573964   0.523726097596
3.176   0.542693573684   0.523726106054
3.272   0.542693573537   0.523726110964
3.368   0.54269357346   0.523726113814
3.464   0.54269357342   0.523726115468
3.56   0.542693573398   0.523726116428
3.656   0.542693573387   0.523726116986
3.752   0.542693573381   0.523726117309
3.848   0.542693573378   0.523726117497
3.944   0.542693573376   0.523726117606
4.04   0.542693573376   0.52372611767
4.136   0.542693573375   0.523726117706
4.232   0.542693573375   0.523726117728
4.328   0.542693573375   0.52372611774
4.424   0.542693573375   0.523726117747
4.52   0.542693573375   0.523726117751
4.616   0.542693573375   0.523726117754
4.712   0.542693573375   0.523726117755
4.808   0.542693573375   0.523726117756
4.904   0.542693573375   0.523726117756
5.0   0.542693573375   0.523726117757
5.096   0.542693573375   0.523726117757
5.192   0.542693573375   0.523726117757
5.288   0.542693573375   0.523726117757
5.384   0.542693573375   0.523726117757
5.48   0.542693573375   0.523726117757
5.576   0.542693573375   0.523726117757
5.672   0.542693573375   0.523726117757
5.768   0.542693573375   0.523726117757
5.864   0.542693573375   0.523726117757
5.96   0.542693573375   0.523726117757
6.056   0.542693573375   0.523726117757
6.152   0.542693573375   0.523726117757
6.248   0.542693573375   0.523726117757
6.344   0.542693573375   0.523726117757
6.44   0.542693573375   0.523726117757
6.536   0.542693573375   0.523726117757
6.632   0.542693573375   0.523726117757
6.728   0.542693573375   0.523726117757
6.824   0.542693573375   0.523726117757
6.92   0.542693573375   0.523726117757
7.016   0.542693573375   0.523726117757
7.112   0.542693573375   0.523726117757
7.208   0.542693573375   0.523726117757
7.304   0.542693573375   0.523726117757
7.4   0.542693573375   0.523726117757
7.496   0.542693573375   0.523726117757
7.592   0.542693573375   0.523726117757
7.688   0.542693573375   0.523726117757
7.784   0.542693573375   0.523726117757
7.88   0.542693573375   0.523726117757
7.976   0.542693573375   0.523726117757
8.072   0.542693573375   0.523726117757
8.168   0.542693573375   0.523726117757
8.264   0.542693573375   0.523726117757
8.36   0.542693573375   0.523726117757
8.456   0.542693573375   0.523726117757
8.552   0.542693573375   0.523726117757
8.648   0.542693573375   0.523726117757
8.744   0.542693573375   0.523726117757
8.84   0.542693573375   0.523726117757
8.936   0.542693573375   0.523726117757
9.032   0.542693573375   0.523726117757
9.128   0.542693573375   0.523726117757
9.224   0.542693573375   0.523726117757
9.32   0.542693573375   0.523726117757
9.416   0.542693573375   0.523726117757
9.512   0.542693573375   0.523726117757
9.608   0.542693573375   0.523726117757
9.704   0.542693573375   0.523726117757
