0.2   0.563008165874   0.414061563299
0.296   0.558770312531   0.454389496712
0.392   0.555123179658   0.481659733622
0.488   0.552050855516   0.500307531433
0.584   0.549523767044   0.512859657196
0.68   0.547502756835   0.52109517107
0.776   0.545941569541   0.526380877244
0.872   0.544787444227   0.529719375608
0.968   0.543979548936   0.531794576087
1.064   0.543448022711   0.533057747273
1.16   0.543119696395   0.53380775752
1.256   0.542928104163   0.534242249502
1.352   0.542819960966   0.534489793117
1.448   0.542760940977   0.534628763058
1.544   0.542729254161   0.53470625084
1.64   0.542712403627   0.534749290924
1.736   0.542703491089   0.534773147736
1.832   0.542698791227   0.534786357289
1.928   0.542696316925   0.534793667581
2.024   0.542695015468   0.534797712151
2.12   0.54269433125   0.534799949638
2.216   0.542693971629   0.534801187373
2.312   0.542693782642   0.534801872051
2.408   0.542693683334   0.534802250792
2.504   0.542693631151   0.534802460299
2.6   0.542693603733   0.534802576192
2.696   0.542693589326   0.5348026403
2.792   0.542693581756   0.534802675762
2.888   0.542693577778   0.534802695379
2.984   0.542693575689   0.534802706231
3.08   0.54269357459   0.534802712233
3.176   0.542693574013   0.534802715554
3.272   0.54269357371   0.534802717391
3.368   0.542693573551   0.534802718407
3.464   0.542693573467   0.534802718969
3.56   0.542693573423   0.53480271928
3.656   0.5426935734   0.534802719452
3.752   0.542693573388   0.534802719547
3.848   0.542693573382   0.534802719599
3.944   0.542693573378   0.534802719629
4.04   0.542693573377   0.534802719645
4.136   0.542693573376   0.534802719654
4.232   0.542693573375   0.534802719658
4.328   0.542693573375   0.534802719661
4.424   0.542693573375   0.534802719663
4.52   0.542693573375   0.534802719664
4.616   0.542693573375   0.534802719664
4.712   0.542693573375   0.534802719664
4.808   0.542693573375   0.534802719664
4.904   0.542693573375   0.534802719664
5.0   0.542693573375   0.534802719665
5.096   0.542693573375   0.534802719665
5.192   0.542693573375   0.534802719665
5.288   0.542693573375   0.534802719665
5.384   0.542693573375   0.534802719665
5.48   0.542693573375   0.534802719665
5.576   0.542693573375   0.534802719665
5.672   0.542693573375   0.534802719665
5.768   0.542693573375   0.534802719665
5.864   0.542693573375   0.534802719665
5.96   0.542693573375   0.534802719665
6.056   0.542693573375   0.534802719665
6.152   0.542693573375   0.534802719665
6.248   0.542693573375   0.534802719665
6.344   0.542693573375   0.534802719665
6.44   0.542693573375   0.534802719665
6.536   0.542693573375   0.534802719665
6.632   0.542693573375   0.534802719665
6.728   0.542693573375   0.534802719665
6.824   0.542693573375   0.534802719665
6.92   0.542693573375   0.534802719665
7.016   0.542693573375   0.534802719665
7.112   0.542693573375   0.534802719665
7.208   0.542693573375   0.534802719665
7.304   0.542693573375   0.534802719665
7.4   0.542693573375   0.534802719665
7.496   0.542693573375   0.534802719665
7.592   0.542693573375   0.534802719665
7.688   0.542693573375   0.534802719665
7.784   0.542693573375   0.534802719665
7.88   0.542693573375   0.534802719665
7.976   0.542693573375   0.534802719665
8.072   0.542693573375   0.534802719665
8.168   0.542693573375   0.534802719665
8.264   0.542693573375   0.534802719665
8.36   0.542693573375   0.534802719665
8.456   0.542693573375   0.534802719665
8.552   0.542693573375   0.534802719665
8.648   0.542693573375   0.534802719665
8.744   0.542693573375   0.534802719665
8.84   0.542693573375   0.534802719665
8.936   0.542693573375   0.534802719665
9.032   0.542693573375   0.534802719665
9.128   0.542693573375   0.534802719665
9.224   0.542693573375   0.534802719665
9.32   0.542693573375   0.534802719665
9.416   0.542693573375   0.534802719665
9.512   0.542693573375   0.534802719665
9.608   0.542693573375   0.534802719665
9.704   0.542693573375   0.534802719665
