0.2   0.564765366086   0.427476099934
0.296   0.561307652102   0.470123556739
0.392   0.55838155704   0.497729330794
0.488   0.555970194749   0.515625973801
0.584   0.554044980386   0.52683055928
0.68   0.552568356276   0.533572718013
0.776   0.551493507018   0.537531828913
0.872   0.550761685779   0.539823089682
0.968   0.550300342611   0.54112639705
1.064   0.550031248421   0.541851373134
1.16   0.549884480661   0.542245667495
1.256   0.549807336412   0.542457046219
1.352   0.549768207593   0.542569019232
1.448   0.549748668027   0.542628073071
1.544   0.549738992591   0.542659148952
1.64   0.549734222874   0.54267548546
1.736   0.549731876966   0.542684069968
1.832   0.549730724537   0.542688580316
1.928   0.54973015875   0.542690950007
2.024   0.549729881062   0.542692195029
2.12   0.549729744793   0.542692849168
2.216   0.549729677928   0.542693192861
2.312   0.54972964512   0.542693373443
2.408   0.549729629023   0.542693468325
2.504   0.549729621124   0.542693518179
2.6   0.549729617249   0.542693544373
2.696   0.549729615348   0.542693558136
2.792   0.549729614415   0.542693565368
2.888   0.549729613957   0.542693569168
2.984   0.549729613732   0.542693571164
3.08   0.549729613622   0.542693572213
3.176   0.549729613568   0.542693572764
3.272   0.549729613542   0.542693573054
3.368   0.549729613529   0.542693573206
3.464   0.549729613522   0.542693573286
3.56   0.549729613519   0.542693573328
3.656   0.549729613518   0.54269357335
3.752   0.549729613517   0.542693573362
3.848   0.549729613517   0.542693573368
3.944   0.549729613516   0.542693573371
4.04   0.549729613516   0.542693573373
4.136   0.549729613516   0.542693573374
4.232   0.549729613516   0.542693573374
4.328   0.549729613516   0.542693573374
4.424   0.549729613516   0.542693573375
4.52   0.549729613516   0.542693573375
4.616   0.549729613516   0.542693573375
4.712   0.549729613516   0.542693573375
4.808   0.549729613516   0.542693573375
4.904   0.549729613516   0.542693573375
5.0   0.549729613516   0.542693573375
5.096   0.549729613516   0.542693573375
5.192   0.549729613516   0.542693573375
5.288   0.549729613516   0.542693573375
5.384   0.549729613516   0.542693573375
5.48   0.549729613516   0.542693573375
5.576   0.549729613516   0.542693573375
5.672   0.549729613516   0.542693573375
5.768   0.549729613516   0.542693573375
5.864   0.549729613516   0.542693573375
5.96   0.549729613516   0.542693573375
6.056   0.549729613516   0.542693573375
6.152   0.549729613516   0.542693573375
6.248   0.549729613516   0.542693573375
6.344   0.549729613516   0.542693573375
6.44   0.549729613516   0.542693573375
6.536   0.549729613516   0.542693573375
6.632   0.549729613516   0.542693573375
6.728   0.549729613516   0.542693573375
6.824   0.549729613516   0.542693573375
6.92   0.549729613516   0.542693573375
7.016   0.549729613516   0.542693573375
7.112   0.549729613516   0.542693573375
7.208   0.549729613516   0.542693573375
7.304   0.549729613516   0.542693573375
7.4   0.549729613516   0.542693573375
7.496   0.549729613516   0.542693573375
7.592   0.549729613516   0.542693573375
7.688   0.549729613516   0.542693573375
7.784   0.549729613516   0.542693573375
7.88   0.549729613516   0.542693573375
7.976   0.549729613516   0.542693573375
8.072   0.549729613516   0.542693573375
8.168   0.549729613516   0.542693573375
8.264   0.549729613516   0.542693573375
8.36   0.549729613516   0.542693573375
8.456   0.549729613516   0.542693573375
8.552   0.549729613516   0.542693573375
8.648   0.549729613516   0.542693573375
8.744   0.549729613516   0.542693573375
8.84   0.549729613516   0.542693573375
8.936   0.549729613516   0.542693573375
9.032   0.549729613516   0.542693573375
9.128   0.549729613516   0.542693573375
9.224   0.549729613516   0.542693573375
9.32   0.549729613516   0.542693573375
9.416   0.549729613516   0.542693573375
9.512   0.549729613516   0.542693573375
9.608   0.549729613516   0.542693573375
9.704   0.549729613516   0.542693573375
