0.2   0.562817883135   0.397854720554
0.296   0.558485401828   0.443428849948
0.392   0.554755809241   0.473628458649
0.488   0.551623219134   0.494066788731
0.584   0.549067168772   0.507756644974
0.68   0.547054712978   0.516705867264
0.776   0.545539879232   0.522411121407
0.872   0.544461185623   0.525969551149
0.968   0.543740513922   0.528142240223
1.064   0.54328926129   0.529439882364
1.16   0.54302248534   0.530199208754
1.256   0.542871729333   0.530636375583
1.352   0.542788738962   0.530885654635
1.448   0.542744041735   0.531026785801
1.544   0.542720227511   0.531106454722
1.64   0.542707617842   0.531151362966
1.736   0.542700964154   0.531176660593
1.832   0.542697459978   0.531190907565
1.928   0.542695616446   0.531198930501
2.024   0.542694647132   0.531203448481
2.12   0.542694137635   0.531205992768
2.216   0.542693869876   0.531207425616
2.312   0.542693729171   0.531208232561
2.408   0.542693655237   0.531208687021
2.504   0.542693616388   0.53120894297
2.6   0.542693595975   0.53120908712
2.696   0.54269358525   0.531209168306
2.792   0.542693579614   0.53120921403
2.888   0.542693576653   0.531209239782
2.984   0.542693575097   0.531209254285
3.08   0.54269357428   0.531209262454
3.176   0.54269357385   0.531209267054
3.272   0.542693573625   0.531209269645
3.368   0.542693573506   0.531209271105
3.464   0.542693573444   0.531209271927
3.56   0.542693573411   0.531209272389
3.656   0.542693573394   0.53120927265
3.752   0.542693573385   0.531209272797
3.848   0.54269357338   0.53120927288
3.944   0.542693573377   0.531209272926
4.04   0.542693573376   0.531209272952
4.136   0.542693573375   0.531209272967
4.232   0.542693573375   0.531209272976
4.328   0.542693573375   0.53120927298
4.424   0.542693573375   0.531209272983
4.52   0.542693573375   0.531209272984
4.616   0.542693573375   0.531209272985
4.712   0.542693573375   0.531209272986
4.808   0.542693573375   0.531209272986
4.904   0.542693573375   0.531209272986
5.0   0.542693573375   0.531209272986
5.096   0.542693573375   0.531209272986
5.192   0.542693573375   0.531209272986
5.288   0.542693573375   0.531209272986
5.384   0.542693573375   0.531209272986
5.48   0.542693573375   0.531209272986
5.576   0.542693573375   0.531209272986
5.672   0.542693573375   0.531209272986
5.768   0.542693573375   0.531209272986
5.864   0.542693573375   0.531209272986
5.96   0.542693573375   0.531209272986
6.056   0.542693573375   0.531209272986
6.152   0.542693573375   0.531209272986
6.248   0.542693573375   0.531209272986
6.344   0.542693573375   0.531209272986
6.44   0.542693573375   0.531209272986
6.536   0.542693573375   0.531209272986
6.632   0.542693573375   0.531209272986
6.728   0.542693573375   0.531209272986
6.824   0.542693573375   0.531209272986
6.92   0.542693573375   0.531209272986
7.016   0.542693573375   0.531209272986
7.112   0.542693573375   0.531209272986
7.208   0.542693573375   0.531209272986
7.304   0.542693573375   0.531209272986
7.4   0.542693573375   0.531209272986
7.496   0.542693573375   0.531209272986
7.592   0.542693573375   0.531209272986
7.688   0.542693573375   0.531209272986
7.784   0.542693573375   0.531209272986
7.88   0.542693573375   0.531209272986
7.976   0.542693573375   0.531209272986
8.072   0.542693573375   0.531209272986
8.168   0.542693573375   0.531209272986
8.264   0.542693573375   0.531209272986
8.36   0.542693573375   0.531209272986
8.456   0.542693573375   0.531209272986
8.552   0.542693573375   0.531209272986
8.648   0.542693573375   0.531209272986
8.744   0.542693573375   0.531209272986
8.84   0.542693573375   0.531209272986
8.936   0.542693573375   0.531209272986
9.032   0.542693573375   0.531209272986
9.128   0.542693573375   0.531209272986
9.224   0.542693573375   0.531209272986
9.32   0.542693573375   0.531209272986
9.416   0.542693573375   0.531209272986
9.512   0.542693573375   0.531209272986
9.608   0.542693573375   0.531209272986
9.704   0.542693573375   0.531209272986
