0.2   0.567063000676   0.450359084332
0.296   0.564900714988   0.489837632032
0.392   0.563392700881   0.513932981423
0.488   0.562468597066   0.527895520545
0.584   0.561979833654   0.535299975753
0.68   0.561753135934   0.539001965203
0.776   0.561657327669   0.540829073722
0.872   0.561618654181   0.54174005979
0.968   0.56160351204   0.542201320804
1.064   0.561597646774   0.542437742889
1.16   0.561595385594   0.542560041918
1.256   0.561594515625   0.542623689484
1.352   0.561594181196   0.54265693992
1.448   0.561594052683   0.542674351231
1.544   0.561594003306   0.542683481415
1.64   0.561593984335   0.542688273142
1.736   0.561593977047   0.542690789186
1.832   0.561593974247   0.54269211069
1.928   0.561593973171   0.542692804899
2.024   0.561593972758   0.542693169613
2.12   0.561593972599   0.542693361231
2.216   0.561593972538   0.54269346191
2.312   0.561593972514   0.542693514808
2.408   0.561593972505   0.542693542602
2.504   0.561593972502   0.542693557206
2.6   0.561593972501   0.542693564879
2.696   0.5615939725   0.542693568911
2.792   0.5615939725   0.542693571029
2.888   0.5615939725   0.542693572142
2.984   0.5615939725   0.542693572727
3.08   0.5615939725   0.542693573034
3.176   0.5615939725   0.542693573196
3.272   0.5615939725   0.542693573281
3.368   0.5615939725   0.542693573325
3.464   0.5615939725   0.542693573349
3.56   0.5615939725   0.542693573361
3.656   0.5615939725   0.542693573367
3.752   0.5615939725   0.542693573371
3.848   0.5615939725   0.542693573373
3.944   0.5615939725   0.542693573374
4.04   0.5615939725   0.542693573374
4.136   0.5615939725   0.542693573374
4.232   0.5615939725   0.542693573375
4.328   0.5615939725   0.542693573375
4.424   0.5615939725   0.542693573375
4.52   0.5615939725   0.542693573375
4.616   0.5615939725   0.542693573375
4.712   0.5615939725   0.542693573375
4.808   0.5615939725   0.542693573375
4.904   0.5615939725   0.542693573375
5.0   0.5615939725   0.542693573375
5.096   0.5615939725   0.542693573375
5.192   0.5615939725   0.542693573375
5.288   0.5615939725   0.542693573375
5.384   0.5615939725   0.542693573375
5.48   0.5615939725   0.542693573375
5.576   0.5615939725   0.542693573375
5.672   0.5615939725   0.542693573375
5.768   0.5615939725   0.542693573375
5.864   0.5615939725   0.542693573375
5.96   0.5615939725   0.542693573375
6.056   0.5615939725   0.542693573375
6.152   0.5615939725   0.542693573375
6.248   0.5615939725   0.542693573375
6.344   0.5615939725   0.542693573375
6.44   0.5615939725   0.542693573375
6.536   0.5615939725   0.542693573375
6.632   0.5615939725   0.542693573375
6.728   0.5615939725   0.542693573375
6.824   0.5615939725   0.542693573375
6.92   0.5615939725   0.542693573375
7.016   0.5615939725   0.542693573375
7.112   0.5615939725   0.542693573375
7.208   0.5615939725   0.542693573375
7.304   0.5615939725   0.542693573375
7.4   0.5615939725   0.542693573375
7.496   0.5615939725   0.542693573375
7.592   0.5615939725   0.542693573375
7.688   0.5615939725   0.542693573375
7.784   0.5615939725   0.542693573375
7.88   0.5615939725   0.542693573375
7.976   0.5615939725   0.542693573375
8.072   0.5615939725   0.542693573375
8.168   0.5615939725   0.542693573375
8.264   0.5615939725   0.542693573375
8.36   0.5615939725   0.542693573375
8.456   0.5615939725   0.542693573375
8.552   0.5615939725   0.542693573375
8.648   0.5615939725   0.542693573375
8.744   0.5615939725   0.542693573375
8.84   0.5615939725   0.542693573375
8.936   0.5615939725   0.542693573375
9.032   0.5615939725   0.542693573375
9.128   0.5615939725   0.542693573375
9.224   0.5615939725   0.542693573375
9.32   0.5615939725   0.542693573375
9.416   0.5615939725   0.542693573375
9.512   0.5615939725   0.542693573375
9.608   0.5615939725   0.542693573375
9.704   0.5615939725   0.542693573375
