0.2   0.562501074996   0.391752842749
0.296   0.558052644359   0.43779372183
0.392   0.55424262832   0.468361434348
0.488   0.551071673506   0.489112949757
0.584   0.548523568566   0.503070514904
0.68   0.546564178889   0.512226924212
0.776   0.545137452803   0.518064491133
0.872   0.544162652361   0.521688120594
0.968   0.543539479924   0.523884103566
1.064   0.543164709059   0.525188003648
1.16   0.542950222555   0.525950310488
1.256   0.542831156747   0.526391476483
1.352   0.542766692552   0.526645467234
1.448   0.542732238149   0.526791261235
1.544   0.542713960865   0.526874774771
1.64   0.542704306403   0.526922659643
1.736   0.542699218835   0.526950102278
1.832   0.542696541394   0.526965831382
1.928   0.542695133356   0.52697484794
2.024   0.542694393177   0.526980017204
2.12   0.542694004164   0.526982981052
2.216   0.542693799736   0.526984680515
2.312   0.542693692315   0.526985655027
2.408   0.54269363587   0.526986213852
2.504   0.542693606212   0.526986534311
2.6   0.542693590628   0.526986718082
2.696   0.54269358244   0.526986823468
2.792   0.542693578138   0.526986883904
2.888   0.542693575877   0.526986918562
2.984   0.54269357469   0.526986938437
3.08   0.542693574066   0.526986949835
3.176   0.542693573738   0.526986956371
3.272   0.542693573565   0.52698696012
3.368   0.542693573475   0.526986962269
3.464   0.542693573427   0.526986963502
3.56   0.542693573402   0.526986964209
3.656   0.542693573389   0.526986964614
3.752   0.542693573382   0.526986964847
3.848   0.542693573379   0.52698696498
3.944   0.542693573377   0.526986965057
4.04   0.542693573376   0.5269869651
4.136   0.542693573375   0.526986965126
4.232   0.542693573375   0.52698696514
4.328   0.542693573375   0.526986965148
4.424   0.542693573375   0.526986965153
4.52   0.542693573375   0.526986965156
4.616   0.542693573375   0.526986965157
4.712   0.542693573375   0.526986965158
4.808   0.542693573375   0.526986965159
4.904   0.542693573375   0.526986965159
5.0   0.542693573375   0.526986965159
5.096   0.542693573375   0.526986965159
5.192   0.542693573375   0.526986965159
5.288   0.542693573375   0.526986965159
5.384   0.542693573375   0.526986965159
5.48   0.542693573375   0.526986965159
5.576   0.542693573375   0.526986965159
5.672   0.542693573375   0.526986965159
5.768   0.542693573375   0.526986965159
5.864   0.542693573375   0.526986965159
5.96   0.542693573375   0.526986965159
6.056   0.542693573375   0.526986965159
6.152   0.542693573375   0.526986965159
6.248   0.542693573375   0.526986965159
6.344   0.542693573375   0.526986965159
6.44   0.542693573375   0.526986965159
6.536   0.542693573375   0.526986965159
6.632   0.542693573375   0.526986965159
6.728   0.542693573375   0.526986965159
6.824   0.542693573375   0.526986965159
6.92   0.542693573375   0.526986965159
7.016   0.542693573375   0.526986965159
7.112   0.542693573375   0.526986965159
7.208   0.542693573375   0.526986965159
7.304   0.542693573375   0.526986965159
7.4   0.542693573375   0.526986965159
7.496   0.542693573375   0.526986965159
7.592   0.542693573375   0.526986965159
7.688   0.542693573375   0.526986965159
7.784   0.542693573375   0.526986965159
7.88   0.542693573375   0.526986965159
7.976   0.542693573375   0.526986965159
8.072   0.542693573375   0.526986965159
8.168   0.542693573375   0.526986965159
8.264   0.542693573375   0.526986965159
8.36   0.542693573375   0.526986965159
8.456   0.542693573375   0.526986965159
8.552   0.542693573375   0.526986965159
8.648   0.542693573375   0.526986965159
8.744   0.542693573375   0.526986965159
8.84   0.542693573375   0.526986965159
8.936   0.542693573375   0.526986965159
9.032   0.542693573375   0.526986965159
9.128   0.542693573375   0.526986965159
9.224   0.542693573375   0.526986965159
9.32   0.542693573375   0.526986965159
9.416   0.542693573375   0.526986965159
9.512   0.542693573375   0.526986965159
9.608   0.542693573375   0.526986965159
9.704   0.542693573375   0.526986965159
