0.2   0.563681299396   0.413644711643
0.296   0.559705931192   0.457440347115
0.392   0.556270973413   0.48629818092
0.488   0.553355712275   0.505593719167
0.584   0.550924931546   0.518282330376
0.68   0.548933392623   0.52642837895
0.776   0.54732991223   0.531596510613
0.872   0.546061565215   0.534889680826
0.968   0.545077072309   0.537015716761
1.064   0.544329217072   0.538405963618
1.16   0.543776081643   0.539320537695
1.256   0.543381121481   0.539918887739
1.352   0.543111288226   0.540302968153
1.448   0.542936805352   0.540541333641
1.544   0.542830234001   0.540684022248
1.64   0.542769014581   0.540765875125
1.736   0.542734121202   0.540811590299
1.832   0.542715143856   0.540836659293
1.928   0.54270498364   0.540850243158
2.024   0.542699590407   0.540857549453
2.12   0.542696741033   0.54086146223
2.216   0.542695239478   0.540863552546
2.312   0.542694449277   0.540864667759
2.408   0.542694033735   0.540865262315
2.504   0.542693815299   0.540865579171
2.6   0.5426937005   0.540865747999
2.696   0.542693640173   0.540865837944
2.792   0.542693608473   0.540865885861
2.888   0.542693591817   0.540865911387
2.984   0.542693583065   0.540865924986
3.08   0.542693578466   0.540865932229
3.176   0.54269357605   0.540865936088
3.272   0.54269357478   0.540865938144
3.368   0.542693574113   0.540865939239
3.464   0.542693573763   0.540865939822
3.56   0.542693573579   0.540865940133
3.656   0.542693573482   0.540865940298
3.752   0.542693573431   0.540865940387
3.848   0.542693573404   0.540865940434
3.944   0.54269357339   0.540865940459
4.04   0.542693573383   0.540865940472
4.136   0.542693573379   0.540865940479
4.232   0.542693573377   0.540865940483
4.328   0.542693573376   0.540865940485
4.424   0.542693573375   0.540865940486
4.52   0.542693573375   0.540865940486
4.616   0.542693573375   0.540865940487
4.712   0.542693573375   0.540865940487
4.808   0.542693573375   0.540865940487
4.904   0.542693573375   0.540865940487
5.0   0.542693573375   0.540865940487
5.096   0.542693573375   0.540865940487
5.192   0.542693573375   0.540865940487
5.288   0.542693573375   0.540865940487
5.384   0.542693573375   0.540865940487
5.48   0.542693573375   0.540865940487
5.576   0.542693573375   0.540865940487
5.672   0.542693573375   0.540865940487
5.768   0.542693573375   0.540865940487
5.864   0.542693573375   0.540865940487
5.96   0.542693573375   0.540865940487
6.056   0.542693573375   0.540865940487
6.152   0.542693573375   0.540865940487
6.248   0.542693573375   0.540865940487
6.344   0.542693573375   0.540865940487
6.44   0.542693573375   0.540865940487
6.536   0.542693573375   0.540865940487
6.632   0.542693573375   0.540865940487
6.728   0.542693573375   0.540865940487
6.824   0.542693573375   0.540865940487
6.92   0.542693573375   0.540865940487
7.016   0.542693573375   0.540865940487
7.112   0.542693573375   0.540865940487
7.208   0.542693573375   0.540865940487
7.304   0.542693573375   0.540865940487
7.4   0.542693573375   0.540865940487
7.496   0.542693573375   0.540865940487
7.592   0.542693573375   0.540865940487
7.688   0.542693573375   0.540865940487
7.784   0.542693573375   0.540865940487
7.88   0.542693573375   0.540865940487
7.976   0.542693573375   0.540865940487
8.072   0.542693573375   0.540865940487
8.168   0.542693573375   0.540865940487
8.264   0.542693573375   0.540865940487
8.36   0.542693573375   0.540865940487
8.456   0.542693573375   0.540865940487
8.552   0.542693573375   0.540865940487
8.648   0.542693573375   0.540865940487
8.744   0.542693573375   0.540865940487
8.84   0.542693573375   0.540865940487
8.936   0.542693573375   0.540865940487
9.032   0.542693573375   0.540865940487
9.128   0.542693573375   0.540865940487
9.224   0.542693573375   0.540865940487
9.32   0.542693573375   0.540865940487
9.416   0.542693573375   0.540865940487
9.512   0.542693573375   0.540865940487
9.608   0.542693573375   0.540865940487
9.704   0.542693573375   0.540865940487
