0.2   0.568083073519   0.458712619515
0.296   0.566525390338   0.496467413203
0.392   0.565620904893   0.518732227453
0.488   0.565188321444   0.53089287897
0.584   0.565014330619   0.536948772734
0.68   0.564950681075   0.53985539835
0.776   0.564928994372   0.541264132974
0.872   0.564921755698   0.541962558035
0.968   0.564919359517   0.542315838052
1.064   0.564918568858   0.542497087804
1.16   0.56491830828   0.542590949038
1.256   0.564918222438   0.542639840152
1.352   0.564918194164   0.542665397754
1.448   0.564918184851   0.542678786411
1.544   0.564918181784   0.542685809069
1.64   0.564918180774   0.542689495329
1.736   0.564918180442   0.542691431108
1.832   0.564918180332   0.5426924479
1.928   0.564918180296   0.542692982056
2.024   0.564918180284   0.54269326269
2.12   0.56491818028   0.542693410135
2.216   0.564918180279   0.542693487605
2.312   0.564918180278   0.542693528309
2.408   0.564918180278   0.542693549696
2.504   0.564918180278   0.542693560933
2.6   0.564918180278   0.542693566837
2.696   0.564918180278   0.54269356994
2.792   0.564918180278   0.54269357157
2.888   0.564918180278   0.542693572426
2.984   0.564918180278   0.542693572876
3.08   0.564918180278   0.542693573113
3.176   0.564918180278   0.542693573237
3.272   0.564918180278   0.542693573302
3.368   0.564918180278   0.542693573337
3.464   0.564918180278   0.542693573355
3.56   0.564918180278   0.542693573364
3.656   0.564918180278   0.542693573369
3.752   0.564918180278   0.542693573372
3.848   0.564918180278   0.542693573373
3.944   0.564918180278   0.542693573374
4.04   0.564918180278   0.542693573374
4.136   0.564918180278   0.542693573374
4.232   0.564918180278   0.542693573375
4.328   0.564918180278   0.542693573375
4.424   0.564918180278   0.542693573375
4.52   0.564918180278   0.542693573375
4.616   0.564918180278   0.542693573375
4.712   0.564918180278   0.542693573375
4.808   0.564918180278   0.542693573375
4.904   0.564918180278   0.542693573375
5.0   0.564918180278   0.542693573375
5.096   0.564918180278   0.542693573375
5.192   0.564918180278   0.542693573375
5.288   0.564918180278   0.542693573375
5.384   0.564918180278   0.542693573375
5.48   0.564918180278   0.542693573375
5.576   0.564918180278   0.542693573375
5.672   0.564918180278   0.542693573375
5.768   0.564918180278   0.542693573375
5.864   0.564918180278   0.542693573375
5.96   0.564918180278   0.542693573375
6.056   0.564918180278   0.542693573375
6.152   0.564918180278   0.542693573375
6.248   0.564918180278   0.542693573375
6.344   0.564918180278   0.542693573375
6.44   0.564918180278   0.542693573375
6.536   0.564918180278   0.542693573375
6.632   0.564918180278   0.542693573375
6.728   0.564918180278   0.542693573375
6.824   0.564918180278   0.542693573375
6.92   0.564918180278   0.542693573375
7.016   0.564918180278   0.542693573375
7.112   0.564918180278   0.542693573375
7.208   0.564918180278   0.542693573375
7.304   0.564918180278   0.542693573375
7.4   0.564918180278   0.542693573375
7.496   0.564918180278   0.542693573375
7.592   0.564918180278   0.542693573375
7.688   0.564918180278   0.542693573375
7.784   0.564918180278   0.542693573375
7.88   0.564918180278   0.542693573375
7.976   0.564918180278   0.542693573375
8.072   0.564918180278   0.542693573375
8.168   0.564918180278   0.542693573375
8.264   0.564918180278   0.542693573375
8.36   0.564918180278   0.542693573375
8.456   0.564918180278   0.542693573375
8.552   0.564918180278   0.542693573375
8.648   0.564918180278   0.542693573375
8.744   0.564918180278   0.542693573375
8.84   0.564918180278   0.542693573375
8.936   0.564918180278   0.542693573375
9.032   0.564918180278   0.542693573375
9.128   0.564918180278   0.542693573375
9.224   0.564918180278   0.542693573375
9.32   0.564918180278   0.542693573375
9.416   0.564918180278   0.542693573375
9.512   0.564918180278   0.542693573375
9.608   0.564918180278   0.542693573375
9.704   0.564918180278   0.542693573375
