0.2   0.563388291052   0.403740618963
0.296   0.559277254519   0.450131633633
0.392   0.55571917406   0.480511449216
0.488   0.552699044071   0.500827906945
0.584   0.550187555647   0.514252320009
0.68   0.548145486495   0.522923079625
0.776   0.5465274971   0.528434852438
0.872   0.545285369128   0.531919343228
0.968   0.544369247405   0.534115956817
1.064   0.543726905718   0.53548776436
1.16   0.543302310239   0.536327539792
1.256   0.543038545435   0.53682765848
1.352   0.542884053617   0.537117030931
1.448   0.542796342012   0.537280603145
1.544   0.542748383435   0.537371963071
1.64   0.542722611307   0.537422183601
1.736   0.542708899894   0.537449716146
1.832   0.542701646162   0.537464765014
1.928   0.542697820683   0.5374729771
2.024   0.542695806632   0.537477454547
2.12   0.542694747246   0.537479894687
2.216   0.542694190289   0.537481224226
2.312   0.542693897556   0.53748194856
2.408   0.542693743719   0.537482343154
2.504   0.542693662882   0.537482558111
2.6   0.542693620405   0.537482675209
2.696   0.542693598086   0.537482738997
2.792   0.542693586359   0.537482773745
2.888   0.542693580197   0.537482792673
2.984   0.542693576959   0.537482802985
3.08   0.542693575258   0.537482808602
3.176   0.542693574364   0.537482811661
3.272   0.542693573895   0.537482813328
3.368   0.542693573648   0.537482814236
3.464   0.542693573518   0.537482814731
3.56   0.54269357345   0.537482815
3.656   0.542693573414   0.537482815147
3.752   0.542693573395   0.537482815227
3.848   0.542693573386   0.53748281527
3.944   0.54269357338   0.537482815294
4.04   0.542693573378   0.537482815307
4.136   0.542693573376   0.537482815314
4.232   0.542693573375   0.537482815318
4.328   0.542693573375   0.53748281532
4.424   0.542693573375   0.537482815321
4.52   0.542693573375   0.537482815322
4.616   0.542693573375   0.537482815322
4.712   0.542693573375   0.537482815322
4.808   0.542693573375   0.537482815322
4.904   0.542693573375   0.537482815322
5.0   0.542693573375   0.537482815322
5.096   0.542693573375   0.537482815322
5.192   0.542693573375   0.537482815322
5.288   0.542693573375   0.537482815322
5.384   0.542693573375   0.537482815322
5.48   0.542693573375   0.537482815322
5.576   0.542693573375   0.537482815322
5.672   0.542693573375   0.537482815322
5.768   0.542693573375   0.537482815322
5.864   0.542693573375   0.537482815322
5.96   0.542693573375   0.537482815322
6.056   0.542693573375   0.537482815322
6.152   0.542693573375   0.537482815322
6.248   0.542693573375   0.537482815322
6.344   0.542693573375   0.537482815322
6.44   0.542693573375   0.537482815322
6.536   0.542693573375   0.537482815322
6.632   0.542693573375   0.537482815322
6.728   0.542693573375   0.537482815322
6.824   0.542693573375   0.537482815322
6.92   0.542693573375   0.537482815322
7.016   0.542693573375   0.537482815322
7.112   0.542693573375   0.537482815322
7.208   0.542693573375   0.537482815322
7.304   0.542693573375   0.537482815322
7.4   0.542693573375   0.537482815322
7.496   0.542693573375   0.537482815322
7.592   0.542693573375   0.537482815322
7.688   0.542693573375   0.537482815322
7.784   0.542693573375   0.537482815322
7.88   0.542693573375   0.537482815322
7.976   0.542693573375   0.537482815322
8.072   0.542693573375   0.537482815322
8.168   0.542693573375   0.537482815322
8.264   0.542693573375   0.537482815322
8.36   0.542693573375   0.537482815322
8.456   0.542693573375   0.537482815322
8.552   0.542693573375   0.537482815322
8.648   0.542693573375   0.537482815322
8.744   0.542693573375   0.537482815322
8.84   0.542693573375   0.537482815322
8.936   0.542693573375   0.537482815322
9.032   0.542693573375   0.537482815322
9.128   0.542693573375   0.537482815322
9.224   0.542693573375   0.537482815322
9.32   0.542693573375   0.537482815322
9.416   0.542693573375   0.537482815322
9.512   0.542693573375   0.537482815322
9.608   0.542693573375   0.537482815322
9.704   0.542693573375   0.537482815322
