0.2   0.56531724576   0.426201558662
0.296   0.562132468614   0.471610081765
0.392   0.559491025474   0.500243609262
0.488   0.557384082768   0.518270226434
0.584   0.555788259684   0.529115308378
0.68   0.55465930757   0.535317018316
0.776   0.553925602109   0.538746476741
0.872   0.553490515027   0.540603902525
0.968   0.553253194049   0.541594568869
1.064   0.553131770169   0.542117117297
1.16   0.55307176392   0.542391617416
1.256   0.553042917631   0.54253531351
1.352   0.553029214113   0.542610570855
1.448   0.553022744009   0.542650015736
1.544   0.553019698623   0.542670705443
1.64   0.553018267423   0.542681563999
1.736   0.553017595336   0.542687265256
1.832   0.553017279846   0.54269025952
1.928   0.553017131777   0.542691832369
2.024   0.553017062289   0.542692658657
2.12   0.553017029681   0.542693092772
2.216   0.55301701438   0.542693320857
2.312   0.553017007199   0.542693440696
2.408   0.55301700383   0.542693503662
2.504   0.553017002249   0.542693536746
2.6   0.553017001507   0.542693554129
2.696   0.553017001159   0.542693563262
2.792   0.553017000995   0.542693568061
2.888   0.553017000919   0.542693570583
2.984   0.553017000883   0.542693571908
3.08   0.553017000866   0.542693572604
3.176   0.553017000858   0.54269357297
3.272   0.553017000854   0.542693573162
3.368   0.553017000852   0.542693573263
3.464   0.553017000852   0.542693573316
3.56   0.553017000851   0.542693573344
3.656   0.553017000851   0.542693573358
3.752   0.553017000851   0.542693573366
3.848   0.553017000851   0.54269357337
3.944   0.553017000851   0.542693573372
4.04   0.553017000851   0.542693573373
4.136   0.553017000851   0.542693573374
4.232   0.553017000851   0.542693573374
4.328   0.553017000851   0.542693573374
4.424   0.553017000851   0.542693573375
4.52   0.553017000851   0.542693573375
4.616   0.553017000851   0.542693573375
4.712   0.553017000851   0.542693573375
4.808   0.553017000851   0.542693573375
4.904   0.553017000851   0.542693573375
5.0   0.553017000851   0.542693573375
5.096   0.553017000851   0.542693573375
5.192   0.553017000851   0.542693573375
5.288   0.553017000851   0.542693573375
5.384   0.553017000851   0.542693573375
5.48   0.553017000851   0.542693573375
5.576   0.553017000851   0.542693573375
5.672   0.553017000851   0.542693573375
5.768   0.553017000851   0.542693573375
5.864   0.553017000851   0.542693573375
5.96   0.553017000851   0.542693573375
6.056   0.553017000851   0.542693573375
6.152   0.553017000851   0.542693573375
6.248   0.553017000851   0.542693573375
6.344   0.553017000851   0.542693573375
6.44   0.553017000851   0.542693573375
6.536   0.553017000851   0.542693573375
6.632   0.553017000851   0.542693573375
6.728   0.553017000851   0.542693573375
6.824   0.553017000851   0.542693573375
6.92   0.553017000851   0.542693573375
7.016   0.553017000851   0.542693573375
7.112   0.553017000851   0.542693573375
7.208   0.553017000851   0.542693573375
7.304   0.553017000851   0.542693573375
7.4   0.553017000851   0.542693573375
7.496   0.553017000851   0.542693573375
7.592   0.553017000851   0.542693573375
7.688   0.553017000851   0.542693573375
7.784   0.553017000851   0.542693573375
7.88   0.553017000851   0.542693573375
7.976   0.553017000851   0.542693573375
8.072   0.553017000851   0.542693573375
8.168   0.553017000851   0.542693573375
8.264   0.553017000851   0.542693573375
8.36   0.553017000851   0.542693573375
8.456   0.553017000851   0.542693573375
8.552   0.553017000851   0.542693573375
8.648   0.553017000851   0.542693573375
8.744   0.553017000851   0.542693573375
8.84   0.553017000851   0.542693573375
8.936   0.553017000851   0.542693573375
9.032   0.553017000851   0.542693573375
9.128   0.553017000851   0.542693573375
9.224   0.553017000851   0.542693573375
9.32   0.553017000851   0.542693573375
9.416   0.553017000851   0.542693573375
9.512   0.553017000851   0.542693573375
9.608   0.553017000851   0.542693573375
9.704   0.553017000851   0.542693573375
