0.2   0.564027864649   0.423679805936
0.296   0.560220929239   0.464899277989
0.392   0.5569483217   0.492189124838
0.488   0.554186091077   0.510386295402
0.584   0.551896455148   0.522243231301
0.68   0.550032386007   0.52975955212
0.776   0.548541702609   0.534469553841
0.872   0.547371220025   0.537440117321
0.968   0.546470029901   0.539341640942
1.064   0.545791764173   0.540575288628
1.16   0.545295633524   0.541379844646
1.256   0.544946267783   0.541900559901
1.352   0.544711687956   0.542230118267
1.448   0.544563119737   0.542431207319
1.544   0.544475618216   0.542549044911
1.64   0.544424616187   0.542615357511
1.736   0.544396728553   0.542651743509
1.832   0.54438184558   0.542671370782
1.928   0.544374008995   0.542681841882
2.024   0.544369913163   0.542687390652
2.12   0.544367781005   0.542690319586
2.216   0.544366673436   0.542691862302
2.312   0.544366098747   0.542692673932
2.408   0.544365800733   0.542693100673
2.504   0.544365646241   0.542693324974
2.6   0.544365566165   0.542693442849
2.696   0.544365524663   0.542693504791
2.792   0.544365503155   0.542693537338
2.888   0.544365492009   0.54269355444
2.984   0.544365486232   0.542693563426
3.08   0.544365483239   0.542693568147
3.176   0.544365481687   0.542693570628
3.272   0.544365480883   0.542693571931
3.368   0.544365480467   0.542693572616
3.464   0.544365480251   0.542693572976
3.56   0.544365480139   0.542693573165
3.656   0.544365480081   0.542693573265
3.752   0.544365480051   0.542693573317
3.848   0.544365480035   0.542693573344
3.944   0.544365480027   0.542693573359
4.04   0.544365480023   0.542693573366
4.136   0.544365480021   0.54269357337
4.232   0.54436548002   0.542693573372
4.328   0.544365480019   0.542693573373
4.424   0.544365480019   0.542693573374
4.52   0.544365480019   0.542693573374
4.616   0.544365480019   0.542693573374
4.712   0.544365480019   0.542693573375
4.808   0.544365480019   0.542693573375
4.904   0.544365480019   0.542693573375
5.0   0.544365480019   0.542693573375
5.096   0.544365480019   0.542693573375
5.192   0.544365480019   0.542693573375
5.288   0.544365480019   0.542693573375
5.384   0.544365480019   0.542693573375
5.48   0.544365480019   0.542693573375
5.576   0.544365480019   0.542693573375
5.672   0.544365480019   0.542693573375
5.768   0.544365480019   0.542693573375
5.864   0.544365480019   0.542693573375
5.96   0.544365480019   0.542693573375
6.056   0.544365480019   0.542693573375
6.152   0.544365480019   0.542693573375
6.248   0.544365480019   0.542693573375
6.344   0.544365480019   0.542693573375
6.44   0.544365480019   0.542693573375
6.536   0.544365480019   0.542693573375
6.632   0.544365480019   0.542693573375
6.728   0.544365480019   0.542693573375
6.824   0.544365480019   0.542693573375
6.92   0.544365480019   0.542693573375
7.016   0.544365480019   0.542693573375
7.112   0.544365480019   0.542693573375
7.208   0.544365480019   0.542693573375
7.304   0.544365480019   0.542693573375
7.4   0.544365480019   0.542693573375
7.496   0.544365480019   0.542693573375
7.592   0.544365480019   0.542693573375
7.688   0.544365480019   0.542693573375
7.784   0.544365480019   0.542693573375
7.88   0.544365480019   0.542693573375
7.976   0.544365480019   0.542693573375
8.072   0.544365480019   0.542693573375
8.168   0.544365480019   0.542693573375
8.264   0.544365480019   0.542693573375
8.36   0.544365480019   0.542693573375
8.456   0.544365480019   0.542693573375
8.552   0.544365480019   0.542693573375
8.648   0.544365480019   0.542693573375
8.744   0.544365480019   0.542693573375
8.84   0.544365480019   0.542693573375
8.936   0.544365480019   0.542693573375
9.032   0.544365480019   0.542693573375
9.128   0.544365480019   0.542693573375
9.224   0.544365480019   0.542693573375
9.32   0.544365480019   0.542693573375
9.416   0.544365480019   0.542693573375
9.512   0.544365480019   0.542693573375
9.608   0.544365480019   0.542693573375
9.704   0.544365480019   0.542693573375
