0.2   0.566912342454   0.454637383119
0.296   0.564676966409   0.491617065236
0.392   0.56309627244   0.514559719523
0.488   0.562106926842   0.528049797199
0.584   0.561569571085   0.535311472866
0.68   0.561313406219   0.538987459281
0.776   0.561202451605   0.5408162698
0.872   0.561156685386   0.541732202237
0.968   0.561138424502   0.542196852385
1.064   0.561131225556   0.542435330272
1.16   0.561128402793   0.542558759298
1.256   0.561127298562   0.542623012184
1.352   0.561126867034   0.542656583315
1.448   0.561126698467   0.542674163711
1.544   0.561126632632   0.542683382859
1.64   0.561126606921   0.542688221355
1.736   0.561126596881   0.542690761976
1.832   0.56112659296   0.542692096393
1.928   0.561126591428   0.542692797387
2.024   0.561126590831   0.542693165666
2.12   0.561126590597   0.542693359158
2.216   0.561126590506   0.54269346082
2.312   0.56112659047   0.542693514236
2.408   0.561126590456   0.542693542301
2.504   0.561126590451   0.542693557048
2.6   0.561126590449   0.542693564796
2.696   0.561126590448   0.542693568867
2.792   0.561126590448   0.542693571006
2.888   0.561126590448   0.54269357213
2.984   0.561126590447   0.542693572721
3.08   0.561126590447   0.542693573031
3.176   0.561126590447   0.542693573194
3.272   0.561126590447   0.54269357328
3.368   0.561126590447   0.542693573325
3.464   0.561126590447   0.542693573348
3.56   0.561126590447   0.542693573361
3.656   0.561126590447   0.542693573367
3.752   0.561126590447   0.542693573371
3.848   0.561126590447   0.542693573373
3.944   0.561126590447   0.542693573374
4.04   0.561126590447   0.542693573374
4.136   0.561126590447   0.542693573374
4.232   0.561126590447   0.542693573375
4.328   0.561126590447   0.542693573375
4.424   0.561126590447   0.542693573375
4.52   0.561126590447   0.542693573375
4.616   0.561126590447   0.542693573375
4.712   0.561126590447   0.542693573375
4.808   0.561126590447   0.542693573375
4.904   0.561126590447   0.542693573375
5.0   0.561126590447   0.542693573375
5.096   0.561126590447   0.542693573375
5.192   0.561126590447   0.542693573375
5.288   0.561126590447   0.542693573375
5.384   0.561126590447   0.542693573375
5.48   0.561126590447   0.542693573375
5.576   0.561126590447   0.542693573375
5.672   0.561126590447   0.542693573375
5.768   0.561126590447   0.542693573375
5.864   0.561126590447   0.542693573375
5.96   0.561126590447   0.542693573375
6.056   0.561126590447   0.542693573375
6.152   0.561126590447   0.542693573375
6.248   0.561126590447   0.542693573375
6.344   0.561126590447   0.542693573375
6.44   0.561126590447   0.542693573375
6.536   0.561126590447   0.542693573375
6.632   0.561126590447   0.542693573375
6.728   0.561126590447   0.542693573375
6.824   0.561126590447   0.542693573375
6.92   0.561126590447   0.542693573375
7.016   0.561126590447   0.542693573375
7.112   0.561126590447   0.542693573375
7.208   0.561126590447   0.542693573375
7.304   0.561126590447   0.542693573375
7.4   0.561126590447   0.542693573375
7.496   0.561126590447   0.542693573375
7.592   0.561126590447   0.542693573375
7.688   0.561126590447   0.542693573375
7.784   0.561126590447   0.542693573375
7.88   0.561126590447   0.542693573375
7.976   0.561126590447   0.542693573375
8.072   0.561126590447   0.542693573375
8.168   0.561126590447   0.542693573375
8.264   0.561126590447   0.542693573375
8.36   0.561126590447   0.542693573375
8.456   0.561126590447   0.542693573375
8.552   0.561126590447   0.542693573375
8.648   0.561126590447   0.542693573375
8.744   0.561126590447   0.542693573375
8.84   0.561126590447   0.542693573375
8.936   0.561126590447   0.542693573375
9.032   0.561126590447   0.542693573375
9.128   0.561126590447   0.542693573375
9.224   0.561126590447   0.542693573375
9.32   0.561126590447   0.542693573375
9.416   0.561126590447   0.542693573375
9.512   0.561126590447   0.542693573375
9.608   0.561126590447   0.542693573375
9.704   0.561126590447   0.542693573375
