0.2   0.562331346759   0.409618172802
0.296   0.557853710464   0.448086627827
0.392   0.554040700817   0.474532756704
0.488   0.55088587488   0.492874370423
0.584   0.548366075092   0.505389983282
0.68   0.546440746016   0.513687302199
0.776   0.545048118809   0.519018386217
0.872   0.544102924523   0.522344879427
0.968   0.543502345142   0.524366774741
1.064   0.543142940908   0.525568956343
1.16   0.542937973874   0.526272112246
1.256   0.542824467316   0.52667903434
1.352   0.542763099233   0.526913217808
1.448   0.542730326558   0.527047536348
1.544   0.542712949525   0.527124487084
1.64   0.542703772997   0.527168554064
1.736   0.542698937985   0.527193788092
1.832   0.542696393659   0.527208238837
1.928   0.542695055683   0.527216515185
2.024   0.542694352352   0.52722125574
2.12   0.542693982709   0.527223971261
2.216   0.542693788462   0.527225526874
2.312   0.542693686391   0.527226418058
2.408   0.542693632758   0.527226928615
2.504   0.542693604577   0.527227221118
2.6   0.542693589769   0.527227388697
2.696   0.542693581989   0.527227484706
2.792   0.542693577901   0.527227539712
2.888   0.542693575753   0.527227571226
2.984   0.542693574624   0.527227589281
3.08   0.542693574031   0.527227599626
3.176   0.54269357372   0.527227605552
3.272   0.542693573556   0.527227608948
3.368   0.54269357347   0.527227610893
3.464   0.542693573425   0.527227612007
3.56   0.542693573401   0.527227612646
3.656   0.542693573388   0.527227613012
3.752   0.542693573382   0.527227613221
3.848   0.542693573378   0.527227613341
3.944   0.542693573377   0.52722761341
4.04   0.542693573376   0.52722761345
4.136   0.542693573375   0.527227613472
4.232   0.542693573375   0.527227613485
4.328   0.542693573375   0.527227613493
4.424   0.542693573375   0.527227613497
4.52   0.542693573375   0.527227613499
4.616   0.542693573375   0.527227613501
4.712   0.542693573375   0.527227613502
4.808   0.542693573375   0.527227613502
4.904   0.542693573375   0.527227613502
5.0   0.542693573375   0.527227613502
5.096   0.542693573375   0.527227613502
5.192   0.542693573375   0.527227613503
5.288   0.542693573375   0.527227613503
5.384   0.542693573375   0.527227613503
5.48   0.542693573375   0.527227613503
5.576   0.542693573375   0.527227613503
5.672   0.542693573375   0.527227613503
5.768   0.542693573375   0.527227613503
5.864   0.542693573375   0.527227613503
5.96   0.542693573375   0.527227613503
6.056   0.542693573375   0.527227613503
6.152   0.542693573375   0.527227613503
6.248   0.542693573375   0.527227613503
6.344   0.542693573375   0.527227613503
6.44   0.542693573375   0.527227613503
6.536   0.542693573375   0.527227613503
6.632   0.542693573375   0.527227613503
6.728   0.542693573375   0.527227613503
6.824   0.542693573375   0.527227613503
6.92   0.542693573375   0.527227613503
7.016   0.542693573375   0.527227613503
7.112   0.542693573375   0.527227613503
7.208   0.542693573375   0.527227613503
7.304   0.542693573375   0.527227613503
7.4   0.542693573375   0.527227613503
7.496   0.542693573375   0.527227613503
7.592   0.542693573375   0.527227613503
7.688   0.542693573375   0.527227613503
7.784   0.542693573375   0.527227613503
7.88   0.542693573375   0.527227613503
7.976   0.542693573375   0.527227613503
8.072   0.542693573375   0.527227613503
8.168   0.542693573375   0.527227613503
8.264   0.542693573375   0.527227613503
8.36   0.542693573375   0.527227613503
8.456   0.542693573375   0.527227613503
8.552   0.542693573375   0.527227613503
8.648   0.542693573375   0.527227613503
8.744   0.542693573375   0.527227613503
8.84   0.542693573375   0.527227613503
8.936   0.542693573375   0.527227613503
9.032   0.542693573375   0.527227613503
9.128   0.542693573375   0.527227613503
9.224   0.542693573375   0.527227613503
9.32   0.542693573375   0.527227613503
9.416   0.542693573375   0.527227613503
9.512   0.542693573375   0.527227613503
9.608   0.542693573375   0.527227613503
9.704   0.542693573375   0.527227613503
