0.2   0.56973549962   0.47595369804
0.296   0.569063624754   0.507689112451
0.392   0.568828092558   0.525500351346
0.488   0.56876356036   0.534495545593
0.584   0.568747486458   0.538733630688
0.68   0.568743740486   0.540731436212
0.776   0.568742874697   0.541700440701
0.872   0.568742675064   0.542183565172
0.968   0.568742629064   0.542429253894
1.064   0.568742618466   0.542555814841
1.16   0.568742616025   0.542621533789
1.256   0.568742615463   0.542655825662
1.352   0.568742615333   0.542673770971
1.448   0.568742615303   0.542683178004
1.544   0.568742615296   0.542688114139
1.64   0.568742615295   0.54269070576
1.736   0.568742615294   0.542692066889
1.832   0.568742615294   0.542692781894
1.928   0.568742615294   0.542693157528
2.024   0.568742615294   0.542693354882
2.12   0.568742615294   0.542693458574
2.216   0.568742615294   0.542693513055
2.312   0.568742615294   0.542693541681
2.408   0.568742615294   0.542693556722
2.504   0.568742615294   0.542693564625
2.6   0.568742615294   0.542693568777
2.696   0.568742615294   0.542693570959
2.792   0.568742615294   0.542693572105
2.888   0.568742615294   0.542693572708
2.984   0.568742615294   0.542693573024
3.08   0.568742615294   0.542693573191
3.176   0.568742615294   0.542693573278
3.272   0.568742615294   0.542693573324
3.368   0.568742615294   0.542693573348
3.464   0.568742615294   0.542693573361
3.56   0.568742615294   0.542693573367
3.656   0.568742615294   0.542693573371
3.752   0.568742615294   0.542693573373
3.848   0.568742615294   0.542693573374
3.944   0.568742615294   0.542693573374
4.04   0.568742615294   0.542693573374
4.136   0.568742615294   0.542693573375
4.232   0.568742615294   0.542693573375
4.328   0.568742615294   0.542693573375
4.424   0.568742615294   0.542693573375
4.52   0.568742615294   0.542693573375
4.616   0.568742615294   0.542693573375
4.712   0.568742615294   0.542693573375
4.808   0.568742615294   0.542693573375
4.904   0.568742615294   0.542693573375
5.0   0.568742615294   0.542693573375
5.096   0.568742615294   0.542693573375
5.192   0.568742615294   0.542693573375
5.288   0.568742615294   0.542693573375
5.384   0.568742615294   0.542693573375
5.48   0.568742615294   0.542693573375
5.576   0.568742615294   0.542693573375
5.672   0.568742615294   0.542693573375
5.768   0.568742615294   0.542693573375
5.864   0.568742615294   0.542693573375
5.96   0.568742615294   0.542693573375
6.056   0.568742615294   0.542693573375
6.152   0.568742615294   0.542693573375
6.248   0.568742615294   0.542693573375
6.344   0.568742615294   0.542693573375
6.44   0.568742615294   0.542693573375
6.536   0.568742615294   0.542693573375
6.632   0.568742615294   0.542693573375
6.728   0.568742615294   0.542693573375
6.824   0.568742615294   0.542693573375
6.92   0.568742615294   0.542693573375
7.016   0.568742615294   0.542693573375
7.112   0.568742615294   0.542693573375
7.208   0.568742615294   0.542693573375
7.304   0.568742615294   0.542693573375
7.4   0.568742615294   0.542693573375
7.496   0.568742615294   0.542693573375
7.592   0.568742615294   0.542693573375
7.688   0.568742615294   0.542693573375
7.784   0.568742615294   0.542693573375
7.88   0.568742615294   0.542693573375
7.976   0.568742615294   0.542693573375
8.072   0.568742615294   0.542693573375
8.168   0.568742615294   0.542693573375
8.264   0.568742615294   0.542693573375
8.36   0.568742615294   0.542693573375
8.456   0.568742615294   0.542693573375
8.552   0.568742615294   0.542693573375
8.648   0.568742615294   0.542693573375
8.744   0.568742615294   0.542693573375
8.84   0.568742615294   0.542693573375
8.936   0.568742615294   0.542693573375
9.032   0.568742615294   0.542693573375
9.128   0.568742615294   0.542693573375
9.224   0.568742615294   0.542693573375
9.32   0.568742615294   0.542693573375
9.416   0.568742615294   0.542693573375
9.512   0.568742615294   0.542693573375
9.608   0.568742615294   0.542693573375
9.704   0.568742615294   0.542693573375
