0.2   0.563320493618   0.401807239985
0.296   0.559179894481   0.448627372917
0.392   0.555596443731   0.479265592559
0.488   0.552556567801   0.499761464615
0.584   0.550032460244   0.513319555315
0.68   0.547986362234   0.52208715439
0.776   0.546374078185   0.527660769962
0.872   0.545147598071   0.531175902204
0.968   0.544255431912   0.53337894431
1.064   0.543641308265   0.534741846272
1.16   0.543243879498   0.535566808308
1.256   0.543001946076   0.536052719801
1.352   0.542862418893   0.536331700917
1.448   0.542784249149   0.536488871274
1.544   0.542741804581   0.536576357795
1.64   0.54271908751   0.536624614735
1.736   0.542707028887   0.536651148429
1.832   0.542700657495   0.536665705739
1.928   0.542697299621   0.536673683105
2.024   0.542695532402   0.536678052064
2.12   0.542694603031   0.536680444087
2.216   0.542694114479   0.536681753534
2.312   0.542693857713   0.536682470303
2.408   0.542693722782   0.536682862637
2.504   0.54269365188   0.536683077383
2.6   0.542693614624   0.536683194924
2.696   0.542693595049   0.53668325926
2.792   0.542693584763   0.536683294475
2.888   0.542693579358   0.536683313749
2.984   0.542693576519   0.536683324299
3.08   0.542693575027   0.536683330074
3.176   0.542693574243   0.536683333234
3.272   0.542693573831   0.536683334964
3.368   0.542693573614   0.536683335911
3.464   0.542693573501   0.536683336429
3.56   0.542693573441   0.536683336713
3.656   0.542693573409   0.536683336868
3.752   0.542693573393   0.536683336953
3.848   0.542693573384   0.536683337
3.944   0.54269357338   0.536683337025
4.04   0.542693573377   0.536683337039
4.136   0.542693573376   0.536683337047
4.232   0.542693573375   0.536683337051
4.328   0.542693573375   0.536683337053
4.424   0.542693573375   0.536683337055
4.52   0.542693573375   0.536683337055
4.616   0.542693573375   0.536683337056
4.712   0.542693573375   0.536683337056
4.808   0.542693573375   0.536683337056
4.904   0.542693573375   0.536683337056
5.0   0.542693573375   0.536683337056
5.096   0.542693573375   0.536683337056
5.192   0.542693573375   0.536683337056
5.288   0.542693573375   0.536683337056
5.384   0.542693573375   0.536683337056
5.48   0.542693573375   0.536683337056
5.576   0.542693573375   0.536683337056
5.672   0.542693573375   0.536683337056
5.768   0.542693573375   0.536683337056
5.864   0.542693573375   0.536683337056
5.96   0.542693573375   0.536683337056
6.056   0.542693573375   0.536683337056
6.152   0.542693573375   0.536683337056
6.248   0.542693573375   0.536683337056
6.344   0.542693573375   0.536683337056
6.44   0.542693573375   0.536683337056
6.536   0.542693573375   0.536683337056
6.632   0.542693573375   0.536683337056
6.728   0.542693573375   0.536683337056
6.824   0.542693573375   0.536683337056
6.92   0.542693573375   0.536683337056
7.016   0.542693573375   0.536683337056
7.112   0.542693573375   0.536683337056
7.208   0.542693573375   0.536683337056
7.304   0.542693573375   0.536683337056
7.4   0.542693573375   0.536683337056
7.496   0.542693573375   0.536683337056
7.592   0.542693573375   0.536683337056
7.688   0.542693573375   0.536683337056
7.784   0.542693573375   0.536683337056
7.88   0.542693573375   0.536683337056
7.976   0.542693573375   0.536683337056
8.072   0.542693573375   0.536683337056
8.168   0.542693573375   0.536683337056
8.264   0.542693573375   0.536683337056
8.36   0.542693573375   0.536683337056
8.456   0.542693573375   0.536683337056
8.552   0.542693573375   0.536683337056
8.648   0.542693573375   0.536683337056
8.744   0.542693573375   0.536683337056
8.84   0.542693573375   0.536683337056
8.936   0.542693573375   0.536683337056
9.032   0.542693573375   0.536683337056
9.128   0.542693573375   0.536683337056
9.224   0.542693573375   0.536683337056
9.32   0.542693573375   0.536683337056
9.416   0.542693573375   0.536683337056
9.512   0.542693573375   0.536683337056
9.608   0.542693573375   0.536683337056
9.704   0.542693573375   0.536683337056
