0.2   0.56893847621   0.474367624801
0.296   0.567881120479   0.505634125588
0.392   0.567396519458   0.523901808567
0.488   0.567220199405   0.533555500492
0.584   0.567165358629   0.538247219168
0.68   0.567149291347   0.540487189072
0.776   0.567144763908   0.541577197321
0.872   0.567143498084   0.542120667966
0.968   0.567143145092   0.542396833004
1.064   0.567143046739   0.542538984116
1.16   0.567143019342   0.542612755454
1.256   0.567143011711   0.54265123365
1.352   0.567143009586   0.542671364503
1.448   0.567143008994   0.542681915508
1.544   0.567143008829   0.542687451373
1.64   0.567143008783   0.5426903577
1.736   0.56714300877   0.542691884061
1.832   0.567143008766   0.542692685846
1.928   0.567143008766   0.542693107066
2.024   0.567143008765   0.54269332837
2.12   0.567143008765   0.542693444644
2.216   0.567143008765   0.542693505736
2.312   0.567143008765   0.542693537836
2.408   0.567143008765   0.542693554701
2.504   0.567143008765   0.542693563563
2.6   0.567143008765   0.542693568219
2.696   0.567143008765   0.542693570666
2.792   0.567143008765   0.542693571951
2.888   0.567143008765   0.542693572627
2.984   0.567143008765   0.542693572982
3.08   0.567143008765   0.542693573168
3.176   0.567143008765   0.542693573266
3.272   0.567143008765   0.542693573318
3.368   0.567143008765   0.542693573345
3.464   0.567143008765   0.542693573359
3.56   0.567143008765   0.542693573366
3.656   0.567143008765   0.54269357337
3.752   0.567143008765   0.542693573372
3.848   0.567143008765   0.542693573373
3.944   0.567143008765   0.542693573374
4.04   0.567143008765   0.542693573374
4.136   0.567143008765   0.542693573374
4.232   0.567143008765   0.542693573375
4.328   0.567143008765   0.542693573375
4.424   0.567143008765   0.542693573375
4.52   0.567143008765   0.542693573375
4.616   0.567143008765   0.542693573375
4.712   0.567143008765   0.542693573375
4.808   0.567143008765   0.542693573375
4.904   0.567143008765   0.542693573375
5.0   0.567143008765   0.542693573375
5.096   0.567143008765   0.542693573375
5.192   0.567143008765   0.542693573375
5.288   0.567143008765   0.542693573375
5.384   0.567143008765   0.542693573375
5.48   0.567143008765   0.542693573375
5.576   0.567143008765   0.542693573375
5.672   0.567143008765   0.542693573375
5.768   0.567143008765   0.542693573375
5.864   0.567143008765   0.542693573375
5.96   0.567143008765   0.542693573375
6.056   0.567143008765   0.542693573375
6.152   0.567143008765   0.542693573375
6.248   0.567143008765   0.542693573375
6.344   0.567143008765   0.542693573375
6.44   0.567143008765   0.542693573375
6.536   0.567143008765   0.542693573375
6.632   0.567143008765   0.542693573375
6.728   0.567143008765   0.542693573375
6.824   0.567143008765   0.542693573375
6.92   0.567143008765   0.542693573375
7.016   0.567143008765   0.542693573375
7.112   0.567143008765   0.542693573375
7.208   0.567143008765   0.542693573375
7.304   0.567143008765   0.542693573375
7.4   0.567143008765   0.542693573375
7.496   0.567143008765   0.542693573375
7.592   0.567143008765   0.542693573375
7.688   0.567143008765   0.542693573375
7.784   0.567143008765   0.542693573375
7.88   0.567143008765   0.542693573375
7.976   0.567143008765   0.542693573375
8.072   0.567143008765   0.542693573375
8.168   0.567143008765   0.542693573375
8.264   0.567143008765   0.542693573375
8.36   0.567143008765   0.542693573375
8.456   0.567143008765   0.542693573375
8.552   0.567143008765   0.542693573375
8.648   0.567143008765   0.542693573375
8.744   0.567143008765   0.542693573375
8.84   0.567143008765   0.542693573375
8.936   0.567143008765   0.542693573375
9.032   0.567143008765   0.542693573375
9.128   0.567143008765   0.542693573375
9.224   0.567143008765   0.542693573375
9.32   0.567143008765   0.542693573375
9.416   0.567143008765   0.542693573375
9.512   0.567143008765   0.542693573375
9.608   0.567143008765   0.542693573375
9.704   0.567143008765   0.542693573375
