0.2   0.565208634157   0.424194123072
0.296   0.5619636163   0.470106022978
0.392   0.559255794605   0.499080996144
0.488   0.557075264281   0.517391132318
0.584   0.555399154698   0.528485205697
0.68   0.554187427945   0.534892355918
0.776   0.553377207746   0.538477630697
0.872   0.552881098959   0.5404437912
0.968   0.552602144253   0.541504002804
1.064   0.552455798833   0.542067846915
1.16   0.552381949188   0.542365131149
1.256   0.552345881679   0.54252127044
1.352   0.552328516293   0.542603178584
1.448   0.552320217889   0.542646126986
1.544   0.552316267565   0.542668661511
1.64   0.552314390728   0.542680490051
1.736   0.552313499892   0.542686701021
1.832   0.552313077264   0.542689963082
1.928   0.552312876809   0.542691676623
2.024   0.552312781744   0.542692576828
2.12   0.552312736662   0.542693049778
2.216   0.552312715284   0.542693298267
2.312   0.552312705147   0.542693428827
2.408   0.55231270034   0.542693497425
2.504   0.55231269806   0.542693533469
2.6   0.552312696979   0.542693552407
2.696   0.552312696467   0.542693562358
2.792   0.552312696224   0.542693567586
2.888   0.552312696108   0.542693570333
2.984   0.552312696054   0.542693571777
3.08   0.552312696028   0.542693572535
3.176   0.552312696016   0.542693572933
3.272   0.55231269601   0.542693573143
3.368   0.552312696007   0.542693573253
3.464   0.552312696006   0.542693573311
3.56   0.552312696005   0.542693573341
3.656   0.552312696005   0.542693573357
3.752   0.552312696005   0.542693573365
3.848   0.552312696004   0.54269357337
3.944   0.552312696004   0.542693573372
4.04   0.552312696004   0.542693573373
4.136   0.552312696004   0.542693573374
4.232   0.552312696004   0.542693573374
4.328   0.552312696004   0.542693573374
4.424   0.552312696004   0.542693573375
4.52   0.552312696004   0.542693573375
4.616   0.552312696004   0.542693573375
4.712   0.552312696004   0.542693573375
4.808   0.552312696004   0.542693573375
4.904   0.552312696004   0.542693573375
5.0   0.552312696004   0.542693573375
5.096   0.552312696004   0.542693573375
5.192   0.552312696004   0.542693573375
5.288   0.552312696004   0.542693573375
5.384   0.552312696004   0.542693573375
5.48   0.552312696004   0.542693573375
5.576   0.552312696004   0.542693573375
5.672   0.552312696004   0.542693573375
5.768   0.552312696004   0.542693573375
5.864   0.552312696004   0.542693573375
5.96   0.552312696004   0.542693573375
6.056   0.552312696004   0.542693573375
6.152   0.552312696004   0.542693573375
6.248   0.552312696004   0.542693573375
6.344   0.552312696004   0.542693573375
6.44   0.552312696004   0.542693573375
6.536   0.552312696004   0.542693573375
6.632   0.552312696004   0.542693573375
6.728   0.552312696004   0.542693573375
6.824   0.552312696004   0.542693573375
6.92   0.552312696004   0.542693573375
7.016   0.552312696004   0.542693573375
7.112   0.552312696004   0.542693573375
7.208   0.552312696004   0.542693573375
7.304   0.552312696004   0.542693573375
7.4   0.552312696004   0.542693573375
7.496   0.552312696004   0.542693573375
7.592   0.552312696004   0.542693573375
7.688   0.552312696004   0.542693573375
7.784   0.552312696004   0.542693573375
7.88   0.552312696004   0.542693573375
7.976   0.552312696004   0.542693573375
8.072   0.552312696004   0.542693573375
8.168   0.552312696004   0.542693573375
8.264   0.552312696004   0.542693573375
8.36   0.552312696004   0.542693573375
8.456   0.552312696004   0.542693573375
8.552   0.552312696004   0.542693573375
8.648   0.552312696004   0.542693573375
8.744   0.552312696004   0.542693573375
8.84   0.552312696004   0.542693573375
8.936   0.552312696004   0.542693573375
9.032   0.552312696004   0.542693573375
9.128   0.552312696004   0.542693573375
9.224   0.552312696004   0.542693573375
9.32   0.552312696004   0.542693573375
9.416   0.552312696004   0.542693573375
9.512   0.552312696004   0.542693573375
9.608   0.552312696004   0.542693573375
9.704   0.552312696004   0.542693573375
