0.2   0.565197681678   0.565197677083
0.296   0.561951176933   0.561951176933
0.392   0.559243744496   0.559243744496
0.488   0.557064972104   0.557064972104
0.584   0.555391492696   0.555391492696
0.68   0.554182757811   0.554182757811
0.776   0.553375365034   0.553375365034
0.872   0.552881502444   0.552881502444
0.968   0.552604059571   0.552604059571
1.064   0.55245860137   0.55245860137
1.16   0.552385232987   0.552385232987
1.256   0.552349409786   0.552349409786
1.352   0.552332164843   0.552332164843
1.448   0.552323924907   0.552323924907
1.544   0.552320002742   0.552320002742
1.64   0.552318139412   0.552318139412
1.736   0.552317255042   0.552317255042
1.832   0.552316835505   0.552316835505
1.928   0.552316636528   0.552316636528
2.024   0.552316542169   0.552316542169
2.12   0.552316497424   0.552316497424
2.216   0.552316476207   0.552316476207
2.312   0.552316466147   0.552316466147
2.408   0.552316461377   0.552316461377
2.504   0.552316459115   0.552316459115
2.6   0.552316458042   0.552316458042
2.696   0.552316457533   0.552316457533
2.792   0.552316457292   0.552316457292
2.888   0.552316457178   0.552316457178
2.984   0.552316457124   0.552316457124
3.08   0.552316457098   0.552316457098
3.176   0.552316457086   0.552316457086
3.272   0.55231645708   0.55231645708
3.368   0.552316457077   0.552316457077
3.464   0.552316457076   0.552316457076
3.56   0.552316457075   0.552316457075
3.656   0.552316457075   0.552316457075
3.752   0.552316457075   0.552316457075
3.848   0.552316457075   0.552316457075
3.944   0.552316457075   0.552316457075
4.04   0.552316457075   0.552316457075
4.136   0.552316457075   0.552316457075
4.232   0.552316457075   0.552316457075
4.328   0.552316457075   0.552316457075
4.424   0.552316457075   0.552316457075
4.52   0.552316457075   0.552316457075
4.616   0.552316457075   0.552316457075
4.712   0.552316457075   0.552316457075
4.808   0.552316457075   0.552316457075
4.904   0.552316457075   0.552316457075
5.0   0.552316457075   0.552316457075
5.096   0.552316457075   0.552316457075
5.192   0.552316457075   0.552316457075
5.288   0.552316457075   0.552316457075
5.384   0.552316457075   0.552316457075
5.48   0.552316457075   0.552316457075
5.576   0.552316457075   0.552316457075
5.672   0.552316457075   0.552316457075
5.768   0.552316457075   0.552316457075
5.864   0.552316457075   0.552316457075
5.96   0.552316457075   0.552316457075
6.056   0.552316457075   0.552316457075
6.152   0.552316457075   0.552316457075
6.248   0.552316457075   0.552316457075
6.344   0.552316457075   0.552316457075
6.44   0.552316457075   0.552316457075
6.536   0.552316457075   0.552316457075
6.632   0.552316457075   0.552316457075
6.728   0.552316457075   0.552316457075
6.824   0.552316457075   0.552316457075
6.92   0.552316457075   0.552316457075
7.016   0.552316457075   0.552316457075
7.112   0.552316457075   0.552316457075
7.208   0.552316457075   0.552316457075
7.304   0.552316457075   0.552316457075
7.4   0.552316457075   0.552316457075
7.496   0.552316457075   0.552316457075
7.592   0.552316457075   0.552316457075
7.688   0.552316457075   0.552316457075
7.784   0.552316457075   0.552316457075
7.88   0.552316457075   0.552316457075
7.976   0.552316457075   0.552316457075
8.072   0.552316457075   0.552316457075
8.168   0.552316457075   0.552316457075
8.264   0.552316457075   0.552316457075
8.36   0.552316457075   0.552316457075
8.456   0.552316457075   0.552316457075
8.552   0.552316457075   0.552316457075
8.648   0.552316457075   0.552316457075
8.744   0.552316457075   0.552316457075
8.84   0.552316457075   0.552316457075
8.936   0.552316457075   0.552316457075
9.032   0.552316457075   0.552316457075
9.128   0.552316457075   0.552316457075
9.224   0.552316457075   0.552316457075
9.32   0.552316457075   0.552316457075
9.416   0.552316457075   0.552316457075
9.512   0.552316457075   0.552316457075
9.608   0.552316457075   0.552316457075
9.704   0.552316457075   0.552316457075
