0.2   0.561444999184   0.381637875455
0.296   0.556680497245   0.424348336752
0.392   0.552711730061   0.453381302659
0.488   0.549544828754   0.473431677831
0.584   0.547148739054   0.487121290774
0.68   0.545446182061   0.496222856953
0.776   0.544316130644   0.502088196131
0.872   0.543613704102   0.505764069197
0.968   0.543200719983   0.508020846297
1.064   0.542967936373   0.50938859024
1.16   0.542840127807   0.510211756493
1.256   0.542771306682   0.510705887895
1.352   0.542734634431   0.511002134859
1.448   0.542715212234   0.511179780364
1.544   0.542704961834   0.511286361875
1.64   0.542699562666   0.511350343515
1.736   0.542696721908   0.511388771179
1.832   0.542695228165   0.511411860066
1.928   0.542694442983   0.511425736867
2.024   0.542694030331   0.511434078812
2.12   0.542693813484   0.511439094257
2.216   0.542693699538   0.511442110008
2.312   0.542693639666   0.511443923483
2.408   0.542693608206   0.511445014038
2.504   0.542693591676   0.511445669876
2.6   0.542693582991   0.511446064291
2.696   0.542693578427   0.511446301492
2.792   0.542693576029   0.511446444147
2.888   0.54269357477   0.51144652994
2.984   0.542693574108   0.511446581537
3.08   0.54269357376   0.511446612568
3.176   0.542693573577   0.51144663123
3.272   0.542693573481   0.511446642454
3.368   0.542693573431   0.511446649204
3.464   0.542693573404   0.511446653264
3.56   0.54269357339   0.511446655705
3.656   0.542693573383   0.511446657174
3.752   0.542693573379   0.511446658057
3.848   0.542693573377   0.511446658588
3.944   0.542693573376   0.511446658907
4.04   0.542693573375   0.511446659099
4.136   0.542693573375   0.511446659215
4.232   0.542693573375   0.511446659284
4.328   0.542693573375   0.511446659326
4.424   0.542693573375   0.511446659351
4.52   0.542693573375   0.511446659366
4.616   0.542693573375   0.511446659376
4.712   0.542693573375   0.511446659381
4.808   0.542693573375   0.511446659384
4.904   0.542693573375   0.511446659386
5.0   0.542693573375   0.511446659387
5.096   0.542693573375   0.511446659388
5.192   0.542693573375   0.511446659389
5.288   0.542693573375   0.511446659389
5.384   0.542693573375   0.511446659389
5.48   0.542693573375   0.511446659389
5.576   0.542693573375   0.511446659389
5.672   0.542693573375   0.511446659389
5.768   0.542693573375   0.511446659389
5.864   0.542693573375   0.511446659389
5.96   0.542693573375   0.511446659389
6.056   0.542693573375   0.511446659389
6.152   0.542693573375   0.511446659389
6.248   0.542693573375   0.511446659389
6.344   0.542693573375   0.511446659389
6.44   0.542693573375   0.511446659389
6.536   0.542693573375   0.511446659389
6.632   0.542693573375   0.511446659389
6.728   0.542693573375   0.511446659389
6.824   0.542693573375   0.511446659389
6.92   0.542693573375   0.511446659389
7.016   0.542693573375   0.511446659389
7.112   0.542693573375   0.511446659389
7.208   0.542693573375   0.511446659389
7.304   0.542693573375   0.511446659389
7.4   0.542693573375   0.511446659389
7.496   0.542693573375   0.511446659389
7.592   0.542693573375   0.511446659389
7.688   0.542693573375   0.511446659389
7.784   0.542693573375   0.511446659389
7.88   0.542693573375   0.511446659389
7.976   0.542693573375   0.511446659389
8.072   0.542693573375   0.511446659389
8.168   0.542693573375   0.511446659389
8.264   0.542693573375   0.511446659389
8.36   0.542693573375   0.511446659389
8.456   0.542693573375   0.511446659389
8.552   0.542693573375   0.511446659389
8.648   0.542693573375   0.511446659389
8.744   0.542693573375   0.511446659389
8.84   0.542693573375   0.511446659389
8.936   0.542693573375   0.511446659389
9.032   0.542693573375   0.511446659389
9.128   0.542693573375   0.511446659389
9.224   0.542693573375   0.511446659389
9.32   0.542693573375   0.511446659389
9.416   0.542693573375   0.511446659389
9.512   0.542693573375   0.511446659389
9.608   0.542693573375   0.511446659389
9.704   0.542693573375   0.511446659389
