0.2   0.563153311019   0.416031948094
0.296   0.558973253639   0.456316951594
0.392   0.555372096757   0.483506720133
0.488   0.552331520497   0.502054544723
0.584   0.549819486188   0.51450139675
0.68   0.547794741961   0.52264646763
0.776   0.546210267969   0.527873765412
0.872   0.545015482104   0.531190653405
0.968   0.544155983075   0.533273572691
1.064   0.543572062165   0.534559811287
1.16   0.543199333119   0.535335058817
1.256   0.542975189737   0.535789594945
1.352   0.542847077957   0.536049680145
1.448   0.542775805905   0.536196103161
1.544   0.542737251049   0.536277274594
1.64   0.542716660226   0.536322181623
1.736   0.542705743449   0.53634690008
1.832   0.542699979202   0.536360480476
1.928   0.542696942405   0.536367934254
2.024   0.542695344477   0.536372023307
2.12   0.542694504224   0.536374265953
2.216   0.542694062544   0.536375495785
2.312   0.54269383042   0.536376170166
2.408   0.54269370844   0.536376539955
2.504   0.542693644344   0.536376742721
2.6   0.542693610664   0.536376853903
2.696   0.542693592968   0.536376914868
2.792   0.54269358367   0.536376948296
2.888   0.542693578784   0.536376966626
2.984   0.542693576217   0.536376976676
3.08   0.542693574868   0.536376982187
3.176   0.542693574159   0.536376985209
3.272   0.542693573787   0.536376986866
3.368   0.542693573591   0.536376987775
3.464   0.542693573488   0.536376988273
3.56   0.542693573434   0.536376988546
3.656   0.542693573406   0.536376988696
3.752   0.542693573391   0.536376988778
3.848   0.542693573383   0.536376988823
3.944   0.542693573379   0.536376988848
4.04   0.542693573377   0.536376988861
4.136   0.542693573376   0.536376988869
4.232   0.542693573375   0.536376988873
4.328   0.542693573375   0.536376988875
4.424   0.542693573375   0.536376988876
4.52   0.542693573375   0.536376988877
4.616   0.542693573375   0.536376988877
4.712   0.542693573375   0.536376988877
4.808   0.542693573375   0.536376988877
4.904   0.542693573375   0.536376988878
5.0   0.542693573375   0.536376988878
5.096   0.542693573375   0.536376988878
5.192   0.542693573375   0.536376988878
5.288   0.542693573375   0.536376988878
5.384   0.542693573375   0.536376988878
5.48   0.542693573375   0.536376988878
5.576   0.542693573375   0.536376988878
5.672   0.542693573375   0.536376988878
5.768   0.542693573375   0.536376988878
5.864   0.542693573375   0.536376988878
5.96   0.542693573375   0.536376988878
6.056   0.542693573375   0.536376988878
6.152   0.542693573375   0.536376988878
6.248   0.542693573375   0.536376988878
6.344   0.542693573375   0.536376988878
6.44   0.542693573375   0.536376988878
6.536   0.542693573375   0.536376988878
6.632   0.542693573375   0.536376988878
6.728   0.542693573375   0.536376988878
6.824   0.542693573375   0.536376988878
6.92   0.542693573375   0.536376988878
7.016   0.542693573375   0.536376988878
7.112   0.542693573375   0.536376988878
7.208   0.542693573375   0.536376988878
7.304   0.542693573375   0.536376988878
7.4   0.542693573375   0.536376988878
7.496   0.542693573375   0.536376988878
7.592   0.542693573375   0.536376988878
7.688   0.542693573375   0.536376988878
7.784   0.542693573375   0.536376988878
7.88   0.542693573375   0.536376988878
7.976   0.542693573375   0.536376988878
8.072   0.542693573375   0.536376988878
8.168   0.542693573375   0.536376988878
8.264   0.542693573375   0.536376988878
8.36   0.542693573375   0.536376988878
8.456   0.542693573375   0.536376988878
8.552   0.542693573375   0.536376988878
8.648   0.542693573375   0.536376988878
8.744   0.542693573375   0.536376988878
8.84   0.542693573375   0.536376988878
8.936   0.542693573375   0.536376988878
9.032   0.542693573375   0.536376988878
9.128   0.542693573375   0.536376988878
9.224   0.542693573375   0.536376988878
9.32   0.542693573375   0.536376988878
9.416   0.542693573375   0.536376988878
9.512   0.542693573375   0.536376988878
9.608   0.542693573375   0.536376988878
9.704   0.542693573375   0.536376988878
