0.2   0.561808130086   0.397235598485
0.296   0.557156705776   0.43701776584
0.392   0.553242365761   0.464335380069
0.488   0.550067288335   0.483300842515
0.584   0.547607366073   0.496275887119
0.68   0.545805926497   0.504899259552
0.776   0.544569695001   0.510443154927
0.872   0.543776510455   0.513900275638
0.968   0.543297968697   0.516004888735
1.064   0.54302328736   0.517265010465
1.16   0.54287053166   0.518011919317
1.256   0.542787692344   0.518452656747
1.352   0.542743367585   0.518712001652
1.448   0.542719837391   0.518864531244
1.544   0.542707402674   0.51895425537
1.64   0.542700848237   0.51900704865
1.736   0.542697398273   0.519038124036
1.832   0.542695583802   0.519056421444
1.928   0.542694629918   0.519067197702
2.024   0.542694128573   0.519073545509
2.12   0.54269386511   0.519077285187
2.216   0.542693726666   0.519079488531
2.312   0.54269365392   0.519080786772
2.408   0.542693615696   0.519081551745
2.504   0.542693595612   0.519082002506
2.6   0.542693585059   0.519082268123
2.696   0.542693579514   0.519082424642
2.792   0.5426935766   0.519082516874
2.888   0.54269357507   0.519082571224
2.984   0.542693574265   0.519082603252
3.08   0.542693573843   0.519082622125
3.176   0.542693573621   0.519082633246
3.272   0.542693573504   0.5190826398
3.368   0.542693573443   0.519082643661
3.464   0.54269357341   0.519082645937
3.56   0.542693573393   0.519082647278
3.656   0.542693573385   0.519082648068
3.752   0.54269357338   0.519082648534
3.848   0.542693573377   0.519082648809
3.944   0.542693573376   0.51908264897
4.04   0.542693573375   0.519082649066
4.136   0.542693573375   0.519082649122
4.232   0.542693573375   0.519082649155
4.328   0.542693573375   0.519082649174
4.424   0.542693573375   0.519082649186
4.52   0.542693573375   0.519082649193
4.616   0.542693573375   0.519082649197
4.712   0.542693573375   0.519082649199
4.808   0.542693573375   0.5190826492
4.904   0.542693573375   0.519082649201
5.0   0.542693573375   0.519082649202
5.096   0.542693573375   0.519082649202
5.192   0.542693573375   0.519082649202
5.288   0.542693573375   0.519082649202
5.384   0.542693573375   0.519082649202
5.48   0.542693573375   0.519082649202
5.576   0.542693573375   0.519082649202
5.672   0.542693573375   0.519082649202
5.768   0.542693573375   0.519082649202
5.864   0.542693573375   0.519082649202
5.96   0.542693573375   0.519082649202
6.056   0.542693573375   0.519082649202
6.152   0.542693573375   0.519082649202
6.248   0.542693573375   0.519082649202
6.344   0.542693573375   0.519082649202
6.44   0.542693573375   0.519082649202
6.536   0.542693573375   0.519082649202
6.632   0.542693573375   0.519082649202
6.728   0.542693573375   0.519082649202
6.824   0.542693573375   0.519082649202
6.92   0.542693573375   0.519082649202
7.016   0.542693573375   0.519082649202
7.112   0.542693573375   0.519082649202
7.208   0.542693573375   0.519082649202
7.304   0.542693573375   0.519082649202
7.4   0.542693573375   0.519082649202
7.496   0.542693573375   0.519082649202
7.592   0.542693573375   0.519082649202
7.688   0.542693573375   0.519082649202
7.784   0.542693573375   0.519082649202
7.88   0.542693573375   0.519082649202
7.976   0.542693573375   0.519082649202
8.072   0.542693573375   0.519082649202
8.168   0.542693573375   0.519082649202
8.264   0.542693573375   0.519082649202
8.36   0.542693573375   0.519082649202
8.456   0.542693573375   0.519082649202
8.552   0.542693573375   0.519082649202
8.648   0.542693573375   0.519082649202
8.744   0.542693573375   0.519082649202
8.84   0.542693573375   0.519082649202
8.936   0.542693573375   0.519082649202
9.032   0.542693573375   0.519082649202
9.128   0.542693573375   0.519082649202
9.224   0.542693573375   0.519082649202
9.32   0.542693573375   0.519082649202
9.416   0.542693573375   0.519082649202
9.512   0.542693573375   0.519082649202
9.608   0.542693573375   0.519082649202
9.704   0.542693573375   0.519082649202
