0.2   0.56747957352   0.452146296321
0.296   0.565560925979   0.491820683669
0.392   0.564305136491   0.515622260382
0.488   0.563601597276   0.52905861638
0.584   0.563266205912   0.535977634593
0.68   0.5631257214   0.53936350205
0.776   0.56307077282   0.541016093807
0.872   0.563050286935   0.54183637726
0.968   0.563042770361   0.542251038415
1.064   0.563040031201   0.542463541487
1.16   0.563039035819   0.542573485756
1.256   0.563038674519   0.54263071634
1.352   0.563038543435   0.542660620118
1.448   0.563038495884   0.542676281142
1.544   0.563038478637   0.542684494271
1.64   0.563038472381   0.542688804965
1.736   0.563038470112   0.542691068512
1.832   0.563038469289   0.542692257423
1.928   0.56303846899   0.542692881987
2.024   0.563038468882   0.542693210114
2.12   0.563038468843   0.542693382511
2.216   0.563038468828   0.542693473091
2.312   0.563038468823   0.542693520683
2.408   0.563038468821   0.542693545689
2.504   0.563038468821   0.542693558828
2.6   0.56303846882   0.542693565731
2.696   0.56303846882   0.542693569359
2.792   0.56303846882   0.542693571264
2.888   0.56303846882   0.542693572266
2.984   0.56303846882   0.542693572792
3.08   0.56303846882   0.542693573069
3.176   0.56303846882   0.542693573214
3.272   0.56303846882   0.54269357329
3.368   0.56303846882   0.54269357333
3.464   0.56303846882   0.542693573351
3.56   0.56303846882   0.542693573362
3.656   0.56303846882   0.542693573368
3.752   0.56303846882   0.542693573371
3.848   0.56303846882   0.542693573373
3.944   0.56303846882   0.542693573374
4.04   0.56303846882   0.542693573374
4.136   0.56303846882   0.542693573374
4.232   0.56303846882   0.542693573375
4.328   0.56303846882   0.542693573375
4.424   0.56303846882   0.542693573375
4.52   0.56303846882   0.542693573375
4.616   0.56303846882   0.542693573375
4.712   0.56303846882   0.542693573375
4.808   0.56303846882   0.542693573375
4.904   0.56303846882   0.542693573375
5.0   0.56303846882   0.542693573375
5.096   0.56303846882   0.542693573375
5.192   0.56303846882   0.542693573375
5.288   0.56303846882   0.542693573375
5.384   0.56303846882   0.542693573375
5.48   0.56303846882   0.542693573375
5.576   0.56303846882   0.542693573375
5.672   0.56303846882   0.542693573375
5.768   0.56303846882   0.542693573375
5.864   0.56303846882   0.542693573375
5.96   0.56303846882   0.542693573375
6.056   0.56303846882   0.542693573375
6.152   0.56303846882   0.542693573375
6.248   0.56303846882   0.542693573375
6.344   0.56303846882   0.542693573375
6.44   0.56303846882   0.542693573375
6.536   0.56303846882   0.542693573375
6.632   0.56303846882   0.542693573375
6.728   0.56303846882   0.542693573375
6.824   0.56303846882   0.542693573375
6.92   0.56303846882   0.542693573375
7.016   0.56303846882   0.542693573375
7.112   0.56303846882   0.542693573375
7.208   0.56303846882   0.542693573375
7.304   0.56303846882   0.542693573375
7.4   0.56303846882   0.542693573375
7.496   0.56303846882   0.542693573375
7.592   0.56303846882   0.542693573375
7.688   0.56303846882   0.542693573375
7.784   0.56303846882   0.542693573375
7.88   0.56303846882   0.542693573375
7.976   0.56303846882   0.542693573375
8.072   0.56303846882   0.542693573375
8.168   0.56303846882   0.542693573375
8.264   0.56303846882   0.542693573375
8.36   0.56303846882   0.542693573375
8.456   0.56303846882   0.542693573375
8.552   0.56303846882   0.542693573375
8.648   0.56303846882   0.542693573375
8.744   0.56303846882   0.542693573375
8.84   0.56303846882   0.542693573375
8.936   0.56303846882   0.542693573375
9.032   0.56303846882   0.542693573375
9.128   0.56303846882   0.542693573375
9.224   0.56303846882   0.542693573375
9.32   0.56303846882   0.542693573375
9.416   0.56303846882   0.542693573375
9.512   0.56303846882   0.542693573375
9.608   0.56303846882   0.542693573375
9.704   0.56303846882   0.542693573375
