0.2   0.563446675028   0.421545759179
0.296   0.559391677171   0.461060276421
0.392   0.555897253064   0.487700175902
0.488   0.552940343521   0.505803683857
0.584   0.550483868405   0.517876681057
0.68   0.548481469668   0.525728690265
0.776   0.546881712961   0.530761513883
0.872   0.545632175847   0.533983890239
0.968   0.54468232307   0.536056848921
1.064   0.543984779434   0.537391592319
1.16   0.543494901405   0.538242549315
1.256   0.543168883849   0.538772972323
1.352   0.542964527469   0.539092880605
1.448   0.542844134368   0.539279243966
1.544   0.542775004306   0.539384675776
1.64   0.542737059927   0.539443065402
1.736   0.542716627932   0.539475005785
1.832   0.542705746045   0.539492346816
1.928   0.542699986086   0.539501720511
2.024   0.542696947565   0.539506775117
2.12   0.542695347617   0.539509497123
2.216   0.542694505992   0.539510961945
2.312   0.542694063506   0.539511749932
2.408   0.542693830934   0.539512173741
2.504   0.542693708713   0.539512401658
2.6   0.542693644488   0.539512524221
2.696   0.54269361074   0.539512590128
2.792   0.542693593008   0.539512625568
2.888   0.542693583691   0.539512644625
2.984   0.542693578795   0.539512654873
3.08   0.542693576223   0.539512660383
3.176   0.542693574871   0.539512663346
3.272   0.542693574161   0.53951266494
3.368   0.542693573788   0.539512665797
3.464   0.542693573592   0.539512666257
3.56   0.542693573489   0.539512666505
3.656   0.542693573435   0.539512666638
3.752   0.542693573406   0.53951266671
3.848   0.542693573391   0.539512666748
3.944   0.542693573383   0.539512666769
4.04   0.542693573379   0.53951266678
4.136   0.542693573377   0.539512666786
4.232   0.542693573376   0.539512666789
4.328   0.542693573375   0.539512666791
4.424   0.542693573375   0.539512666792
4.52   0.542693573375   0.539512666793
4.616   0.542693573375   0.539512666793
4.712   0.542693573375   0.539512666793
4.808   0.542693573375   0.539512666793
4.904   0.542693573375   0.539512666793
5.0   0.542693573375   0.539512666793
5.096   0.542693573375   0.539512666793
5.192   0.542693573375   0.539512666793
5.288   0.542693573375   0.539512666793
5.384   0.542693573375   0.539512666793
5.48   0.542693573375   0.539512666793
5.576   0.542693573375   0.539512666793
5.672   0.542693573375   0.539512666793
5.768   0.542693573375   0.539512666793
5.864   0.542693573375   0.539512666793
5.96   0.542693573375   0.539512666793
6.056   0.542693573375   0.539512666793
6.152   0.542693573375   0.539512666793
6.248   0.542693573375   0.539512666793
6.344   0.542693573375   0.539512666793
6.44   0.542693573375   0.539512666793
6.536   0.542693573375   0.539512666793
6.632   0.542693573375   0.539512666793
6.728   0.542693573375   0.539512666793
6.824   0.542693573375   0.539512666793
6.92   0.542693573375   0.539512666793
7.016   0.542693573375   0.539512666793
7.112   0.542693573375   0.539512666793
7.208   0.542693573375   0.539512666793
7.304   0.542693573375   0.539512666793
7.4   0.542693573375   0.539512666793
7.496   0.542693573375   0.539512666793
7.592   0.542693573375   0.539512666793
7.688   0.542693573375   0.539512666793
7.784   0.542693573375   0.539512666793
7.88   0.542693573375   0.539512666793
7.976   0.542693573375   0.539512666793
8.072   0.542693573375   0.539512666793
8.168   0.542693573375   0.539512666793
8.264   0.542693573375   0.539512666793
8.36   0.542693573375   0.539512666793
8.456   0.542693573375   0.539512666793
8.552   0.542693573375   0.539512666793
8.648   0.542693573375   0.539512666793
8.744   0.542693573375   0.539512666793
8.84   0.542693573375   0.539512666793
8.936   0.542693573375   0.539512666793
9.032   0.542693573375   0.539512666793
9.128   0.542693573375   0.539512666793
9.224   0.542693573375   0.539512666793
9.32   0.542693573375   0.539512666793
9.416   0.542693573375   0.539512666793
9.512   0.542693573375   0.539512666793
9.608   0.542693573375   0.539512666793
9.704   0.542693573375   0.539512666793
