0.2   0.562705238071   0.415170716192
0.296   0.55836120365   0.45357342879
0.392   0.554639189727   0.479871610197
0.488   0.551525871143   0.498031279359
0.584   0.548994002959   0.510362383183
0.68   0.5470051266   0.518508911375
0.776   0.545509576022   0.523748326899
0.872   0.544444355989   0.527039726308
0.968   0.543731826426   0.529060092266
1.064   0.543284941723   0.530270784305
1.16   0.543020348569   0.530980241899
1.256   0.542870671284   0.531388633222
1.352   0.542788198371   0.531621185699
1.448   0.54274376229   0.531752567475
1.544   0.542720081996   0.531826539581
1.64   0.542707541748   0.531868115578
1.736   0.54270092427   0.531891463913
1.832   0.542697439048   0.531904571162
1.928   0.542695605456   0.531911928275
2.024   0.54269464136   0.531916057676
2.12   0.542694134602   0.53191837543
2.216   0.542693868282   0.53191967636
2.312   0.542693728334   0.531920406569
2.408   0.542693654797   0.531920816439
2.504   0.542693616157   0.531921046503
2.6   0.542693595854   0.531921175642
2.696   0.542693585186   0.531921248129
2.792   0.542693579581   0.531921288818
2.888   0.542693576635   0.531921311657
2.984   0.542693575088   0.531921324477
3.08   0.542693574275   0.531921331673
3.176   0.542693573848   0.531921335713
3.272   0.542693573623   0.53192133798
3.368   0.542693573505   0.531921339253
3.464   0.542693573443   0.531921339967
3.56   0.542693573411   0.531921340368
3.656   0.542693573394   0.531921340593
3.752   0.542693573385   0.53192134072
3.848   0.54269357338   0.531921340791
3.944   0.542693573377   0.53192134083
4.04   0.542693573376   0.531921340853
4.136   0.542693573375   0.531921340865
4.232   0.542693573375   0.531921340872
4.328   0.542693573375   0.531921340876
4.424   0.542693573375   0.531921340879
4.52   0.542693573375   0.53192134088
4.616   0.542693573375   0.53192134088
4.712   0.542693573375   0.531921340881
4.808   0.542693573375   0.531921340881
4.904   0.542693573375   0.531921340881
5.0   0.542693573375   0.531921340881
5.096   0.542693573375   0.531921340881
5.192   0.542693573375   0.531921340881
5.288   0.542693573375   0.531921340881
5.384   0.542693573375   0.531921340881
5.48   0.542693573375   0.531921340881
5.576   0.542693573375   0.531921340881
5.672   0.542693573375   0.531921340881
5.768   0.542693573375   0.531921340881
5.864   0.542693573375   0.531921340881
5.96   0.542693573375   0.531921340881
6.056   0.542693573375   0.531921340881
6.152   0.542693573375   0.531921340881
6.248   0.542693573375   0.531921340881
6.344   0.542693573375   0.531921340881
6.44   0.542693573375   0.531921340881
6.536   0.542693573375   0.531921340881
6.632   0.542693573375   0.531921340881
6.728   0.542693573375   0.531921340881
6.824   0.542693573375   0.531921340881
6.92   0.542693573375   0.531921340881
7.016   0.542693573375   0.531921340881
7.112   0.542693573375   0.531921340881
7.208   0.542693573375   0.531921340881
7.304   0.542693573375   0.531921340881
7.4   0.542693573375   0.531921340881
7.496   0.542693573375   0.531921340881
7.592   0.542693573375   0.531921340881
7.688   0.542693573375   0.531921340881
7.784   0.542693573375   0.531921340881
7.88   0.542693573375   0.531921340881
7.976   0.542693573375   0.531921340881
8.072   0.542693573375   0.531921340881
8.168   0.542693573375   0.531921340881
8.264   0.542693573375   0.531921340881
8.36   0.542693573375   0.531921340881
8.456   0.542693573375   0.531921340881
8.552   0.542693573375   0.531921340881
8.648   0.542693573375   0.531921340881
8.744   0.542693573375   0.531921340881
8.84   0.542693573375   0.531921340881
8.936   0.542693573375   0.531921340881
9.032   0.542693573375   0.531921340881
9.128   0.542693573375   0.531921340881
9.224   0.542693573375   0.531921340881
9.32   0.542693573375   0.531921340881
9.416   0.542693573375   0.531921340881
9.512   0.542693573375   0.531921340881
9.608   0.542693573375   0.531921340881
9.704   0.542693573375   0.531921340881
