0.2   0.561714523336   0.386732682288
0.296   0.557025219687   0.429542178792
0.392   0.553087157624   0.458575437478
0.488   0.549906572631   0.478588652042
0.584   0.547460111918   0.492225286384
0.68   0.545686181897   0.5012689013
0.776   0.544482827503   0.507077908052
0.872   0.54371954236   0.510702003852
0.968   0.543263450203   0.512912959471
1.064   0.543003453414   0.514241951645
1.16   0.542859581956   0.515033997755
1.256   0.542781774143   0.515504400767
1.352   0.542740208244   0.51578321837
1.448   0.542718162693   0.515948464104
1.544   0.542706518457   0.516046435244
1.64   0.542700382406   0.516104548444
1.736   0.542697153155   0.516139034726
1.832   0.542695454908   0.516159507507
1.928   0.542694562164   0.516171664542
2.024   0.542694092965   0.516178885012
2.12   0.542693846397   0.516183174093
2.216   0.542693716833   0.516185722124
2.312   0.542693648753   0.516187235942
2.408   0.542693612981   0.516188135358
2.504   0.542693594185   0.51618866975
2.6   0.542693584309   0.516188987267
2.696   0.54269357912   0.516189175928
2.792   0.542693576393   0.516189288025
2.888   0.542693574961   0.516189354631
2.984   0.542693574208   0.516189394207
3.08   0.542693573813   0.516189417723
3.176   0.542693573605   0.516189431695
3.272   0.542693573496   0.516189439998
3.368   0.542693573438   0.516189444931
3.464   0.542693573408   0.516189447862
3.56   0.542693573392   0.516189449603
3.656   0.542693573384   0.516189450638
3.752   0.542693573379   0.516189451253
3.848   0.542693573377   0.516189451619
3.944   0.542693573376   0.516189451836
4.04   0.542693573375   0.516189451965
4.136   0.542693573375   0.516189452041
4.232   0.542693573375   0.516189452087
4.328   0.542693573375   0.516189452114
4.424   0.542693573375   0.51618945213
4.52   0.542693573375   0.51618945214
4.616   0.542693573375   0.516189452145
4.712   0.542693573375   0.516189452149
4.808   0.542693573375   0.516189452151
4.904   0.542693573375   0.516189452152
5.0   0.542693573375   0.516189452152
5.096   0.542693573375   0.516189452153
5.192   0.542693573375   0.516189452153
5.288   0.542693573375   0.516189452153
5.384   0.542693573375   0.516189452153
5.48   0.542693573375   0.516189452153
5.576   0.542693573375   0.516189452153
5.672   0.542693573375   0.516189452153
5.768   0.542693573375   0.516189452153
5.864   0.542693573375   0.516189452154
5.96   0.542693573375   0.516189452154
6.056   0.542693573375   0.516189452154
6.152   0.542693573375   0.516189452154
6.248   0.542693573375   0.516189452154
6.344   0.542693573375   0.516189452154
6.44   0.542693573375   0.516189452154
6.536   0.542693573375   0.516189452154
6.632   0.542693573375   0.516189452154
6.728   0.542693573375   0.516189452154
6.824   0.542693573375   0.516189452154
6.92   0.542693573375   0.516189452154
7.016   0.542693573375   0.516189452154
7.112   0.542693573375   0.516189452154
7.208   0.542693573375   0.516189452154
7.304   0.542693573375   0.516189452154
7.4   0.542693573375   0.516189452154
7.496   0.542693573375   0.516189452154
7.592   0.542693573375   0.516189452154
7.688   0.542693573375   0.516189452154
7.784   0.542693573375   0.516189452154
7.88   0.542693573375   0.516189452154
7.976   0.542693573375   0.516189452154
8.072   0.542693573375   0.516189452154
8.168   0.542693573375   0.516189452154
8.264   0.542693573375   0.516189452154
8.36   0.542693573375   0.516189452154
8.456   0.542693573375   0.516189452154
8.552   0.542693573375   0.516189452154
8.648   0.542693573375   0.516189452154
8.744   0.542693573375   0.516189452154
8.84   0.542693573375   0.516189452154
8.936   0.542693573375   0.516189452154
9.032   0.542693573375   0.516189452154
9.128   0.542693573375   0.516189452154
9.224   0.542693573375   0.516189452154
9.32   0.542693573375   0.516189452154
9.416   0.542693573375   0.516189452154
9.512   0.542693573375   0.516189452154
9.608   0.542693573375   0.516189452154
9.704   0.542693573375   0.516189452154
