0.2   0.56123966137   0.368759320433
0.296   0.556414319659   0.41433529506
0.392   0.552420770332   0.444982847089
0.488   0.54926623608   0.466023389349
0.584   0.54691252297   0.480349406408
0.68   0.545267815872   0.489872094351
0.776   0.544194874677   0.496022023337
0.872   0.54353811725   0.49989369162
0.968   0.543156520451   0.502286841436
1.064   0.542943140757   0.503749859772
1.16   0.542826617467   0.504639235418
1.256   0.542764059635   0.505178896633
1.352   0.542730782182   0.505506130387
1.448   0.542713175057   0.505704644504
1.544   0.542703887624   0.50582515157
1.64   0.542698997138   0.505898352104
1.736   0.542696424443   0.505942841037
1.832   0.542695071776   0.505969891418
1.928   0.542694360785   0.505986343886
2.024   0.542693987134   0.505996352793
2.12   0.542693790785   0.506002442702
2.216   0.542693687611   0.506006148506
2.312   0.542693633399   0.506008403713
2.408   0.542693604913   0.506009776211
2.504   0.542693589946   0.506010611528
2.6   0.542693582082   0.506011119923
2.696   0.54269357795   0.506011429349
2.792   0.542693575778   0.506011617678
2.888   0.542693574638   0.506011732303
2.984   0.542693574038   0.506011802069
3.08   0.542693573723   0.506011844532
3.176   0.542693573558   0.506011870376
3.272   0.542693573471   0.506011886107
3.368   0.542693573425   0.506011895681
3.464   0.542693573401   0.506011901509
3.56   0.542693573389   0.506011905055
3.656   0.542693573382   0.506011907214
3.752   0.542693573379   0.506011908528
3.848   0.542693573377   0.506011909328
3.944   0.542693573376   0.506011909815
4.04   0.542693573375   0.506011910111
4.136   0.542693573375   0.506011910291
4.232   0.542693573375   0.506011910401
4.328   0.542693573375   0.506011910468
4.424   0.542693573375   0.506011910509
4.52   0.542693573375   0.506011910533
4.616   0.542693573375   0.506011910548
4.712   0.542693573375   0.506011910557
4.808   0.542693573375   0.506011910563
4.904   0.542693573375   0.506011910566
5.0   0.542693573375   0.506011910569
5.096   0.542693573375   0.50601191057
5.192   0.542693573375   0.506011910571
5.288   0.542693573375   0.506011910571
5.384   0.542693573375   0.506011910571
5.48   0.542693573375   0.506011910571
5.576   0.542693573375   0.506011910572
5.672   0.542693573375   0.506011910572
5.768   0.542693573375   0.506011910572
5.864   0.542693573375   0.506011910572
5.96   0.542693573375   0.506011910572
6.056   0.542693573375   0.506011910572
6.152   0.542693573375   0.506011910572
6.248   0.542693573375   0.506011910572
6.344   0.542693573375   0.506011910572
6.44   0.542693573375   0.506011910572
6.536   0.542693573375   0.506011910572
6.632   0.542693573375   0.506011910572
6.728   0.542693573375   0.506011910572
6.824   0.542693573375   0.506011910572
6.92   0.542693573375   0.506011910572
7.016   0.542693573375   0.506011910572
7.112   0.542693573375   0.506011910572
7.208   0.542693573375   0.506011910572
7.304   0.542693573375   0.506011910572
7.4   0.542693573375   0.506011910572
7.496   0.542693573375   0.506011910572
7.592   0.542693573375   0.506011910572
7.688   0.542693573375   0.506011910572
7.784   0.542693573375   0.506011910572
7.88   0.542693573375   0.506011910572
7.976   0.542693573375   0.506011910572
8.072   0.542693573375   0.506011910572
8.168   0.542693573375   0.506011910572
8.264   0.542693573375   0.506011910572
8.36   0.542693573375   0.506011910572
8.456   0.542693573375   0.506011910572
8.552   0.542693573375   0.506011910572
8.648   0.542693573375   0.506011910572
8.744   0.542693573375   0.506011910572
8.84   0.542693573375   0.506011910572
8.936   0.542693573375   0.506011910572
9.032   0.542693573375   0.506011910572
9.128   0.542693573375   0.506011910572
9.224   0.542693573375   0.506011910572
9.32   0.542693573375   0.506011910572
9.416   0.542693573375   0.506011910572
9.512   0.542693573375   0.506011910572
9.608   0.542693573375   0.506011910572
9.704   0.542693573375   0.506011910572
