0.2   0.566019176813   0.446246600354
0.296   0.563260362669   0.484736038988
0.392   0.561104979892   0.509216473384
0.488   0.559537242437   0.524321307662
0.584   0.558500224534   0.533005729484
0.68   0.557886552567   0.537683724163
0.776   0.557560598527   0.540115024694
0.872   0.55740189569   0.54136339592
0.968   0.557328301704   0.542004216272
1.064   0.557295409426   0.542334907707
1.16   0.557280930405   0.542506316931
1.256   0.557274604451   0.542595576254
1.352   0.557271850537   0.542642208941
1.448   0.557270653687   0.542666624767
1.544   0.557270133946   0.542679426144
1.64   0.557269908328   0.542686143798
1.736   0.557269810403   0.542689670808
1.832   0.557269767905   0.542691523198
1.928   0.557269749462   0.542692496255
2.024   0.557269741458   0.542693007454
2.12   0.557269737984   0.542693276032
2.216   0.557269736477   0.542693417145
2.312   0.557269735823   0.542693491288
2.408   0.557269735539   0.542693530244
2.504   0.557269735416   0.542693550712
2.6   0.557269735362   0.542693561467
2.696   0.557269735339   0.542693567118
2.792   0.557269735329   0.542693570087
2.888   0.557269735325   0.542693571647
2.984   0.557269735323   0.542693572467
3.08   0.557269735322   0.542693572898
3.176   0.557269735322   0.542693573124
3.272   0.557269735321   0.542693573243
3.368   0.557269735321   0.542693573305
3.464   0.557269735321   0.542693573338
3.56   0.557269735321   0.542693573356
3.656   0.557269735321   0.542693573365
3.752   0.557269735321   0.542693573369
3.848   0.557269735321   0.542693573372
3.944   0.557269735321   0.542693573373
4.04   0.557269735321   0.542693573374
4.136   0.557269735321   0.542693573374
4.232   0.557269735321   0.542693573374
4.328   0.557269735321   0.542693573375
4.424   0.557269735321   0.542693573375
4.52   0.557269735321   0.542693573375
4.616   0.557269735321   0.542693573375
4.712   0.557269735321   0.542693573375
4.808   0.557269735321   0.542693573375
4.904   0.557269735321   0.542693573375
5.0   0.557269735321   0.542693573375
5.096   0.557269735321   0.542693573375
5.192   0.557269735321   0.542693573375
5.288   0.557269735321   0.542693573375
5.384   0.557269735321   0.542693573375
5.48   0.557269735321   0.542693573375
5.576   0.557269735321   0.542693573375
5.672   0.557269735321   0.542693573375
5.768   0.557269735321   0.542693573375
5.864   0.557269735321   0.542693573375
5.96   0.557269735321   0.542693573375
6.056   0.557269735321   0.542693573375
6.152   0.557269735321   0.542693573375
6.248   0.557269735321   0.542693573375
6.344   0.557269735321   0.542693573375
6.44   0.557269735321   0.542693573375
6.536   0.557269735321   0.542693573375
6.632   0.557269735321   0.542693573375
6.728   0.557269735321   0.542693573375
6.824   0.557269735321   0.542693573375
6.92   0.557269735321   0.542693573375
7.016   0.557269735321   0.542693573375
7.112   0.557269735321   0.542693573375
7.208   0.557269735321   0.542693573375
7.304   0.557269735321   0.542693573375
7.4   0.557269735321   0.542693573375
7.496   0.557269735321   0.542693573375
7.592   0.557269735321   0.542693573375
7.688   0.557269735321   0.542693573375
7.784   0.557269735321   0.542693573375
7.88   0.557269735321   0.542693573375
7.976   0.557269735321   0.542693573375
8.072   0.557269735321   0.542693573375
8.168   0.557269735321   0.542693573375
8.264   0.557269735321   0.542693573375
8.36   0.557269735321   0.542693573375
8.456   0.557269735321   0.542693573375
8.552   0.557269735321   0.542693573375
8.648   0.557269735321   0.542693573375
8.744   0.557269735321   0.542693573375
8.84   0.557269735321   0.542693573375
8.936   0.557269735321   0.542693573375
9.032   0.557269735321   0.542693573375
9.128   0.557269735321   0.542693573375
9.224   0.557269735321   0.542693573375
9.32   0.557269735321   0.542693573375
9.416   0.557269735321   0.542693573375
9.512   0.557269735321   0.542693573375
9.608   0.557269735321   0.542693573375
9.704   0.557269735321   0.542693573375
