0.2   0.562464606515   0.388032383943
0.296   0.557999644087   0.435277071333
0.392   0.55417690412   0.466498681673
0.488   0.550999044147   0.487641831527
0.584   0.548451196138   0.501844273906
0.68   0.546499212035   0.511153530475
0.776   0.545085153004   0.517083133935
0.872   0.544124884074   0.520759830263
0.968   0.543514766966   0.522985916356
1.064   0.5431497585   0.524307382741
1.16   0.542941638979   0.52508052301
1.256   0.542826423873   0.525528685671
1.352   0.54276413688   0.525787283535
1.448   0.542730874724   0.52593610383
1.544   0.542713238447   0.526021635641
1.64   0.542703925077   0.526070817713
1.736   0.542699017973   0.526099093512
1.832   0.542696435712   0.526115352552
1.928   0.542695077786   0.526124703291
2.024   0.542694363968   0.526130081717
2.12   0.542693988813   0.526133175631
2.216   0.542693791669   0.526134955518
2.312   0.542693688076   0.526135979513
2.408   0.542693633643   0.526136568652
2.504   0.542693605042   0.52613690761
2.6   0.542693590014   0.526137102631
2.696   0.542693582117   0.526137214838
2.792   0.542693577968   0.526137279398
2.888   0.542693575788   0.526137316543
2.984   0.542693574643   0.526137337915
3.08   0.542693574041   0.526137350212
3.176   0.542693573725   0.526137357287
3.272   0.542693573559   0.526137361358
3.368   0.542693573471   0.5261373637
3.464   0.542693573425   0.526137365048
3.56   0.542693573401   0.526137365823
3.656   0.542693573389   0.526137366269
3.752   0.542693573382   0.526137366526
3.848   0.542693573379   0.526137366673
3.944   0.542693573377   0.526137366758
4.04   0.542693573376   0.526137366807
4.136   0.542693573375   0.526137366835
4.232   0.542693573375   0.526137366852
4.328   0.542693573375   0.526137366861
4.424   0.542693573375   0.526137366866
4.52   0.542693573375   0.526137366869
4.616   0.542693573375   0.526137366871
4.712   0.542693573375   0.526137366872
4.808   0.542693573375   0.526137366873
4.904   0.542693573375   0.526137366873
5.0   0.542693573375   0.526137366873
5.096   0.542693573375   0.526137366873
5.192   0.542693573375   0.526137366873
5.288   0.542693573375   0.526137366874
5.384   0.542693573375   0.526137366874
5.48   0.542693573375   0.526137366874
5.576   0.542693573375   0.526137366874
5.672   0.542693573375   0.526137366874
5.768   0.542693573375   0.526137366874
5.864   0.542693573375   0.526137366874
5.96   0.542693573375   0.526137366874
6.056   0.542693573375   0.526137366874
6.152   0.542693573375   0.526137366874
6.248   0.542693573375   0.526137366874
6.344   0.542693573375   0.526137366874
6.44   0.542693573375   0.526137366874
6.536   0.542693573375   0.526137366874
6.632   0.542693573375   0.526137366874
6.728   0.542693573375   0.526137366874
6.824   0.542693573375   0.526137366874
6.92   0.542693573375   0.526137366874
7.016   0.542693573375   0.526137366874
7.112   0.542693573375   0.526137366874
7.208   0.542693573375   0.526137366874
7.304   0.542693573375   0.526137366874
7.4   0.542693573375   0.526137366874
7.496   0.542693573375   0.526137366874
7.592   0.542693573375   0.526137366874
7.688   0.542693573375   0.526137366874
7.784   0.542693573375   0.526137366874
7.88   0.542693573375   0.526137366874
7.976   0.542693573375   0.526137366874
8.072   0.542693573375   0.526137366874
8.168   0.542693573375   0.526137366874
8.264   0.542693573375   0.526137366874
8.36   0.542693573375   0.526137366874
8.456   0.542693573375   0.526137366874
8.552   0.542693573375   0.526137366874
8.648   0.542693573375   0.526137366874
8.744   0.542693573375   0.526137366874
8.84   0.542693573375   0.526137366874
8.936   0.542693573375   0.526137366874
9.032   0.542693573375   0.526137366874
9.128   0.542693573375   0.526137366874
9.224   0.542693573375   0.526137366874
9.32   0.542693573375   0.526137366874
9.416   0.542693573375   0.526137366874
9.512   0.542693573375   0.526137366874
9.608   0.542693573375   0.526137366874
9.704   0.542693573375   0.526137366874
