0.2   0.561996317539   0.404256184211
0.296   0.557408072389   0.442743787681
0.392   0.55352946431   0.469284323218
0.488   0.550358965407   0.487747921621
0.584   0.547873381014   0.500387867804
0.68   0.546023589008   0.508788643367
0.776   0.544729504394   0.514188802071
0.872   0.543882845452   0.517554258057
0.968   0.543363168376   0.519598654503
1.064   0.543060712005   0.520817396217
1.16   0.542891508192   0.521535159293
1.256   0.542799066019   0.521954989024
1.352   0.542749450286   0.522199802075
1.448   0.54272306499   0.522342382221
1.544   0.542709107762   0.522425310624
1.64   0.542701746806   0.522473612632
1.736   0.542697871174   0.522501738851
1.832   0.542695832499   0.522518120645
1.928   0.542694760654   0.522527663939
2.024   0.542694197283   0.522533224277
2.12   0.542693901217   0.522536464326
2.216   0.542693745639   0.522538352471
2.312   0.542693663889   0.522539452847
2.408   0.542693620934   0.522540094148
2.504   0.542693598364   0.522540467908
2.6   0.542693586505   0.522540685743
2.696   0.542693580274   0.522540812704
2.792   0.542693577   0.522540886701
2.888   0.542693575279   0.522540929829
2.984   0.542693574375   0.522540954966
3.08   0.5426935739   0.522540969616
3.176   0.542693573651   0.522540978155
3.272   0.54269357352   0.522540983132
3.368   0.542693573451   0.522540986032
3.464   0.542693573415   0.522540987723
3.56   0.542693573396   0.522540988708
3.656   0.542693573386   0.522540989282
3.752   0.54269357338   0.522540989617
3.848   0.542693573378   0.522540989812
3.944   0.542693573376   0.522540989926
4.04   0.542693573375   0.522540989992
4.136   0.542693573375   0.522540990031
4.232   0.542693573375   0.522540990053
4.328   0.542693573375   0.522540990066
4.424   0.542693573375   0.522540990074
4.52   0.542693573375   0.522540990079
4.616   0.542693573375   0.522540990081
4.712   0.542693573375   0.522540990083
4.808   0.542693573375   0.522540990084
4.904   0.542693573375   0.522540990084
5.0   0.542693573375   0.522540990084
5.096   0.542693573375   0.522540990085
5.192   0.542693573375   0.522540990085
5.288   0.542693573375   0.522540990085
5.384   0.542693573375   0.522540990085
5.48   0.542693573375   0.522540990085
5.576   0.542693573375   0.522540990085
5.672   0.542693573375   0.522540990085
5.768   0.542693573375   0.522540990085
5.864   0.542693573375   0.522540990085
5.96   0.542693573375   0.522540990085
6.056   0.542693573375   0.522540990085
6.152   0.542693573375   0.522540990085
6.248   0.542693573375   0.522540990085
6.344   0.542693573375   0.522540990085
6.44   0.542693573375   0.522540990085
6.536   0.542693573375   0.522540990085
6.632   0.542693573375   0.522540990085
6.728   0.542693573375   0.522540990085
6.824   0.542693573375   0.522540990085
6.92   0.542693573375   0.522540990085
7.016   0.542693573375   0.522540990085
7.112   0.542693573375   0.522540990085
7.208   0.542693573375   0.522540990085
7.304   0.542693573375   0.522540990085
7.4   0.542693573375   0.522540990085
7.496   0.542693573375   0.522540990085
7.592   0.542693573375   0.522540990085
7.688   0.542693573375   0.522540990085
7.784   0.542693573375   0.522540990085
7.88   0.542693573375   0.522540990085
7.976   0.542693573375   0.522540990085
8.072   0.542693573375   0.522540990085
8.168   0.542693573375   0.522540990085
8.264   0.542693573375   0.522540990085
8.36   0.542693573375   0.522540990085
8.456   0.542693573375   0.522540990085
8.552   0.542693573375   0.522540990085
8.648   0.542693573375   0.522540990085
8.744   0.542693573375   0.522540990085
8.84   0.542693573375   0.522540990085
8.936   0.542693573375   0.522540990085
9.032   0.542693573375   0.522540990085
9.128   0.542693573375   0.522540990085
9.224   0.542693573375   0.522540990085
9.32   0.542693573375   0.522540990085
9.416   0.542693573375   0.522540990085
9.512   0.542693573375   0.522540990085
9.608   0.542693573375   0.522540990085
9.704   0.542693573375   0.522540990085
