0.2   0.570346178856   0.481729321676
0.296   0.569927108907   0.511152720463
0.392   0.569816099772   0.527413669335
0.488   0.569791141887   0.535440287973
0.584   0.569786322727   0.53918454649
0.68   0.569785399701   0.540950037194
0.776   0.569785223201   0.541809089281
0.872   0.56978518947   0.542238650211
0.968   0.569785183024   0.542457565454
1.064   0.569785181793   0.542570493569
1.16   0.569785181557   0.542629185543
1.256   0.569785181512   0.542659827454
1.352   0.569785181504   0.542675867952
1.448   0.569785181502   0.542684278104
1.544   0.569785181502   0.542688691649
1.64   0.569785181502   0.542691009048
1.736   0.569785181502   0.5426922262
1.832   0.569785181502   0.542692865587
1.928   0.569785181502   0.542693201499
2.024   0.569785181502   0.542693377985
2.12   0.569785181502   0.542693470712
2.216   0.569785181502   0.542693519433
2.312   0.569785181502   0.542693545032
2.408   0.569785181502   0.542693558483
2.504   0.569785181502   0.54269356555
2.6   0.569785181502   0.542693569263
2.696   0.569785181502   0.542693571214
2.792   0.569785181502   0.54269357224
2.888   0.569785181502   0.542693572778
2.984   0.569785181502   0.542693573061
3.08   0.569785181502   0.54269357321
3.176   0.569785181502   0.542693573288
3.272   0.569785181502   0.542693573329
3.368   0.569785181502   0.542693573351
3.464   0.569785181502   0.542693573362
3.56   0.569785181502   0.542693573368
3.656   0.569785181502   0.542693573371
3.752   0.569785181502   0.542693573373
3.848   0.569785181502   0.542693573374
3.944   0.569785181502   0.542693573374
4.04   0.569785181502   0.542693573374
4.136   0.569785181502   0.542693573375
4.232   0.569785181502   0.542693573375
4.328   0.569785181502   0.542693573375
4.424   0.569785181502   0.542693573375
4.52   0.569785181502   0.542693573375
4.616   0.569785181502   0.542693573375
4.712   0.569785181502   0.542693573375
4.808   0.569785181502   0.542693573375
4.904   0.569785181502   0.542693573375
5.0   0.569785181502   0.542693573375
5.096   0.569785181502   0.542693573375
5.192   0.569785181502   0.542693573375
5.288   0.569785181502   0.542693573375
5.384   0.569785181502   0.542693573375
5.48   0.569785181502   0.542693573375
5.576   0.569785181502   0.542693573375
5.672   0.569785181502   0.542693573375
5.768   0.569785181502   0.542693573375
5.864   0.569785181502   0.542693573375
5.96   0.569785181502   0.542693573375
6.056   0.569785181502   0.542693573375
6.152   0.569785181502   0.542693573375
6.248   0.569785181502   0.542693573375
6.344   0.569785181502   0.542693573375
6.44   0.569785181502   0.542693573375
6.536   0.569785181502   0.542693573375
6.632   0.569785181502   0.542693573375
6.728   0.569785181502   0.542693573375
6.824   0.569785181502   0.542693573375
6.92   0.569785181502   0.542693573375
7.016   0.569785181502   0.542693573375
7.112   0.569785181502   0.542693573375
7.208   0.569785181502   0.542693573375
7.304   0.569785181502   0.542693573375
7.4   0.569785181502   0.542693573375
7.496   0.569785181502   0.542693573375
7.592   0.569785181502   0.542693573375
7.688   0.569785181502   0.542693573375
7.784   0.569785181502   0.542693573375
7.88   0.569785181502   0.542693573375
7.976   0.569785181502   0.542693573375
8.072   0.569785181502   0.542693573375
8.168   0.569785181502   0.542693573375
8.264   0.569785181502   0.542693573375
8.36   0.569785181502   0.542693573375
8.456   0.569785181502   0.542693573375
8.552   0.569785181502   0.542693573375
8.648   0.569785181502   0.542693573375
8.744   0.569785181502   0.542693573375
8.84   0.569785181502   0.542693573375
8.936   0.569785181502   0.542693573375
9.032   0.569785181502   0.542693573375
9.128   0.569785181502   0.542693573375
9.224   0.569785181502   0.542693573375
9.32   0.569785181502   0.542693573375
9.416   0.569785181502   0.542693573375
9.512   0.569785181502   0.542693573375
9.608   0.569785181502   0.542693573375
9.704   0.569785181502   0.542693573375
