0.2   0.563359716908   0.409463272205
0.296   0.559247122952   0.453369169557
0.392   0.555692966254   0.482443007007
0.488   0.552680138323   0.502015901042
0.584   0.550177365722   0.515007959892
0.68   0.548143721432   0.523430553851
0.776   0.54653251416   0.528802703805
0.872   0.545294635317   0.53220987656
0.968   0.544379950974   0.534364627715
1.064   0.543736692318   0.535714743363
1.16   0.543309848308   0.536543972712
1.256   0.54304363365   0.537039249088
1.352   0.542887219629   0.537326406444
1.448   0.542798154988   0.537488924731
1.544   0.54274938286   0.537579685282
1.64   0.542723150479   0.537629565835
1.736   0.54270918728   0.537656891335
1.832   0.542701798334   0.537671812454
1.928   0.54269790097   0.537679945832
2.024   0.542695848911   0.537684375146
2.12   0.542694769487   0.537686786117
2.216   0.542694201983   0.537688098137
2.312   0.542693903702   0.537688812032
2.408   0.542693746949   0.537689200451
2.504   0.542693664579   0.537689411778
2.6   0.542693621297   0.537689526752
2.696   0.542693598555   0.537689589305
2.792   0.542693586605   0.537689623336
2.888   0.542693580326   0.537689641852
2.984   0.542693577027   0.537689651925
3.08   0.542693575294   0.537689657405
3.176   0.542693574383   0.537689660387
3.272   0.542693573905   0.537689662009
3.368   0.542693573653   0.537689662891
3.464   0.542693573521   0.537689663372
3.56   0.542693573452   0.537689663633
3.656   0.542693573415   0.537689663775
3.752   0.542693573396   0.537689663852
3.848   0.542693573386   0.537689663894
3.944   0.542693573381   0.537689663917
4.04   0.542693573378   0.53768966393
4.136   0.542693573376   0.537689663936
4.232   0.542693573376   0.53768966394
4.328   0.542693573375   0.537689663942
4.424   0.542693573375   0.537689663943
4.52   0.542693573375   0.537689663944
4.616   0.542693573375   0.537689663944
4.712   0.542693573375   0.537689663944
4.808   0.542693573375   0.537689663944
4.904   0.542693573375   0.537689663944
5.0   0.542693573375   0.537689663944
5.096   0.542693573375   0.537689663944
5.192   0.542693573375   0.537689663944
5.288   0.542693573375   0.537689663944
5.384   0.542693573375   0.537689663944
5.48   0.542693573375   0.537689663944
5.576   0.542693573375   0.537689663944
5.672   0.542693573375   0.537689663944
5.768   0.542693573375   0.537689663944
5.864   0.542693573375   0.537689663944
5.96   0.542693573375   0.537689663944
6.056   0.542693573375   0.537689663944
6.152   0.542693573375   0.537689663944
6.248   0.542693573375   0.537689663944
6.344   0.542693573375   0.537689663944
6.44   0.542693573375   0.537689663944
6.536   0.542693573375   0.537689663944
6.632   0.542693573375   0.537689663944
6.728   0.542693573375   0.537689663944
6.824   0.542693573375   0.537689663944
6.92   0.542693573375   0.537689663944
7.016   0.542693573375   0.537689663944
7.112   0.542693573375   0.537689663944
7.208   0.542693573375   0.537689663944
7.304   0.542693573375   0.537689663944
7.4   0.542693573375   0.537689663944
7.496   0.542693573375   0.537689663944
7.592   0.542693573375   0.537689663944
7.688   0.542693573375   0.537689663944
7.784   0.542693573375   0.537689663944
7.88   0.542693573375   0.537689663944
7.976   0.542693573375   0.537689663944
8.072   0.542693573375   0.537689663944
8.168   0.542693573375   0.537689663944
8.264   0.542693573375   0.537689663944
8.36   0.542693573375   0.537689663944
8.456   0.542693573375   0.537689663944
8.552   0.542693573375   0.537689663944
8.648   0.542693573375   0.537689663944
8.744   0.542693573375   0.537689663944
8.84   0.542693573375   0.537689663944
8.936   0.542693573375   0.537689663944
9.032   0.542693573375   0.537689663944
9.128   0.542693573375   0.537689663944
9.224   0.542693573375   0.537689663944
9.32   0.542693573375   0.537689663944
9.416   0.542693573375   0.537689663944
9.512   0.542693573375   0.537689663944
9.608   0.542693573375   0.537689663944
9.704   0.542693573375   0.537689663944
