0.2   0.563569454186   0.404263695136
0.296   0.559531613539   0.45140271002
0.392   0.55603442515   0.482081836177
0.488   0.553061218603   0.502482899241
0.584   0.55058074945   0.515879350153
0.68   0.548551604153   0.524479887659
0.776   0.546926249233   0.529929033324
0.872   0.545655086495   0.533382865281
0.968   0.544689320414   0.535585228078
1.064   0.543982153164   0.536991770648
1.16   0.543488241118   0.537881231456
1.256   0.543162051689   0.538431127204
1.352   0.542959274592   0.53876032302
1.448   0.542840577331   0.538951012231
1.544   0.542772900419   0.539058528372
1.64   0.54273588123   0.539117990244
1.736   0.542715986719   0.539150515676
1.832   0.542705402789   0.539168189331
1.928   0.542699803924   0.539177756301
2.024   0.542696851342   0.539182924115
2.12   0.542695296916   0.539185712459
2.216   0.542694479313   0.539187216031
2.312   0.542694049477   0.539188026555
2.408   0.54269382356   0.539188463409
2.504   0.542693704837   0.539188698843
2.6   0.542693642451   0.539188825721
2.696   0.54269360967   0.539188894094
2.792   0.542693592446   0.53918893094
2.888   0.542693583395   0.539188950796
2.984   0.54269357864   0.539188961496
3.08   0.542693576141   0.539188967262
3.176   0.542693574828   0.539188970369
3.272   0.542693574138   0.539188972043
3.368   0.542693573776   0.539188972946
3.464   0.542693573586   0.539188973432
3.56   0.542693573485   0.539188973694
3.656   0.542693573433   0.539188973835
3.752   0.542693573405   0.539188973911
3.848   0.542693573391   0.539188973952
3.944   0.542693573383   0.539188973974
4.04   0.542693573379   0.539188973986
4.136   0.542693573377   0.539188973993
4.232   0.542693573376   0.539188973996
4.328   0.542693573375   0.539188973998
4.424   0.542693573375   0.539188973999
4.52   0.542693573375   0.539188973999
4.616   0.542693573375   0.539188974
4.712   0.542693573375   0.539188974
4.808   0.542693573375   0.539188974
4.904   0.542693573375   0.539188974
5.0   0.542693573375   0.539188974
5.096   0.542693573375   0.539188974
5.192   0.542693573375   0.539188974
5.288   0.542693573375   0.539188974
5.384   0.542693573375   0.539188974
5.48   0.542693573375   0.539188974
5.576   0.542693573375   0.539188974
5.672   0.542693573375   0.539188974
5.768   0.542693573375   0.539188974
5.864   0.542693573375   0.539188974
5.96   0.542693573375   0.539188974
6.056   0.542693573375   0.539188974
6.152   0.542693573375   0.539188974
6.248   0.542693573375   0.539188974
6.344   0.542693573375   0.539188974
6.44   0.542693573375   0.539188974
6.536   0.542693573375   0.539188974
6.632   0.542693573375   0.539188974
6.728   0.542693573375   0.539188974
6.824   0.542693573375   0.539188974
6.92   0.542693573375   0.539188974
7.016   0.542693573375   0.539188974
7.112   0.542693573375   0.539188974
7.208   0.542693573375   0.539188974
7.304   0.542693573375   0.539188974
7.4   0.542693573375   0.539188974
7.496   0.542693573375   0.539188974
7.592   0.542693573375   0.539188974
7.688   0.542693573375   0.539188974
7.784   0.542693573375   0.539188974
7.88   0.542693573375   0.539188974
7.976   0.542693573375   0.539188974
8.072   0.542693573375   0.539188974
8.168   0.542693573375   0.539188974
8.264   0.542693573375   0.539188974
8.36   0.542693573375   0.539188974
8.456   0.542693573375   0.539188974
8.552   0.542693573375   0.539188974
8.648   0.542693573375   0.539188974
8.744   0.542693573375   0.539188974
8.84   0.542693573375   0.539188974
8.936   0.542693573375   0.539188974
9.032   0.542693573375   0.539188974
9.128   0.542693573375   0.539188974
9.224   0.542693573375   0.539188974
9.32   0.542693573375   0.539188974
9.416   0.542693573375   0.539188974
9.512   0.542693573375   0.539188974
9.608   0.542693573375   0.539188974
9.704   0.542693573375   0.539188974
