0.2   0.565135414297   0.428713379287
0.296   0.561863792418   0.47225640063
0.392   0.559132879978   0.500069746454
0.488   0.556930805069   0.517794219277
0.584   0.555233231274   0.528617165871
0.68   0.553999831279   0.534917639498
0.776   0.553168987524   0.538470103588
0.872   0.552655911915   0.540431314381
0.968   0.552364750763   0.541494342063
1.064   0.552210805837   0.542061798554
1.16   0.552132589661   0.542361668265
1.256   0.552094186248   0.542519357493
1.352   0.552075611323   0.542602162079
1.448   0.552066697969   0.542645587356
1.544   0.552062438259   0.542668376523
1.64   0.55206040675   0.542680339933
1.736   0.552059438905   0.542686622049
1.832   0.552058978048   0.542689921563
1.928   0.552058758658   0.542691654801
2.024   0.552058654232   0.54269256536
2.12   0.55205860453   0.542693043753
2.216   0.552058580874   0.542693295101
2.312   0.552058569616   0.542693427163
2.408   0.552058564258   0.542693496551
2.504   0.552058561708   0.542693533009
2.6   0.552058560494   0.542693552166
2.696   0.552058559917   0.542693562231
2.792   0.552058559642   0.542693567519
2.888   0.552058559511   0.542693570298
2.984   0.552058559449   0.542693571758
3.08   0.552058559419   0.542693572525
3.176   0.552058559405   0.542693572928
3.272   0.552058559398   0.54269357314
3.368   0.552058559395   0.542693573251
3.464   0.552058559393   0.54269357331
3.56   0.552058559393   0.542693573341
3.656   0.552058559392   0.542693573357
3.752   0.552058559392   0.542693573365
3.848   0.552058559392   0.54269357337
3.944   0.552058559392   0.542693573372
4.04   0.552058559392   0.542693573373
4.136   0.552058559392   0.542693573374
4.232   0.552058559392   0.542693573374
4.328   0.552058559392   0.542693573374
4.424   0.552058559392   0.542693573375
4.52   0.552058559392   0.542693573375
4.616   0.552058559392   0.542693573375
4.712   0.552058559392   0.542693573375
4.808   0.552058559392   0.542693573375
4.904   0.552058559392   0.542693573375
5.0   0.552058559392   0.542693573375
5.096   0.552058559392   0.542693573375
5.192   0.552058559392   0.542693573375
5.288   0.552058559392   0.542693573375
5.384   0.552058559392   0.542693573375
5.48   0.552058559392   0.542693573375
5.576   0.552058559392   0.542693573375
5.672   0.552058559392   0.542693573375
5.768   0.552058559392   0.542693573375
5.864   0.552058559392   0.542693573375
5.96   0.552058559392   0.542693573375
6.056   0.552058559392   0.542693573375
6.152   0.552058559392   0.542693573375
6.248   0.552058559392   0.542693573375
6.344   0.552058559392   0.542693573375
6.44   0.552058559392   0.542693573375
6.536   0.552058559392   0.542693573375
6.632   0.552058559392   0.542693573375
6.728   0.552058559392   0.542693573375
6.824   0.552058559392   0.542693573375
6.92   0.552058559392   0.542693573375
7.016   0.552058559392   0.542693573375
7.112   0.552058559392   0.542693573375
7.208   0.552058559392   0.542693573375
7.304   0.552058559392   0.542693573375
7.4   0.552058559392   0.542693573375
7.496   0.552058559392   0.542693573375
7.592   0.552058559392   0.542693573375
7.688   0.552058559392   0.542693573375
7.784   0.552058559392   0.542693573375
7.88   0.552058559392   0.542693573375
7.976   0.552058559392   0.542693573375
8.072   0.552058559392   0.542693573375
8.168   0.552058559392   0.542693573375
8.264   0.552058559392   0.542693573375
8.36   0.552058559392   0.542693573375
8.456   0.552058559392   0.542693573375
8.552   0.552058559392   0.542693573375
8.648   0.552058559392   0.542693573375
8.744   0.552058559392   0.542693573375
8.84   0.552058559392   0.542693573375
8.936   0.552058559392   0.542693573375
9.032   0.552058559392   0.542693573375
9.128   0.552058559392   0.542693573375
9.224   0.552058559392   0.542693573375
9.32   0.552058559392   0.542693573375
9.416   0.552058559392   0.542693573375
9.512   0.552058559392   0.542693573375
9.608   0.552058559392   0.542693573375
9.704   0.552058559392   0.542693573375
