0.2   0.56880140073   0.469545458855
0.296   0.567661738722   0.503111399922
0.392   0.567114270593   0.522631597104
0.488   0.566904963154   0.53295710844
0.584   0.566836832658   0.537970088233
0.68   0.566816102486   0.540355634444
0.776   0.566810063149   0.541512715241
0.872   0.566808320208   0.542088260258
0.968   0.566807818828   0.542380264007
1.064   0.566807674757   0.542530422154
1.16   0.566807633373   0.542608299431
1.256   0.566807621487   0.542648905669
1.352   0.566807618073   0.542670145364
1.448   0.566807617093   0.542681276158
1.544   0.566807616811   0.542687115806
1.64   0.56680761673   0.542690181492
1.736   0.566807616707   0.542691791509
1.832   0.5668076167   0.542692637226
1.928   0.566807616699   0.542693081523
2.024   0.566807616698   0.542693314949
2.12   0.566807616698   0.542693437593
2.216   0.566807616698   0.542693502031
2.312   0.566807616698   0.542693535889
2.408   0.566807616698   0.542693553679
2.504   0.566807616698   0.542693563026
2.6   0.566807616698   0.542693567937
2.696   0.566807616698   0.542693570518
2.792   0.566807616698   0.542693571873
2.888   0.566807616698   0.542693572586
2.984   0.566807616698   0.54269357296
3.08   0.566807616698   0.542693573157
3.176   0.566807616698   0.54269357326
3.272   0.566807616698   0.542693573315
3.368   0.566807616698   0.542693573343
3.464   0.566807616698   0.542693573358
3.56   0.566807616698   0.542693573366
3.656   0.566807616698   0.54269357337
3.752   0.566807616698   0.542693573372
3.848   0.566807616698   0.542693573373
3.944   0.566807616698   0.542693573374
4.04   0.566807616698   0.542693573374
4.136   0.566807616698   0.542693573374
4.232   0.566807616698   0.542693573375
4.328   0.566807616698   0.542693573375
4.424   0.566807616698   0.542693573375
4.52   0.566807616698   0.542693573375
4.616   0.566807616698   0.542693573375
4.712   0.566807616698   0.542693573375
4.808   0.566807616698   0.542693573375
4.904   0.566807616698   0.542693573375
5.0   0.566807616698   0.542693573375
5.096   0.566807616698   0.542693573375
5.192   0.566807616698   0.542693573375
5.288   0.566807616698   0.542693573375
5.384   0.566807616698   0.542693573375
5.48   0.566807616698   0.542693573375
5.576   0.566807616698   0.542693573375
5.672   0.566807616698   0.542693573375
5.768   0.566807616698   0.542693573375
5.864   0.566807616698   0.542693573375
5.96   0.566807616698   0.542693573375
6.056   0.566807616698   0.542693573375
6.152   0.566807616698   0.542693573375
6.248   0.566807616698   0.542693573375
6.344   0.566807616698   0.542693573375
6.44   0.566807616698   0.542693573375
6.536   0.566807616698   0.542693573375
6.632   0.566807616698   0.542693573375
6.728   0.566807616698   0.542693573375
6.824   0.566807616698   0.542693573375
6.92   0.566807616698   0.542693573375
7.016   0.566807616698   0.542693573375
7.112   0.566807616698   0.542693573375
7.208   0.566807616698   0.542693573375
7.304   0.566807616698   0.542693573375
7.4   0.566807616698   0.542693573375
7.496   0.566807616698   0.542693573375
7.592   0.566807616698   0.542693573375
7.688   0.566807616698   0.542693573375
7.784   0.566807616698   0.542693573375
7.88   0.566807616698   0.542693573375
7.976   0.566807616698   0.542693573375
8.072   0.566807616698   0.542693573375
8.168   0.566807616698   0.542693573375
8.264   0.566807616698   0.542693573375
8.36   0.566807616698   0.542693573375
8.456   0.566807616698   0.542693573375
8.552   0.566807616698   0.542693573375
8.648   0.566807616698   0.542693573375
8.744   0.566807616698   0.542693573375
8.84   0.566807616698   0.542693573375
8.936   0.566807616698   0.542693573375
9.032   0.566807616698   0.542693573375
9.128   0.566807616698   0.542693573375
9.224   0.566807616698   0.542693573375
9.32   0.566807616698   0.542693573375
9.416   0.566807616698   0.542693573375
9.512   0.566807616698   0.542693573375
9.608   0.566807616698   0.542693573375
9.704   0.566807616698   0.542693573375
