0.2   0.562328742303   0.38781714943
0.296   0.557820247942   0.434271513909
0.392   0.55397176128   0.465119191675
0.488   0.550787506141   0.486081009091
0.584   0.548252490137   0.500202415172
0.68   0.546329559398   0.509480029838
0.776   0.54495415864   0.515396947896
0.872   0.544033370718   0.519066454592
0.968   0.543456327093   0.521288106834
1.064   0.543114980623   0.52260804938
1.16   0.542921890485   0.523382087821
1.256   0.542815597135   0.523832448205
1.352   0.542758309615   0.524093531244
1.448   0.542727771543   0.524244582682
1.544   0.542711595829   0.524331923139
1.64   0.542703058488   0.524382437582
1.736   0.542698561633   0.524411656941
1.832   0.542696195648   0.524428562374
1.928   0.542694951567   0.524438345305
2.024   0.542694297625   0.524444007427
2.12   0.542693953948   0.524447284895
2.216   0.542693773348   0.524449182178
2.312   0.542693678449   0.524450280548
2.408   0.542693628585   0.524450916437
2.504   0.542693602384   0.524451284585
2.6   0.542693588617   0.524451497729
2.696   0.542693581383   0.524451621131
2.792   0.542693577583   0.524451692578
2.888   0.542693575586   0.524451733943
2.984   0.542693574536   0.524451757893
3.08   0.542693573985   0.524451771759
3.176   0.542693573695   0.524451779787
3.272   0.542693573543   0.524451784435
3.368   0.542693573463   0.524451787126
3.464   0.542693573421   0.524451788684
3.56   0.542693573399   0.524451789586
3.656   0.542693573388   0.524451790108
3.752   0.542693573381   0.524451790411
3.848   0.542693573378   0.524451790586
3.944   0.542693573377   0.524451790687
4.04   0.542693573376   0.524451790746
4.136   0.542693573375   0.52445179078
4.232   0.542693573375   0.5244517908
4.328   0.542693573375   0.524451790811
4.424   0.542693573375   0.524451790818
4.52   0.542693573375   0.524451790821
4.616   0.542693573375   0.524451790824
4.712   0.542693573375   0.524451790825
4.808   0.542693573375   0.524451790826
4.904   0.542693573375   0.524451790826
5.0   0.542693573375   0.524451790826
5.096   0.542693573375   0.524451790826
5.192   0.542693573375   0.524451790827
5.288   0.542693573375   0.524451790827
5.384   0.542693573375   0.524451790827
5.48   0.542693573375   0.524451790827
5.576   0.542693573375   0.524451790827
5.672   0.542693573375   0.524451790827
5.768   0.542693573375   0.524451790827
5.864   0.542693573375   0.524451790827
5.96   0.542693573375   0.524451790827
6.056   0.542693573375   0.524451790827
6.152   0.542693573375   0.524451790827
6.248   0.542693573375   0.524451790827
6.344   0.542693573375   0.524451790827
6.44   0.542693573375   0.524451790827
6.536   0.542693573375   0.524451790827
6.632   0.542693573375   0.524451790827
6.728   0.542693573375   0.524451790827
6.824   0.542693573375   0.524451790827
6.92   0.542693573375   0.524451790827
7.016   0.542693573375   0.524451790827
7.112   0.542693573375   0.524451790827
7.208   0.542693573375   0.524451790827
7.304   0.542693573375   0.524451790827
7.4   0.542693573375   0.524451790827
7.496   0.542693573375   0.524451790827
7.592   0.542693573375   0.524451790827
7.688   0.542693573375   0.524451790827
7.784   0.542693573375   0.524451790827
7.88   0.542693573375   0.524451790827
7.976   0.542693573375   0.524451790827
8.072   0.542693573375   0.524451790827
8.168   0.542693573375   0.524451790827
8.264   0.542693573375   0.524451790827
8.36   0.542693573375   0.524451790827
8.456   0.542693573375   0.524451790827
8.552   0.542693573375   0.524451790827
8.648   0.542693573375   0.524451790827
8.744   0.542693573375   0.524451790827
8.84   0.542693573375   0.524451790827
8.936   0.542693573375   0.524451790827
9.032   0.542693573375   0.524451790827
9.128   0.542693573375   0.524451790827
9.224   0.542693573375   0.524451790827
9.32   0.542693573375   0.524451790827
9.416   0.542693573375   0.524451790827
9.512   0.542693573375   0.524451790827
9.608   0.542693573375   0.524451790827
9.704   0.542693573375   0.524451790827
