0.2   0.563808458902   0.412642844536
0.296   0.559884411256   0.457471620305
0.392   0.556493525887   0.486810978617
0.488   0.553615156645   0.506317953338
0.584   0.551214080967   0.519069786277
0.68   0.549244894282   0.527206640007
0.776   0.547656008337   0.532343123376
0.872   0.546393798654   0.535607928176
0.968   0.545405985466   0.537718669
1.064   0.544644165055   0.539109412147
1.16   0.544065429258   0.54004048038
1.256   0.543633126293   0.540670003502
1.352   0.54331711327   0.541096865994
1.448   0.543092024128   0.541383697397
1.544   0.542937802053   0.541572237741
1.64   0.542837119571   0.541692056899
1.736   0.542776809749   0.541764552491
1.832   0.54273946978   0.541806777633
1.928   0.542718343836   0.541830681487
2.024   0.542706781918   0.541843931522
2.12   0.542700569123   0.54185115974
2.216   0.542697264875   0.541855057122
2.312   0.542695517411   0.54185714197
2.408   0.542694596061   0.5418582517
2.504   0.542694111068   0.541858840664
2.6   0.542693855991   0.541859152727
2.696   0.542693721896   0.541859317924
2.792   0.54269365142   0.541859405333
2.888   0.542693614384   0.54185945157
2.984   0.542693594923   0.541859476025
3.08   0.542693584697   0.541859488958
3.176   0.542693579324   0.541859495798
3.272   0.5426935765   0.541859499415
3.368   0.542693575017   0.541859501328
3.464   0.542693574238   0.541859502339
3.56   0.542693573828   0.541859502874
3.656   0.542693573613   0.541859503157
3.752   0.5426935735   0.541859503307
3.848   0.54269357344   0.541859503386
3.944   0.542693573409   0.541859503428
4.04   0.542693573393   0.54185950345
4.136   0.542693573384   0.541859503461
4.232   0.54269357338   0.541859503468
4.328   0.542693573377   0.541859503471
4.424   0.542693573376   0.541859503473
4.52   0.542693573375   0.541859503473
4.616   0.542693573375   0.541859503474
4.712   0.542693573375   0.541859503474
4.808   0.542693573375   0.541859503474
4.904   0.542693573375   0.541859503474
5.0   0.542693573375   0.541859503474
5.096   0.542693573375   0.541859503474
5.192   0.542693573375   0.541859503474
5.288   0.542693573375   0.541859503474
5.384   0.542693573375   0.541859503474
5.48   0.542693573375   0.541859503474
5.576   0.542693573375   0.541859503474
5.672   0.542693573375   0.541859503474
5.768   0.542693573375   0.541859503474
5.864   0.542693573375   0.541859503474
5.96   0.542693573375   0.541859503474
6.056   0.542693573375   0.541859503474
6.152   0.542693573375   0.541859503474
6.248   0.542693573375   0.541859503474
6.344   0.542693573375   0.541859503474
6.44   0.542693573375   0.541859503474
6.536   0.542693573375   0.541859503474
6.632   0.542693573375   0.541859503474
6.728   0.542693573375   0.541859503474
6.824   0.542693573375   0.541859503474
6.92   0.542693573375   0.541859503474
7.016   0.542693573375   0.541859503474
7.112   0.542693573375   0.541859503474
7.208   0.542693573375   0.541859503474
7.304   0.542693573375   0.541859503474
7.4   0.542693573375   0.541859503474
7.496   0.542693573375   0.541859503474
7.592   0.542693573375   0.541859503474
7.688   0.542693573375   0.541859503474
7.784   0.542693573375   0.541859503474
7.88   0.542693573375   0.541859503474
7.976   0.542693573375   0.541859503474
8.072   0.542693573375   0.541859503474
8.168   0.542693573375   0.541859503474
8.264   0.542693573375   0.541859503474
8.36   0.542693573375   0.541859503474
8.456   0.542693573375   0.541859503474
8.552   0.542693573375   0.541859503474
8.648   0.542693573375   0.541859503474
8.744   0.542693573375   0.541859503474
8.84   0.542693573375   0.541859503474
8.936   0.542693573375   0.541859503474
9.032   0.542693573375   0.541859503474
9.128   0.542693573375   0.541859503474
9.224   0.542693573375   0.541859503474
9.32   0.542693573375   0.541859503474
9.416   0.542693573375   0.541859503474
9.512   0.542693573375   0.541859503474
9.608   0.542693573375   0.541859503474
9.704   0.542693573375   0.541859503474
