0.2   0.569321459156   0.475079746616
0.296   0.568456331494   0.506612860558
0.392   0.56810433036   0.524684456562
0.488   0.567992225262   0.53402468349
0.584   0.567960401384   0.538492470157
0.68   0.567952090495   0.540610865832
0.776   0.567949950527   0.541639714363
0.872   0.567949402024   0.542152592011
0.968   0.567949261639   0.542413291535
1.064   0.567949225724   0.542547528576
1.16   0.567949216537   0.542617211902
1.256   0.567949214187   0.5426535648
1.352   0.567949213586   0.54267258613
1.448   0.567949213432   0.542682556396
1.544   0.567949213392   0.542687787813
1.64   0.567949213382   0.542690534384
1.736   0.56794921338   0.542691976869
1.832   0.567949213379   0.542692734602
1.928   0.567949213379   0.542693132682
2.024   0.567949213379   0.542693341828
2.12   0.567949213379   0.542693451715
2.216   0.567949213379   0.542693509452
2.312   0.567949213379   0.542693539788
2.408   0.567949213379   0.542693555727
2.504   0.567949213379   0.542693564102
2.6   0.567949213379   0.542693568503
2.696   0.567949213379   0.542693570815
2.792   0.567949213379   0.54269357203
2.888   0.567949213379   0.542693572668
2.984   0.567949213379   0.542693573003
3.08   0.567949213379   0.54269357318
3.176   0.567949213379   0.542693573272
3.272   0.567949213379   0.542693573321
3.368   0.567949213379   0.542693573346
3.464   0.567949213379   0.54269357336
3.56   0.567949213379   0.542693573367
3.656   0.567949213379   0.542693573371
3.752   0.567949213379   0.542693573372
3.848   0.567949213379   0.542693573374
3.944   0.567949213379   0.542693573374
4.04   0.567949213379   0.542693573374
4.136   0.567949213379   0.542693573374
4.232   0.567949213379   0.542693573375
4.328   0.567949213379   0.542693573375
4.424   0.567949213379   0.542693573375
4.52   0.567949213379   0.542693573375
4.616   0.567949213379   0.542693573375
4.712   0.567949213379   0.542693573375
4.808   0.567949213379   0.542693573375
4.904   0.567949213379   0.542693573375
5.0   0.567949213379   0.542693573375
5.096   0.567949213379   0.542693573375
5.192   0.567949213379   0.542693573375
5.288   0.567949213379   0.542693573375
5.384   0.567949213379   0.542693573375
5.48   0.567949213379   0.542693573375
5.576   0.567949213379   0.542693573375
5.672   0.567949213379   0.542693573375
5.768   0.567949213379   0.542693573375
5.864   0.567949213379   0.542693573375
5.96   0.567949213379   0.542693573375
6.056   0.567949213379   0.542693573375
6.152   0.567949213379   0.542693573375
6.248   0.567949213379   0.542693573375
6.344   0.567949213379   0.542693573375
6.44   0.567949213379   0.542693573375
6.536   0.567949213379   0.542693573375
6.632   0.567949213379   0.542693573375
6.728   0.567949213379   0.542693573375
6.824   0.567949213379   0.542693573375
6.92   0.567949213379   0.542693573375
7.016   0.567949213379   0.542693573375
7.112   0.567949213379   0.542693573375
7.208   0.567949213379   0.542693573375
7.304   0.567949213379   0.542693573375
7.4   0.567949213379   0.542693573375
7.496   0.567949213379   0.542693573375
7.592   0.567949213379   0.542693573375
7.688   0.567949213379   0.542693573375
7.784   0.567949213379   0.542693573375
7.88   0.567949213379   0.542693573375
7.976   0.567949213379   0.542693573375
8.072   0.567949213379   0.542693573375
8.168   0.567949213379   0.542693573375
8.264   0.567949213379   0.542693573375
8.36   0.567949213379   0.542693573375
8.456   0.567949213379   0.542693573375
8.552   0.567949213379   0.542693573375
8.648   0.567949213379   0.542693573375
8.744   0.567949213379   0.542693573375
8.84   0.567949213379   0.542693573375
8.936   0.567949213379   0.542693573375
9.032   0.567949213379   0.542693573375
9.128   0.567949213379   0.542693573375
9.224   0.567949213379   0.542693573375
9.32   0.567949213379   0.542693573375
9.416   0.567949213379   0.542693573375
9.512   0.567949213379   0.542693573375
9.608   0.567949213379   0.542693573375
9.704   0.567949213379   0.542693573375
