0.2   0.562378945283   0.40308563917
0.296   0.557906553881   0.444163159456
0.392   0.55409088229   0.472062726268
0.488   0.550928547279   0.491268344085
0.584   0.548399146633   0.504308238113
0.68   0.546464304071   0.512921635547
0.776   0.545063656109   0.518440404114
0.872   0.544112508279   0.521877110956
0.968   0.543507949027   0.523963446753
1.064   0.543146091748   0.525203313825
1.16   0.542939697201   0.5259285565
1.256   0.542825395378   0.526348456494
1.352   0.542763593867   0.526590292162
1.448   0.542730588573   0.526729127785
1.544   0.542713087827   0.52680874893
1.64   0.542703845852   0.526854395816
1.736   0.54269897632   0.52688056478
1.832   0.542696413818   0.5268955687
1.928   0.54269506628   0.526904172211
2.024   0.542694357921   0.526909106148
2.12   0.542693985636   0.526911935898
2.216   0.54269379   0.526913558937
2.312   0.542693687199   0.526914489892
2.408   0.542693633182   0.52691502389
2.504   0.5426936048   0.5269153302
2.6   0.542693589886   0.526915505906
2.696   0.54269358205   0.526915606695
2.792   0.542693577933   0.526915664511
2.888   0.54269357577   0.526915697676
2.984   0.542693574633   0.5269157167
3.08   0.542693574036   0.526915727613
3.176   0.542693573722   0.526915733873
3.272   0.542693573557   0.526915737464
3.368   0.542693573471   0.526915739524
3.464   0.542693573425   0.526915740706
3.56   0.542693573401   0.526915741383
3.656   0.542693573389   0.526915741772
3.752   0.542693573382   0.526915741995
3.848   0.542693573378   0.526915742123
3.944   0.542693573377   0.526915742197
4.04   0.542693573376   0.526915742239
4.136   0.542693573375   0.526915742263
4.232   0.542693573375   0.526915742277
4.328   0.542693573375   0.526915742285
4.424   0.542693573375   0.526915742289
4.52   0.542693573375   0.526915742292
4.616   0.542693573375   0.526915742293
4.712   0.542693573375   0.526915742294
4.808   0.542693573375   0.526915742295
4.904   0.542693573375   0.526915742295
5.0   0.542693573375   0.526915742295
5.096   0.542693573375   0.526915742295
5.192   0.542693573375   0.526915742295
5.288   0.542693573375   0.526915742295
5.384   0.542693573375   0.526915742295
5.48   0.542693573375   0.526915742295
5.576   0.542693573375   0.526915742295
5.672   0.542693573375   0.526915742295
5.768   0.542693573375   0.526915742295
5.864   0.542693573375   0.526915742295
5.96   0.542693573375   0.526915742295
6.056   0.542693573375   0.526915742295
6.152   0.542693573375   0.526915742295
6.248   0.542693573375   0.526915742295
6.344   0.542693573375   0.526915742295
6.44   0.542693573375   0.526915742295
6.536   0.542693573375   0.526915742295
6.632   0.542693573375   0.526915742295
6.728   0.542693573375   0.526915742295
6.824   0.542693573375   0.526915742295
6.92   0.542693573375   0.526915742295
7.016   0.542693573375   0.526915742295
7.112   0.542693573375   0.526915742295
7.208   0.542693573375   0.526915742295
7.304   0.542693573375   0.526915742295
7.4   0.542693573375   0.526915742295
7.496   0.542693573375   0.526915742295
7.592   0.542693573375   0.526915742295
7.688   0.542693573375   0.526915742295
7.784   0.542693573375   0.526915742295
7.88   0.542693573375   0.526915742295
7.976   0.542693573375   0.526915742295
8.072   0.542693573375   0.526915742295
8.168   0.542693573375   0.526915742295
8.264   0.542693573375   0.526915742295
8.36   0.542693573375   0.526915742295
8.456   0.542693573375   0.526915742295
8.552   0.542693573375   0.526915742295
8.648   0.542693573375   0.526915742295
8.744   0.542693573375   0.526915742295
8.84   0.542693573375   0.526915742295
8.936   0.542693573375   0.526915742295
9.032   0.542693573375   0.526915742295
9.128   0.542693573375   0.526915742295
9.224   0.542693573375   0.526915742295
9.32   0.542693573375   0.526915742295
9.416   0.542693573375   0.526915742295
9.512   0.542693573375   0.526915742295
9.608   0.542693573375   0.526915742295
9.704   0.542693573375   0.526915742295
