0.2   0.564801965622   0.433592565162
0.296   0.561377354681   0.473698559689
0.392   0.558492924361   0.499925807634
0.488   0.556130568568   0.517005413696
0.584   0.554261517668   0.527707959899
0.68   0.552846778788   0.534136738422
0.776   0.551836196984   0.537893656061
0.872   0.551164816506   0.540049376817
0.968   0.550753202253   0.541261894708
1.064   0.550519415224   0.541928843779
1.16   0.550394622875   0.54228848146
1.256   0.550330195175   0.542480089371
1.352   0.550297920581   0.542581279848
1.448   0.55028196174   0.542634555781
1.544   0.550274125102   0.54266256545
1.64   0.550270290814   0.542677283092
1.736   0.55026841828   0.542685015081
1.832   0.550267504669   0.542689077037
1.928   0.550267059133   0.542691211026
2.024   0.550266841913   0.542692332181
2.12   0.550266736022   0.542692921233
2.216   0.550266684405   0.542693230726
2.312   0.550266659245   0.542693393338
2.408   0.550266646981   0.542693478779
2.504   0.550266641003   0.542693523671
2.6   0.550266638089   0.542693547259
2.696   0.550266636669   0.542693559653
2.792   0.550266635977   0.542693566165
2.888   0.550266635639   0.542693569586
2.984   0.550266635475   0.542693571384
3.08   0.550266635395   0.542693572329
3.176   0.550266635356   0.542693572825
3.272   0.550266635337   0.542693573086
3.368   0.550266635327   0.542693573223
3.464   0.550266635323   0.542693573295
3.56   0.550266635321   0.542693573333
3.656   0.55026663532   0.542693573353
3.752   0.550266635319   0.542693573363
3.848   0.550266635319   0.542693573369
3.944   0.550266635319   0.542693573371
4.04   0.550266635319   0.542693573373
4.136   0.550266635319   0.542693573374
4.232   0.550266635319   0.542693573374
4.328   0.550266635319   0.542693573374
4.424   0.550266635319   0.542693573375
4.52   0.550266635319   0.542693573375
4.616   0.550266635319   0.542693573375
4.712   0.550266635319   0.542693573375
4.808   0.550266635319   0.542693573375
4.904   0.550266635319   0.542693573375
5.0   0.550266635319   0.542693573375
5.096   0.550266635319   0.542693573375
5.192   0.550266635319   0.542693573375
5.288   0.550266635319   0.542693573375
5.384   0.550266635319   0.542693573375
5.48   0.550266635319   0.542693573375
5.576   0.550266635319   0.542693573375
5.672   0.550266635319   0.542693573375
5.768   0.550266635319   0.542693573375
5.864   0.550266635319   0.542693573375
5.96   0.550266635319   0.542693573375
6.056   0.550266635319   0.542693573375
6.152   0.550266635319   0.542693573375
6.248   0.550266635319   0.542693573375
6.344   0.550266635319   0.542693573375
6.44   0.550266635319   0.542693573375
6.536   0.550266635319   0.542693573375
6.632   0.550266635319   0.542693573375
6.728   0.550266635319   0.542693573375
6.824   0.550266635319   0.542693573375
6.92   0.550266635319   0.542693573375
7.016   0.550266635319   0.542693573375
7.112   0.550266635319   0.542693573375
7.208   0.550266635319   0.542693573375
7.304   0.550266635319   0.542693573375
7.4   0.550266635319   0.542693573375
7.496   0.550266635319   0.542693573375
7.592   0.550266635319   0.542693573375
7.688   0.550266635319   0.542693573375
7.784   0.550266635319   0.542693573375
7.88   0.550266635319   0.542693573375
7.976   0.550266635319   0.542693573375
8.072   0.550266635319   0.542693573375
8.168   0.550266635319   0.542693573375
8.264   0.550266635319   0.542693573375
8.36   0.550266635319   0.542693573375
8.456   0.550266635319   0.542693573375
8.552   0.550266635319   0.542693573375
8.648   0.550266635319   0.542693573375
8.744   0.550266635319   0.542693573375
8.84   0.550266635319   0.542693573375
8.936   0.550266635319   0.542693573375
9.032   0.550266635319   0.542693573375
9.128   0.550266635319   0.542693573375
9.224   0.550266635319   0.542693573375
9.32   0.550266635319   0.542693573375
9.416   0.550266635319   0.542693573375
9.512   0.550266635319   0.542693573375
9.608   0.550266635319   0.542693573375
9.704   0.550266635319   0.542693573375
