0.2   0.568451961513   0.470245128321
0.296   0.56712810194   0.502795678876
0.392   0.566433397038   0.522115839541
0.488   0.566139034769   0.532576825221
0.584   0.566033540707   0.537753753991
0.68   0.565998639033   0.540242609164
0.776   0.565987697405   0.541454718119
0.872   0.56598431333   0.542058460623
0.968   0.565983271939   0.542364859509
1.064   0.565982952045   0.542522411429
1.16   0.565982853841   0.542604121663
1.256   0.565982823701   0.542646719902
1.352   0.565982814451   0.542668999856
1.448   0.565982811612   0.542680675195
1.544   0.565982810741   0.542686800325
1.64   0.565982810473   0.542690015815
1.736   0.565982810391   0.542691704483
1.832   0.565982810366   0.542692591508
1.928   0.565982810358   0.542693057503
2.024   0.565982810356   0.542693302329
2.12   0.565982810355   0.542693430962
2.216   0.565982810355   0.542693498547
2.312   0.565982810355   0.542693534058
2.408   0.565982810355   0.542693552717
2.504   0.565982810355   0.54269356252
2.6   0.565982810355   0.542693567672
2.696   0.565982810355   0.542693570378
2.792   0.565982810355   0.5426935718
2.888   0.565982810355   0.542693572547
2.984   0.565982810355   0.54269357294
3.08   0.565982810355   0.542693573146
3.176   0.565982810355   0.542693573255
3.272   0.565982810355   0.542693573312
3.368   0.565982810355   0.542693573342
3.464   0.565982810355   0.542693573357
3.56   0.565982810355   0.542693573366
3.656   0.565982810355   0.54269357337
3.752   0.565982810355   0.542693573372
3.848   0.565982810355   0.542693573373
3.944   0.565982810355   0.542693573374
4.04   0.565982810355   0.542693573374
4.136   0.565982810355   0.542693573374
4.232   0.565982810355   0.542693573375
4.328   0.565982810355   0.542693573375
4.424   0.565982810355   0.542693573375
4.52   0.565982810355   0.542693573375
4.616   0.565982810355   0.542693573375
4.712   0.565982810355   0.542693573375
4.808   0.565982810355   0.542693573375
4.904   0.565982810355   0.542693573375
5.0   0.565982810355   0.542693573375
5.096   0.565982810355   0.542693573375
5.192   0.565982810355   0.542693573375
5.288   0.565982810355   0.542693573375
5.384   0.565982810355   0.542693573375
5.48   0.565982810355   0.542693573375
5.576   0.565982810355   0.542693573375
5.672   0.565982810355   0.542693573375
5.768   0.565982810355   0.542693573375
5.864   0.565982810355   0.542693573375
5.96   0.565982810355   0.542693573375
6.056   0.565982810355   0.542693573375
6.152   0.565982810355   0.542693573375
6.248   0.565982810355   0.542693573375
6.344   0.565982810355   0.542693573375
6.44   0.565982810355   0.542693573375
6.536   0.565982810355   0.542693573375
6.632   0.565982810355   0.542693573375
6.728   0.565982810355   0.542693573375
6.824   0.565982810355   0.542693573375
6.92   0.565982810355   0.542693573375
7.016   0.565982810355   0.542693573375
7.112   0.565982810355   0.542693573375
7.208   0.565982810355   0.542693573375
7.304   0.565982810355   0.542693573375
7.4   0.565982810355   0.542693573375
7.496   0.565982810355   0.542693573375
7.592   0.565982810355   0.542693573375
7.688   0.565982810355   0.542693573375
7.784   0.565982810355   0.542693573375
7.88   0.565982810355   0.542693573375
7.976   0.565982810355   0.542693573375
8.072   0.565982810355   0.542693573375
8.168   0.565982810355   0.542693573375
8.264   0.565982810355   0.542693573375
8.36   0.565982810355   0.542693573375
8.456   0.565982810355   0.542693573375
8.552   0.565982810355   0.542693573375
8.648   0.565982810355   0.542693573375
8.744   0.565982810355   0.542693573375
8.84   0.565982810355   0.542693573375
8.936   0.565982810355   0.542693573375
9.032   0.565982810355   0.542693573375
9.128   0.565982810355   0.542693573375
9.224   0.565982810355   0.542693573375
9.32   0.565982810355   0.542693573375
9.416   0.565982810355   0.542693573375
9.512   0.565982810355   0.542693573375
9.608   0.565982810355   0.542693573375
9.704   0.565982810355   0.542693573375
