0.2   0.567667361954   0.465488543354
0.296   0.565894433115   0.498893628888
0.392   0.564792462474   0.519323234758
0.488   0.564215059863   0.530891774102
0.584   0.56395831511   0.536853706511
0.68   0.563857211165   0.539783878251
0.776   0.56381966268   0.541222264017
0.872   0.563806249411   0.541939768074
0.968   0.563801515558   0.54230374445
1.064   0.563799853152   0.542490721721
1.16   0.56379927051   0.54258760623
1.256   0.563799066461   0.542638085738
1.352   0.563798995022   0.542664476864
1.448   0.563798970013   0.542678302908
1.544   0.563798961258   0.54268555515
1.64   0.563798958194   0.542689361956
1.736   0.563798957121   0.542691361044
1.832   0.563798956746   0.54269241109
1.928   0.563798956614   0.542692962717
2.024   0.563798956568   0.542693252529
2.12   0.563798956552   0.542693404796
2.216   0.563798956547   0.542693484799
2.312   0.563798956545   0.542693526835
2.408   0.563798956544   0.542693548921
2.504   0.563798956544   0.542693560526
2.6   0.563798956544   0.542693566624
2.696   0.563798956544   0.542693569827
2.792   0.563798956544   0.542693571511
2.888   0.563798956544   0.542693572395
2.984   0.563798956544   0.54269357286
3.08   0.563798956544   0.542693573104
3.176   0.563798956544   0.542693573233
3.272   0.563798956544   0.5426935733
3.368   0.563798956544   0.542693573335
3.464   0.563798956544   0.542693573354
3.56   0.563798956544   0.542693573364
3.656   0.563798956544   0.542693573369
3.752   0.563798956544   0.542693573372
3.848   0.563798956544   0.542693573373
3.944   0.563798956544   0.542693573374
4.04   0.563798956544   0.542693573374
4.136   0.563798956544   0.542693573374
4.232   0.563798956544   0.542693573375
4.328   0.563798956544   0.542693573375
4.424   0.563798956544   0.542693573375
4.52   0.563798956544   0.542693573375
4.616   0.563798956544   0.542693573375
4.712   0.563798956544   0.542693573375
4.808   0.563798956544   0.542693573375
4.904   0.563798956544   0.542693573375
5.0   0.563798956544   0.542693573375
5.096   0.563798956544   0.542693573375
5.192   0.563798956544   0.542693573375
5.288   0.563798956544   0.542693573375
5.384   0.563798956544   0.542693573375
5.48   0.563798956544   0.542693573375
5.576   0.563798956544   0.542693573375
5.672   0.563798956544   0.542693573375
5.768   0.563798956544   0.542693573375
5.864   0.563798956544   0.542693573375
5.96   0.563798956544   0.542693573375
6.056   0.563798956544   0.542693573375
6.152   0.563798956544   0.542693573375
6.248   0.563798956544   0.542693573375
6.344   0.563798956544   0.542693573375
6.44   0.563798956544   0.542693573375
6.536   0.563798956544   0.542693573375
6.632   0.563798956544   0.542693573375
6.728   0.563798956544   0.542693573375
6.824   0.563798956544   0.542693573375
6.92   0.563798956544   0.542693573375
7.016   0.563798956544   0.542693573375
7.112   0.563798956544   0.542693573375
7.208   0.563798956544   0.542693573375
7.304   0.563798956544   0.542693573375
7.4   0.563798956544   0.542693573375
7.496   0.563798956544   0.542693573375
7.592   0.563798956544   0.542693573375
7.688   0.563798956544   0.542693573375
7.784   0.563798956544   0.542693573375
7.88   0.563798956544   0.542693573375
7.976   0.563798956544   0.542693573375
8.072   0.563798956544   0.542693573375
8.168   0.563798956544   0.542693573375
8.264   0.563798956544   0.542693573375
8.36   0.563798956544   0.542693573375
8.456   0.563798956544   0.542693573375
8.552   0.563798956544   0.542693573375
8.648   0.563798956544   0.542693573375
8.744   0.563798956544   0.542693573375
8.84   0.563798956544   0.542693573375
8.936   0.563798956544   0.542693573375
9.032   0.563798956544   0.542693573375
9.128   0.563798956544   0.542693573375
9.224   0.563798956544   0.542693573375
9.32   0.563798956544   0.542693573375
9.416   0.563798956544   0.542693573375
9.512   0.563798956544   0.542693573375
9.608   0.563798956544   0.542693573375
9.704   0.563798956544   0.542693573375
