0.2   0.564749080604   0.421297340106
0.296   0.561269388025   0.466633098842
0.392   0.558313850112   0.495653007596
0.488   0.5558665836   0.51436274772
0.584   0.553899765247   0.526049122543
0.68   0.552376805263   0.533079613072
0.776   0.551253006452   0.537217365329
0.872   0.550473660878   0.539625341763
0.968   0.549971891139   0.541006584696
1.064   0.549672795493   0.541782038454
1.16   0.549506729508   0.54220725658
1.256   0.549418107978   0.542436109575
1.352   0.549372693812   0.542557844648
1.448   0.549349836305   0.542622154189
1.544   0.54933844447   0.542656026633
1.64   0.549332796628   0.542673841796
1.736   0.549330004197   0.542683205582
1.832   0.549328625503   0.542688125965
1.928   0.549327945299   0.542690711237
2.024   0.549327609833   0.542692069564
2.12   0.549327444418   0.542692783243
2.216   0.549327362861   0.542693158221
2.312   0.549327322652   0.542693355243
2.408   0.549327302829   0.542693458762
2.504   0.549327293056   0.542693513154
2.6   0.549327288238   0.542693541733
2.696   0.549327285862   0.542693556749
2.792   0.549327284691   0.542693564639
2.888   0.549327284114   0.542693568785
2.984   0.549327283829   0.542693570963
3.08   0.549327283689   0.542693572107
3.176   0.54932728362   0.542693572709
3.272   0.549327283586   0.542693573025
3.368   0.549327283569   0.542693573191
3.464   0.549327283561   0.542693573278
3.56   0.549327283557   0.542693573324
3.656   0.549327283555   0.542693573348
3.752   0.549327283554   0.542693573361
3.848   0.549327283553   0.542693573367
3.944   0.549327283553   0.542693573371
4.04   0.549327283553   0.542693573373
4.136   0.549327283553   0.542693573374
4.232   0.549327283553   0.542693573374
4.328   0.549327283553   0.542693573374
4.424   0.549327283553   0.542693573375
4.52   0.549327283553   0.542693573375
4.616   0.549327283553   0.542693573375
4.712   0.549327283553   0.542693573375
4.808   0.549327283553   0.542693573375
4.904   0.549327283553   0.542693573375
5.0   0.549327283553   0.542693573375
5.096   0.549327283553   0.542693573375
5.192   0.549327283553   0.542693573375
5.288   0.549327283553   0.542693573375
5.384   0.549327283553   0.542693573375
5.48   0.549327283553   0.542693573375
5.576   0.549327283553   0.542693573375
5.672   0.549327283553   0.542693573375
5.768   0.549327283553   0.542693573375
5.864   0.549327283553   0.542693573375
5.96   0.549327283553   0.542693573375
6.056   0.549327283553   0.542693573375
6.152   0.549327283553   0.542693573375
6.248   0.549327283553   0.542693573375
6.344   0.549327283553   0.542693573375
6.44   0.549327283553   0.542693573375
6.536   0.549327283553   0.542693573375
6.632   0.549327283553   0.542693573375
6.728   0.549327283553   0.542693573375
6.824   0.549327283553   0.542693573375
6.92   0.549327283553   0.542693573375
7.016   0.549327283553   0.542693573375
7.112   0.549327283553   0.542693573375
7.208   0.549327283553   0.542693573375
7.304   0.549327283553   0.542693573375
7.4   0.549327283553   0.542693573375
7.496   0.549327283553   0.542693573375
7.592   0.549327283553   0.542693573375
7.688   0.549327283553   0.542693573375
7.784   0.549327283553   0.542693573375
7.88   0.549327283553   0.542693573375
7.976   0.549327283553   0.542693573375
8.072   0.549327283553   0.542693573375
8.168   0.549327283553   0.542693573375
8.264   0.549327283553   0.542693573375
8.36   0.549327283553   0.542693573375
8.456   0.549327283553   0.542693573375
8.552   0.549327283553   0.542693573375
8.648   0.549327283553   0.542693573375
8.744   0.549327283553   0.542693573375
8.84   0.549327283553   0.542693573375
8.936   0.549327283553   0.542693573375
9.032   0.549327283553   0.542693573375
9.128   0.549327283553   0.542693573375
9.224   0.549327283553   0.542693573375
9.32   0.549327283553   0.542693573375
9.416   0.549327283553   0.542693573375
9.512   0.549327283553   0.542693573375
9.608   0.549327283553   0.542693573375
9.704   0.549327283553   0.542693573375
