0.2   0.565112078296   0.422357818688
0.296   0.561814019847   0.468728806604
0.392   0.559048129201   0.498011874427
0.488   0.556803418574   0.516575429347
0.584   0.55505689705   0.527891801569
0.68   0.553771118278   0.534484151551
0.776   0.552889763419   0.538212896125
0.872   0.55233439928   0.540282467235
0.968   0.552012912583   0.541410988557
1.064   0.55184010406   0.542016411595
1.16   0.551751086153   0.542337382441
1.256   0.551706947101   0.542506542548
1.352   0.551685428398   0.54259538876
1.448   0.551675032   0.54264202465
1.544   0.551670032714   0.542666504111
1.64   0.551667634482   0.542679356161
1.736   0.551666485407   0.54268610521
1.832   0.551665935181   0.542689650032
1.928   0.551665671789   0.542691512144
2.024   0.551665545723   0.542692490408
2.12   0.551665485389   0.542693004372
2.216   0.551665456515   0.54269327441
2.312   0.551665442697   0.542693416292
2.408   0.551665436085   0.542693490839
2.504   0.55166543292   0.542693530008
2.6   0.551665431406   0.542693550589
2.696   0.551665430681   0.542693561402
2.792   0.551665430334   0.542693567084
2.888   0.551665430168   0.542693570069
2.984   0.551665430089   0.542693571638
3.08   0.551665430051   0.542693572462
3.176   0.551665430032   0.542693572895
3.272   0.551665430024   0.542693573123
3.368   0.55166543002   0.542693573242
3.464   0.551665430018   0.542693573305
3.56   0.551665430017   0.542693573338
3.656   0.551665430016   0.542693573355
3.752   0.551665430016   0.542693573365
3.848   0.551665430016   0.542693573369
3.944   0.551665430016   0.542693573372
4.04   0.551665430016   0.542693573373
4.136   0.551665430016   0.542693573374
4.232   0.551665430016   0.542693573374
4.328   0.551665430016   0.542693573374
4.424   0.551665430016   0.542693573375
4.52   0.551665430016   0.542693573375
4.616   0.551665430016   0.542693573375
4.712   0.551665430016   0.542693573375
4.808   0.551665430016   0.542693573375
4.904   0.551665430016   0.542693573375
5.0   0.551665430016   0.542693573375
5.096   0.551665430016   0.542693573375
5.192   0.551665430016   0.542693573375
5.288   0.551665430016   0.542693573375
5.384   0.551665430016   0.542693573375
5.48   0.551665430016   0.542693573375
5.576   0.551665430016   0.542693573375
5.672   0.551665430016   0.542693573375
5.768   0.551665430016   0.542693573375
5.864   0.551665430016   0.542693573375
5.96   0.551665430016   0.542693573375
6.056   0.551665430016   0.542693573375
6.152   0.551665430016   0.542693573375
6.248   0.551665430016   0.542693573375
6.344   0.551665430016   0.542693573375
6.44   0.551665430016   0.542693573375
6.536   0.551665430016   0.542693573375
6.632   0.551665430016   0.542693573375
6.728   0.551665430016   0.542693573375
6.824   0.551665430016   0.542693573375
6.92   0.551665430016   0.542693573375
7.016   0.551665430016   0.542693573375
7.112   0.551665430016   0.542693573375
7.208   0.551665430016   0.542693573375
7.304   0.551665430016   0.542693573375
7.4   0.551665430016   0.542693573375
7.496   0.551665430016   0.542693573375
7.592   0.551665430016   0.542693573375
7.688   0.551665430016   0.542693573375
7.784   0.551665430016   0.542693573375
7.88   0.551665430016   0.542693573375
7.976   0.551665430016   0.542693573375
8.072   0.551665430016   0.542693573375
8.168   0.551665430016   0.542693573375
8.264   0.551665430016   0.542693573375
8.36   0.551665430016   0.542693573375
8.456   0.551665430016   0.542693573375
8.552   0.551665430016   0.542693573375
8.648   0.551665430016   0.542693573375
8.744   0.551665430016   0.542693573375
8.84   0.551665430016   0.542693573375
8.936   0.551665430016   0.542693573375
9.032   0.551665430016   0.542693573375
9.128   0.551665430016   0.542693573375
9.224   0.551665430016   0.542693573375
9.32   0.551665430016   0.542693573375
9.416   0.551665430016   0.542693573375
9.512   0.551665430016   0.542693573375
9.608   0.551665430016   0.542693573375
9.704   0.551665430016   0.542693573375
