0.2   0.561488116191   -0.376387597192
0.296   0.556729476043   -0.421214394634
0.392   0.552759250564   -0.451406004601
0.488   0.549585948249   -0.472143872181
0.584   0.547180940472   -0.48625557177
0.68   0.54546915548   -0.49561789851
0.776   0.544331184058   -0.50164315007
0.872   0.543622885709   -0.505416119298
0.968   0.543206024285   -0.507731446001
1.064   0.542970890711   -0.509134399839
1.16   0.542841732623   -0.50997874872
1.256   0.542772166157   -0.51048566872
1.352   0.542735090923   -0.510789653317
1.448   0.54271545354   -0.510971994716
1.544   0.542705089049   -0.511081433012
1.64   0.542699629633   -0.511147155687
1.736   0.54269675713   -0.5111866457
1.832   0.542695246682   -0.511210383323
1.928   0.542694452715   -0.511224656466
2.024   0.542694035445   -0.511233240611
2.12   0.542693816172   -0.511238404073
2.216   0.542693700951   -0.511241510279
2.312   0.542693640408   -0.511243379026
2.408   0.542693608596   -0.51124450335
2.504   0.542693591881   -0.511245179815
2.6   0.542693583099   -0.511245586829
2.696   0.542693578484   -0.511245831723
2.792   0.542693576059   -0.511245979073
2.888   0.542693574785   -0.511246067732
2.984   0.542693574116   -0.511246121078
3.08   0.542693573764   -0.511246153177
3.176   0.542693573579   -0.51124617249
3.272   0.542693573482   -0.511246184111
3.368   0.542693573431   -0.511246191103
3.464   0.542693573404   -0.51124619531
3.56   0.54269357339   -0.511246197842
3.656   0.542693573383   -0.511246199365
3.752   0.542693573379   -0.511246200281
3.848   0.542693573377   -0.511246200833
3.944   0.542693573376   -0.511246201165
4.04   0.542693573375   -0.511246201364
4.136   0.542693573375   -0.511246201485
4.232   0.542693573375   -0.511246201557
4.328   0.542693573375   -0.5112462016
4.424   0.542693573375   -0.511246201626
4.52   0.542693573375   -0.511246201642
4.616   0.542693573375   -0.511246201652
4.712   0.542693573375   -0.511246201657
4.808   0.542693573375   -0.511246201661
4.904   0.542693573375   -0.511246201663
5.0   0.542693573375   -0.511246201664
5.096   0.542693573375   -0.511246201665
5.192   0.542693573375   -0.511246201665
5.288   0.542693573375   -0.511246201666
5.384   0.542693573375   -0.511246201666
5.48   0.542693573375   -0.511246201666
5.576   0.542693573375   -0.511246201666
5.672   0.542693573375   -0.511246201666
5.768   0.542693573375   -0.511246201666
5.864   0.542693573375   -0.511246201666
5.96   0.542693573375   -0.511246201666
6.056   0.542693573375   -0.511246201666
6.152   0.542693573375   -0.511246201666
6.248   0.542693573375   -0.511246201666
6.344   0.542693573375   -0.511246201666
6.44   0.542693573375   -0.511246201666
6.536   0.542693573375   -0.511246201666
6.632   0.542693573375   -0.511246201666
6.728   0.542693573375   -0.511246201666
6.824   0.542693573375   -0.511246201666
6.92   0.542693573375   -0.511246201666
7.016   0.542693573375   -0.511246201666
7.112   0.542693573375   -0.511246201666
7.208   0.542693573375   -0.511246201666
7.304   0.542693573375   -0.511246201666
7.4   0.542693573375   -0.511246201666
7.496   0.542693573375   -0.511246201666
7.592   0.542693573375   -0.511246201666
7.688   0.542693573375   -0.511246201666
7.784   0.542693573375   -0.511246201666
7.88   0.542693573375   -0.511246201666
7.976   0.542693573375   -0.511246201666
8.072   0.542693573375   -0.511246201666
8.168   0.542693573375   -0.511246201666
8.264   0.542693573375   -0.511246201666
8.36   0.542693573375   -0.511246201666
8.456   0.542693573375   -0.511246201666
8.552   0.542693573375   -0.511246201666
8.648   0.542693573375   -0.511246201666
8.744   0.542693573375   -0.511246201666
8.84   0.542693573375   -0.511246201666
8.936   0.542693573375   -0.511246201666
9.032   0.542693573375   -0.511246201666
9.128   0.542693573375   -0.511246201666
9.224   0.542693573375   -0.511246201666
9.32   0.542693573375   -0.511246201666
9.416   0.542693573375   -0.511246201666
9.512   0.542693573375   -0.511246201666
9.608   0.542693573375   -0.511246201666
9.704   0.542693573375   -0.511246201666
