0.2   0.564536991139   0.437276323693
0.296   0.560995614972   0.474834875975
0.392   0.55799739849   0.499835851735
0.488   0.555519701074   0.516382463592
0.584   0.55352848616   0.526949703059
0.68   0.551982167359   0.533445317431
0.776   0.550833148587   0.537346685904
0.872   0.550026836314   0.539659209601
0.968   0.54949931135   0.541007760713
1.064   0.549179181222   0.541775682791
1.16   0.548997868712   0.542201392519
1.256   0.548900668868   0.542432211555
1.352   0.548849966625   0.542555556507
1.448   0.548824217961   0.542620881588
1.544   0.548811286489   0.542655337997
1.64   0.548804830635   0.542673474411
1.736   0.548801617732   0.542683011022
1.832   0.548800021361   0.54268802332
1.928   0.548799228852   0.542690657192
2.024   0.548798835584   0.542692041136
2.12   0.548798640476   0.542692768298
2.216   0.54879854369   0.542693150367
2.312   0.548798495681   0.542693351115
2.408   0.548798471868   0.542693456593
2.504   0.548798460056   0.542693512014
2.6   0.548798454197   0.542693541134
2.696   0.548798451291   0.542693556435
2.792   0.548798449849   0.542693564474
2.888   0.548798449135   0.542693568698
2.984   0.54879844878   0.542693570917
3.08   0.548798448604   0.542693572084
3.176   0.548798448517   0.542693572696
3.272   0.548798448474   0.542693573018
3.368   0.548798448452   0.542693573187
3.464   0.548798448441   0.542693573276
3.56   0.548798448436   0.542693573323
3.656   0.548798448434   0.542693573347
3.752   0.548798448432   0.54269357336
3.848   0.548798448432   0.542693573367
3.944   0.548798448431   0.542693573371
4.04   0.548798448431   0.542693573373
4.136   0.548798448431   0.542693573374
4.232   0.548798448431   0.542693573374
4.328   0.548798448431   0.542693573374
4.424   0.548798448431   0.542693573374
4.52   0.548798448431   0.542693573375
4.616   0.548798448431   0.542693573375
4.712   0.548798448431   0.542693573375
4.808   0.548798448431   0.542693573375
4.904   0.548798448431   0.542693573375
5.0   0.548798448431   0.542693573375
5.096   0.548798448431   0.542693573375
5.192   0.548798448431   0.542693573375
5.288   0.548798448431   0.542693573375
5.384   0.548798448431   0.542693573375
5.48   0.548798448431   0.542693573375
5.576   0.548798448431   0.542693573375
5.672   0.548798448431   0.542693573375
5.768   0.548798448431   0.542693573375
5.864   0.548798448431   0.542693573375
5.96   0.548798448431   0.542693573375
6.056   0.548798448431   0.542693573375
6.152   0.548798448431   0.542693573375
6.248   0.548798448431   0.542693573375
6.344   0.548798448431   0.542693573375
6.44   0.548798448431   0.542693573375
6.536   0.548798448431   0.542693573375
6.632   0.548798448431   0.542693573375
6.728   0.548798448431   0.542693573375
6.824   0.548798448431   0.542693573375
6.92   0.548798448431   0.542693573375
7.016   0.548798448431   0.542693573375
7.112   0.548798448431   0.542693573375
7.208   0.548798448431   0.542693573375
7.304   0.548798448431   0.542693573375
7.4   0.548798448431   0.542693573375
7.496   0.548798448431   0.542693573375
7.592   0.548798448431   0.542693573375
7.688   0.548798448431   0.542693573375
7.784   0.548798448431   0.542693573375
7.88   0.548798448431   0.542693573375
7.976   0.548798448431   0.542693573375
8.072   0.548798448431   0.542693573375
8.168   0.548798448431   0.542693573375
8.264   0.548798448431   0.542693573375
8.36   0.548798448431   0.542693573375
8.456   0.548798448431   0.542693573375
8.552   0.548798448431   0.542693573375
8.648   0.548798448431   0.542693573375
8.744   0.548798448431   0.542693573375
8.84   0.548798448431   0.542693573375
8.936   0.548798448431   0.542693573375
9.032   0.548798448431   0.542693573375
9.128   0.548798448431   0.542693573375
9.224   0.548798448431   0.542693573375
9.32   0.548798448431   0.542693573375
9.416   0.548798448431   0.542693573375
9.512   0.548798448431   0.542693573375
9.608   0.548798448431   0.542693573375
9.704   0.548798448431   0.542693573375
