0.2   0.567604941929   0.45947051748
0.296   0.565778277221   0.495744794528
0.392   0.564619421329   0.517709661431
0.488   0.563996340512   0.530109736891
0.584   0.563711859074   0.536485753982
0.68   0.563597271916   0.539608836214
0.776   0.563553905128   0.541136775256
0.872   0.563538170208   0.541896979619
0.968   0.56353253748   0.542281948672
1.064   0.563530532383   0.54247948522
1.16   0.563529820236   0.54258176937
1.256   0.56352956753   0.542635039603
1.352   0.563529477887   0.542662882681
1.448   0.563529446093   0.542677467206
1.544   0.563529434816   0.542685116629
1.64   0.563529430817   0.542689131719
1.736   0.563529429399   0.542691240123
1.832   0.563529428896   0.54269234757
1.928   0.563529428717   0.542692929346
2.024   0.563529428654   0.542693234996
2.12   0.563529428632   0.542693395584
2.216   0.563529428624   0.542693479959
2.312   0.563529428621   0.542693524292
2.408   0.56352942862   0.542693547585
2.504   0.56352942862   0.542693559824
2.6   0.563529428619   0.542693566255
2.696   0.563529428619   0.542693569634
2.792   0.563529428619   0.542693571409
2.888   0.563529428619   0.542693572342
2.984   0.563529428619   0.542693572832
3.08   0.563529428619   0.54269357309
3.176   0.563529428619   0.542693573225
3.272   0.563529428619   0.542693573296
3.368   0.563529428619   0.542693573333
3.464   0.563529428619   0.542693573353
3.56   0.563529428619   0.542693573363
3.656   0.563529428619   0.542693573369
3.752   0.563529428619   0.542693573372
3.848   0.563529428619   0.542693573373
3.944   0.563529428619   0.542693573374
4.04   0.563529428619   0.542693573374
4.136   0.563529428619   0.542693573374
4.232   0.563529428619   0.542693573375
4.328   0.563529428619   0.542693573375
4.424   0.563529428619   0.542693573375
4.52   0.563529428619   0.542693573375
4.616   0.563529428619   0.542693573375
4.712   0.563529428619   0.542693573375
4.808   0.563529428619   0.542693573375
4.904   0.563529428619   0.542693573375
5.0   0.563529428619   0.542693573375
5.096   0.563529428619   0.542693573375
5.192   0.563529428619   0.542693573375
5.288   0.563529428619   0.542693573375
5.384   0.563529428619   0.542693573375
5.48   0.563529428619   0.542693573375
5.576   0.563529428619   0.542693573375
5.672   0.563529428619   0.542693573375
5.768   0.563529428619   0.542693573375
5.864   0.563529428619   0.542693573375
5.96   0.563529428619   0.542693573375
6.056   0.563529428619   0.542693573375
6.152   0.563529428619   0.542693573375
6.248   0.563529428619   0.542693573375
6.344   0.563529428619   0.542693573375
6.44   0.563529428619   0.542693573375
6.536   0.563529428619   0.542693573375
6.632   0.563529428619   0.542693573375
6.728   0.563529428619   0.542693573375
6.824   0.563529428619   0.542693573375
6.92   0.563529428619   0.542693573375
7.016   0.563529428619   0.542693573375
7.112   0.563529428619   0.542693573375
7.208   0.563529428619   0.542693573375
7.304   0.563529428619   0.542693573375
7.4   0.563529428619   0.542693573375
7.496   0.563529428619   0.542693573375
7.592   0.563529428619   0.542693573375
7.688   0.563529428619   0.542693573375
7.784   0.563529428619   0.542693573375
7.88   0.563529428619   0.542693573375
7.976   0.563529428619   0.542693573375
8.072   0.563529428619   0.542693573375
8.168   0.563529428619   0.542693573375
8.264   0.563529428619   0.542693573375
8.36   0.563529428619   0.542693573375
8.456   0.563529428619   0.542693573375
8.552   0.563529428619   0.542693573375
8.648   0.563529428619   0.542693573375
8.744   0.563529428619   0.542693573375
8.84   0.563529428619   0.542693573375
8.936   0.563529428619   0.542693573375
9.032   0.563529428619   0.542693573375
9.128   0.563529428619   0.542693573375
9.224   0.563529428619   0.542693573375
9.32   0.563529428619   0.542693573375
9.416   0.563529428619   0.542693573375
9.512   0.563529428619   0.542693573375
9.608   0.563529428619   0.542693573375
9.704   0.563529428619   0.542693573375
