0.2   0.563463781966   0.405836815958
0.296   0.55938607779   0.451763064065
0.392   0.55585707426   0.481860912586
0.488   0.552860290217   0.501979801392
0.584   0.550364854055   0.515255480204
0.68   0.548329958305   0.523817261918
0.776   0.546708849751   0.529258243858
0.872   0.545452571053   0.532706433662
0.968   0.54451210778   0.534894407802
1.064   0.543838636206   0.536276379144
1.16   0.54338165358   0.537135318524
1.256   0.54308996543   0.537655176904
1.352   0.542914400982   0.537959929401
1.448   0.542814089722   0.53813403908
1.544   0.542758132902   0.538231193864
1.64   0.54272786123   0.538284740237
1.736   0.542711695598   0.538314030512
1.832   0.542703125806   0.538329982668
1.928   0.542698601174   0.538338649504
2.024   0.542696217584   0.538343352053
2.12   0.542694963415   0.538345901854
2.216   0.542694303939   0.538347283903
2.312   0.54269395729   0.538348032865
2.408   0.542693775111   0.538348438706
2.504   0.542693679377   0.538348658608
2.6   0.542693629073   0.538348777758
2.696   0.542693602641   0.538348842317
2.792   0.542693588752   0.538348877296
2.888   0.542693581454   0.538348896248
2.984   0.54269357762   0.538348906517
3.08   0.542693575605   0.538348912081
3.176   0.542693574547   0.538348915095
3.272   0.54269357399   0.538348916729
3.368   0.542693573698   0.538348917614
3.464   0.542693573545   0.538348918093
3.56   0.542693573464   0.538348918353
3.656   0.542693573422   0.538348918494
3.752   0.542693573399   0.53834891857
3.848   0.542693573388   0.538348918611
3.944   0.542693573381   0.538348918634
4.04   0.542693573378   0.538348918646
4.136   0.542693573377   0.538348918653
4.232   0.542693573376   0.538348918656
4.328   0.542693573375   0.538348918658
4.424   0.542693573375   0.538348918659
4.52   0.542693573375   0.53834891866
4.616   0.542693573375   0.53834891866
4.712   0.542693573375   0.53834891866
4.808   0.542693573375   0.53834891866
4.904   0.542693573375   0.53834891866
5.0   0.542693573375   0.53834891866
5.096   0.542693573375   0.53834891866
5.192   0.542693573375   0.53834891866
5.288   0.542693573375   0.53834891866
5.384   0.542693573375   0.53834891866
5.48   0.542693573375   0.53834891866
5.576   0.542693573375   0.53834891866
5.672   0.542693573375   0.53834891866
5.768   0.542693573375   0.53834891866
5.864   0.542693573375   0.53834891866
5.96   0.542693573375   0.53834891866
6.056   0.542693573375   0.53834891866
6.152   0.542693573375   0.53834891866
6.248   0.542693573375   0.53834891866
6.344   0.542693573375   0.53834891866
6.44   0.542693573375   0.53834891866
6.536   0.542693573375   0.53834891866
6.632   0.542693573375   0.53834891866
6.728   0.542693573375   0.53834891866
6.824   0.542693573375   0.53834891866
6.92   0.542693573375   0.53834891866
7.016   0.542693573375   0.53834891866
7.112   0.542693573375   0.53834891866
7.208   0.542693573375   0.53834891866
7.304   0.542693573375   0.53834891866
7.4   0.542693573375   0.53834891866
7.496   0.542693573375   0.53834891866
7.592   0.542693573375   0.53834891866
7.688   0.542693573375   0.53834891866
7.784   0.542693573375   0.53834891866
7.88   0.542693573375   0.53834891866
7.976   0.542693573375   0.53834891866
8.072   0.542693573375   0.53834891866
8.168   0.542693573375   0.53834891866
8.264   0.542693573375   0.53834891866
8.36   0.542693573375   0.53834891866
8.456   0.542693573375   0.53834891866
8.552   0.542693573375   0.53834891866
8.648   0.542693573375   0.53834891866
8.744   0.542693573375   0.53834891866
8.84   0.542693573375   0.53834891866
8.936   0.542693573375   0.53834891866
9.032   0.542693573375   0.53834891866
9.128   0.542693573375   0.53834891866
9.224   0.542693573375   0.53834891866
9.32   0.542693573375   0.53834891866
9.416   0.542693573375   0.53834891866
9.512   0.542693573375   0.53834891866
9.608   0.542693573375   0.53834891866
9.704   0.542693573375   0.53834891866
