0.2   0.566137220096   0.44304366152
0.296   0.563433535996   0.483398749796
0.392   0.561334390768   0.508761872944
0.488   0.559823566312   0.524248363358
0.584   0.558839596854   0.533050808095
0.68   0.558268426852   0.537739010226
0.776   0.557971041801   0.540153802229
0.872   0.557828797902   0.541386365346
0.968   0.557763852818   0.54201693436
1.064   0.557735196948   0.542341722335
1.16   0.557722727659   0.542509925971
1.256   0.557717338392   0.542597478009
1.352   0.557715016595   0.542643208998
1.448   0.557714017815   0.542667150258
1.544   0.55771358846   0.542679702207
1.64   0.557713403948   0.542686288822
1.736   0.557713324666   0.542689746997
1.832   0.557713290603   0.542691563225
1.928   0.557713275967   0.542692517285
2.024   0.55771326968   0.542693018504
2.12   0.557713266978   0.542693281838
2.216   0.557713265818   0.542693420195
2.312   0.557713265319   0.54269349289
2.408   0.557713265105   0.542693531086
2.504   0.557713265013   0.542693551155
2.6   0.557713264973   0.5426935617
2.696   0.557713264956   0.54269356724
2.792   0.557713264949   0.542693570151
2.888   0.557713264946   0.542693571681
2.984   0.557713264944   0.542693572485
3.08   0.557713264944   0.542693572907
3.176   0.557713264943   0.542693573129
3.272   0.557713264943   0.542693573246
3.368   0.557713264943   0.542693573307
3.464   0.557713264943   0.542693573339
3.56   0.557713264943   0.542693573356
3.656   0.557713264943   0.542693573365
3.752   0.557713264943   0.542693573369
3.848   0.557713264943   0.542693573372
3.944   0.557713264943   0.542693573373
4.04   0.557713264943   0.542693573374
4.136   0.557713264943   0.542693573374
4.232   0.557713264943   0.542693573374
4.328   0.557713264943   0.542693573375
4.424   0.557713264943   0.542693573375
4.52   0.557713264943   0.542693573375
4.616   0.557713264943   0.542693573375
4.712   0.557713264943   0.542693573375
4.808   0.557713264943   0.542693573375
4.904   0.557713264943   0.542693573375
5.0   0.557713264943   0.542693573375
5.096   0.557713264943   0.542693573375
5.192   0.557713264943   0.542693573375
5.288   0.557713264943   0.542693573375
5.384   0.557713264943   0.542693573375
5.48   0.557713264943   0.542693573375
5.576   0.557713264943   0.542693573375
5.672   0.557713264943   0.542693573375
5.768   0.557713264943   0.542693573375
5.864   0.557713264943   0.542693573375
5.96   0.557713264943   0.542693573375
6.056   0.557713264943   0.542693573375
6.152   0.557713264943   0.542693573375
6.248   0.557713264943   0.542693573375
6.344   0.557713264943   0.542693573375
6.44   0.557713264943   0.542693573375
6.536   0.557713264943   0.542693573375
6.632   0.557713264943   0.542693573375
6.728   0.557713264943   0.542693573375
6.824   0.557713264943   0.542693573375
6.92   0.557713264943   0.542693573375
7.016   0.557713264943   0.542693573375
7.112   0.557713264943   0.542693573375
7.208   0.557713264943   0.542693573375
7.304   0.557713264943   0.542693573375
7.4   0.557713264943   0.542693573375
7.496   0.557713264943   0.542693573375
7.592   0.557713264943   0.542693573375
7.688   0.557713264943   0.542693573375
7.784   0.557713264943   0.542693573375
7.88   0.557713264943   0.542693573375
7.976   0.557713264943   0.542693573375
8.072   0.557713264943   0.542693573375
8.168   0.557713264943   0.542693573375
8.264   0.557713264943   0.542693573375
8.36   0.557713264943   0.542693573375
8.456   0.557713264943   0.542693573375
8.552   0.557713264943   0.542693573375
8.648   0.557713264943   0.542693573375
8.744   0.557713264943   0.542693573375
8.84   0.557713264943   0.542693573375
8.936   0.557713264943   0.542693573375
9.032   0.557713264943   0.542693573375
9.128   0.557713264943   0.542693573375
9.224   0.557713264943   0.542693573375
9.32   0.557713264943   0.542693573375
9.416   0.557713264943   0.542693573375
9.512   0.557713264943   0.542693573375
9.608   0.557713264943   0.542693573375
9.704   0.557713264943   0.542693573375
