0.2   0.567999360645   0.46072365855
0.296   0.566399757215   0.49725165988
0.392   0.56545780676   0.518983393508
0.488   0.564998901655   0.530950373329
0.584   0.564810039174   0.536955518656
0.68   0.564740678131   0.539853141887
0.776   0.564716446271   0.541261618409
0.872   0.564708245474   0.541960930622
0.968   0.564705495016   0.542314912254
1.064   0.564704575768   0.542496584405
1.16   0.564704268946   0.542590680433
1.256   0.564704166587   0.542639698024
1.352   0.564704132445   0.542665322836
1.448   0.564704121058   0.542678746989
1.544   0.56470411726   0.542685788342
1.64   0.564704115993   0.542689484436
1.736   0.564704115571   0.542691425384
1.832   0.56470411543   0.542692444892
1.928   0.564704115383   0.542692980476
2.024   0.564704115367   0.54269326186
2.12   0.564704115362   0.542693409699
2.216   0.56470411536   0.542693487375
2.312   0.56470411536   0.542693528188
2.408   0.56470411536   0.542693549632
2.504   0.564704115359   0.5426935609
2.6   0.564704115359   0.54269356682
2.696   0.564704115359   0.542693569931
2.792   0.564704115359   0.542693571565
2.888   0.564704115359   0.542693572424
2.984   0.564704115359   0.542693572875
3.08   0.564704115359   0.542693573112
3.176   0.564704115359   0.542693573237
3.272   0.564704115359   0.542693573302
3.368   0.564704115359   0.542693573337
3.464   0.564704115359   0.542693573355
3.56   0.564704115359   0.542693573364
3.656   0.564704115359   0.542693573369
3.752   0.564704115359   0.542693573372
3.848   0.564704115359   0.542693573373
3.944   0.564704115359   0.542693573374
4.04   0.564704115359   0.542693573374
4.136   0.564704115359   0.542693573374
4.232   0.564704115359   0.542693573375
4.328   0.564704115359   0.542693573375
4.424   0.564704115359   0.542693573375
4.52   0.564704115359   0.542693573375
4.616   0.564704115359   0.542693573375
4.712   0.564704115359   0.542693573375
4.808   0.564704115359   0.542693573375
4.904   0.564704115359   0.542693573375
5.0   0.564704115359   0.542693573375
5.096   0.564704115359   0.542693573375
5.192   0.564704115359   0.542693573375
5.288   0.564704115359   0.542693573375
5.384   0.564704115359   0.542693573375
5.48   0.564704115359   0.542693573375
5.576   0.564704115359   0.542693573375
5.672   0.564704115359   0.542693573375
5.768   0.564704115359   0.542693573375
5.864   0.564704115359   0.542693573375
5.96   0.564704115359   0.542693573375
6.056   0.564704115359   0.542693573375
6.152   0.564704115359   0.542693573375
6.248   0.564704115359   0.542693573375
6.344   0.564704115359   0.542693573375
6.44   0.564704115359   0.542693573375
6.536   0.564704115359   0.542693573375
6.632   0.564704115359   0.542693573375
6.728   0.564704115359   0.542693573375
6.824   0.564704115359   0.542693573375
6.92   0.564704115359   0.542693573375
7.016   0.564704115359   0.542693573375
7.112   0.564704115359   0.542693573375
7.208   0.564704115359   0.542693573375
7.304   0.564704115359   0.542693573375
7.4   0.564704115359   0.542693573375
7.496   0.564704115359   0.542693573375
7.592   0.564704115359   0.542693573375
7.688   0.564704115359   0.542693573375
7.784   0.564704115359   0.542693573375
7.88   0.564704115359   0.542693573375
7.976   0.564704115359   0.542693573375
8.072   0.564704115359   0.542693573375
8.168   0.564704115359   0.542693573375
8.264   0.564704115359   0.542693573375
8.36   0.564704115359   0.542693573375
8.456   0.564704115359   0.542693573375
8.552   0.564704115359   0.542693573375
8.648   0.564704115359   0.542693573375
8.744   0.564704115359   0.542693573375
8.84   0.564704115359   0.542693573375
8.936   0.564704115359   0.542693573375
9.032   0.564704115359   0.542693573375
9.128   0.564704115359   0.542693573375
9.224   0.564704115359   0.542693573375
9.32   0.564704115359   0.542693573375
9.416   0.564704115359   0.542693573375
9.512   0.564704115359   0.542693573375
9.608   0.564704115359   0.542693573375
9.704   0.564704115359   0.542693573375
