0.2   0.564272086539   0.413064415889
0.296   0.560551997119   0.459928887747
0.392   0.557349982686   0.490056520849
0.488   0.554646576252   0.509732852842
0.584   0.552408521632   0.522315060132
0.68   0.550593197871   0.530140298735
0.776   0.549152645376   0.534951244978
0.872   0.548037587684   0.537926528068
0.968   0.547200264037   0.539786909356
1.064   0.546595571278   0.540954842556
1.16   0.546180431109   0.541680592787
1.256   0.545912051171   0.542120356894
1.352   0.545749414293   0.542377358939
1.448   0.545656953617   0.542523030363
1.544   0.545605598826   0.542602290221
1.64   0.545578287384   0.542645166715
1.736   0.545564003431   0.542668012021
1.832   0.545556601131   0.542680107358
1.928   0.545552784126   0.542686488293
2.024   0.545550821102   0.542689848064
2.12   0.545549812965   0.542691615289
2.216   0.545549295605   0.542692544353
2.312   0.545549030206   0.542693032646
2.408   0.545548894087   0.542693289247
2.504   0.545548824282   0.542693424082
2.6   0.545548788485   0.542693494931
2.696   0.545548770129   0.542693532158
2.792   0.545548760717   0.542693551718
2.888   0.54554875589   0.542693561996
2.984   0.545548753415   0.542693567396
3.08   0.545548752146   0.542693570233
3.176   0.545548751495   0.542693571724
3.272   0.545548751162   0.542693572507
3.368   0.545548750991   0.542693572919
3.464   0.545548750903   0.542693573135
3.56   0.545548750858   0.542693573249
3.656   0.545548750835   0.542693573309
3.752   0.545548750823   0.54269357334
3.848   0.545548750817   0.542693573356
3.944   0.545548750814   0.542693573365
4.04   0.545548750812   0.54269357337
4.136   0.545548750811   0.542693573372
4.232   0.545548750811   0.542693573373
4.328   0.545548750811   0.542693573374
4.424   0.545548750811   0.542693573374
4.52   0.545548750811   0.542693573374
4.616   0.545548750811   0.542693573375
4.712   0.545548750811   0.542693573375
4.808   0.545548750811   0.542693573375
4.904   0.545548750811   0.542693573375
5.0   0.545548750811   0.542693573375
5.096   0.545548750811   0.542693573375
5.192   0.545548750811   0.542693573375
5.288   0.545548750811   0.542693573375
5.384   0.545548750811   0.542693573375
5.48   0.545548750811   0.542693573375
5.576   0.545548750811   0.542693573375
5.672   0.545548750811   0.542693573375
5.768   0.545548750811   0.542693573375
5.864   0.545548750811   0.542693573375
5.96   0.545548750811   0.542693573375
6.056   0.545548750811   0.542693573375
6.152   0.545548750811   0.542693573375
6.248   0.545548750811   0.542693573375
6.344   0.545548750811   0.542693573375
6.44   0.545548750811   0.542693573375
6.536   0.545548750811   0.542693573375
6.632   0.545548750811   0.542693573375
6.728   0.545548750811   0.542693573375
6.824   0.545548750811   0.542693573375
6.92   0.545548750811   0.542693573375
7.016   0.545548750811   0.542693573375
7.112   0.545548750811   0.542693573375
7.208   0.545548750811   0.542693573375
7.304   0.545548750811   0.542693573375
7.4   0.545548750811   0.542693573375
7.496   0.545548750811   0.542693573375
7.592   0.545548750811   0.542693573375
7.688   0.545548750811   0.542693573375
7.784   0.545548750811   0.542693573375
7.88   0.545548750811   0.542693573375
7.976   0.545548750811   0.542693573375
8.072   0.545548750811   0.542693573375
8.168   0.545548750811   0.542693573375
8.264   0.545548750811   0.542693573375
8.36   0.545548750811   0.542693573375
8.456   0.545548750811   0.542693573375
8.552   0.545548750811   0.542693573375
8.648   0.545548750811   0.542693573375
8.744   0.545548750811   0.542693573375
8.84   0.545548750811   0.542693573375
8.936   0.545548750811   0.542693573375
9.032   0.545548750811   0.542693573375
9.128   0.545548750811   0.542693573375
9.224   0.545548750811   0.542693573375
9.32   0.545548750811   0.542693573375
9.416   0.545548750811   0.542693573375
9.512   0.545548750811   0.542693573375
9.608   0.545548750811   0.542693573375
9.704   0.545548750811   0.542693573375
