0.2   0.561531995625   0.383315676699
0.296   0.556791136574   0.426062277748
0.392   0.552831337365   0.455098733452
0.488   0.549659012314   0.475140064603
0.584   0.547245955455   0.488814940115
0.68   0.545520246109   0.497899238847
0.776   0.544367012246   0.503746811219
0.872   0.543645721503   0.507405674439
0.968   0.54321957455   0.509647088172
1.064   0.542978564794   0.511001765164
1.16   0.542845935102   0.511814446822
1.256   0.542774426868   0.512300598784
1.352   0.542736294549   0.512590995987
1.448   0.542716090609   0.512764483654
1.544   0.542705425139   0.51286817797
1.64   0.542699806616   0.512930190339
1.736   0.542696850235   0.512967293608
1.832   0.542695295635   0.512989501831
1.928   0.542694478446   0.513002798449
2.024   0.542694048968   0.513010761126
2.12   0.542693823277   0.513015530269
2.216   0.542693704684   0.513018386971
2.312   0.54269364237   0.513020098243
2.408   0.542693609627   0.513021123405
2.504   0.542693592423   0.513021737562
2.6   0.542693583383   0.513022105499
2.696   0.542693578633   0.513022325931
2.792   0.542693576138   0.513022457993
2.888   0.542693574826   0.513022537112
2.984   0.542693574137   0.513022584514
3.08   0.542693573775   0.513022612913
3.176   0.542693573585   0.513022629927
3.272   0.542693573485   0.51302264012
3.368   0.542693573433   0.513022646227
3.464   0.542693573405   0.513022649886
3.56   0.542693573391   0.513022652078
3.656   0.542693573383   0.513022653391
3.752   0.542693573379   0.513022654178
3.848   0.542693573377   0.513022654649
3.944   0.542693573376   0.513022654932
4.04   0.542693573375   0.513022655101
4.136   0.542693573375   0.513022655202
4.232   0.542693573375   0.513022655263
4.328   0.542693573375   0.5130226553
4.424   0.542693573375   0.513022655321
4.52   0.542693573375   0.513022655334
4.616   0.542693573375   0.513022655342
4.712   0.542693573375   0.513022655347
4.808   0.542693573375   0.51302265535
4.904   0.542693573375   0.513022655351
5.0   0.542693573375   0.513022655352
5.096   0.542693573375   0.513022655353
5.192   0.542693573375   0.513022655353
5.288   0.542693573375   0.513022655354
5.384   0.542693573375   0.513022655354
5.48   0.542693573375   0.513022655354
5.576   0.542693573375   0.513022655354
5.672   0.542693573375   0.513022655354
5.768   0.542693573375   0.513022655354
5.864   0.542693573375   0.513022655354
5.96   0.542693573375   0.513022655354
6.056   0.542693573375   0.513022655354
6.152   0.542693573375   0.513022655354
6.248   0.542693573375   0.513022655354
6.344   0.542693573375   0.513022655354
6.44   0.542693573375   0.513022655354
6.536   0.542693573375   0.513022655354
6.632   0.542693573375   0.513022655354
6.728   0.542693573375   0.513022655354
6.824   0.542693573375   0.513022655354
6.92   0.542693573375   0.513022655354
7.016   0.542693573375   0.513022655354
7.112   0.542693573375   0.513022655354
7.208   0.542693573375   0.513022655354
7.304   0.542693573375   0.513022655354
7.4   0.542693573375   0.513022655354
7.496   0.542693573375   0.513022655354
7.592   0.542693573375   0.513022655354
7.688   0.542693573375   0.513022655354
7.784   0.542693573375   0.513022655354
7.88   0.542693573375   0.513022655354
7.976   0.542693573375   0.513022655354
8.072   0.542693573375   0.513022655354
8.168   0.542693573375   0.513022655354
8.264   0.542693573375   0.513022655354
8.36   0.542693573375   0.513022655354
8.456   0.542693573375   0.513022655354
8.552   0.542693573375   0.513022655354
8.648   0.542693573375   0.513022655354
8.744   0.542693573375   0.513022655354
8.84   0.542693573375   0.513022655354
8.936   0.542693573375   0.513022655354
9.032   0.542693573375   0.513022655354
9.128   0.542693573375   0.513022655354
9.224   0.542693573375   0.513022655354
9.32   0.542693573375   0.513022655354
9.416   0.542693573375   0.513022655354
9.512   0.542693573375   0.513022655354
9.608   0.542693573375   0.513022655354
9.704   0.542693573375   0.513022655354
