0.2   0.564467836844   0.415340641573
0.296   0.560842202311   0.462104963672
0.392   0.557734170823   0.492053020512
0.488   0.555125479061   0.511492957981
0.584   0.552984869669   0.52380558625
0.68   0.551272458637   0.531365975904
0.776   0.54994332196   0.535940729346
0.872   0.548950201053   0.538709022161
0.968   0.548243836102   0.540384085776
1.064   0.547771521486   0.541385997975
1.16   0.547476777885   0.54197090859
1.256   0.54730481374   0.542301731252
1.352   0.547210119683   0.542484232621
1.448   0.547159341207   0.542582567896
1.544   0.547132971712   0.542634965181
1.64   0.547119453459   0.542662702906
1.736   0.547112571715   0.542677333263
1.832   0.5471090815   0.542685035262
1.928   0.547107314851   0.54268908592
2.024   0.547106421543   0.542691215217
2.12   0.547105970082   0.542692334251
2.216   0.547105741986   0.542692922284
2.312   0.54710562676   0.542693231268
2.408   0.547105568555   0.54269339362
2.504   0.547105539156   0.542693478926
2.6   0.547105524306   0.542693523749
2.696   0.547105516805   0.5426935473
2.792   0.547105513017   0.542693559674
2.888   0.547105511104   0.542693566176
2.984   0.547105510137   0.542693569592
3.08   0.547105509649   0.542693571387
3.176   0.547105509402   0.54269357233
3.272   0.547105509278   0.542693572826
3.368   0.547105509215   0.542693573086
3.464   0.547105509183   0.542693573223
3.56   0.547105509167   0.542693573295
3.656   0.547105509159   0.542693573333
3.752   0.547105509155   0.542693573353
3.848   0.547105509153   0.542693573363
3.944   0.547105509152   0.542693573369
4.04   0.547105509151   0.542693573371
4.136   0.547105509151   0.542693573373
4.232   0.547105509151   0.542693573374
4.328   0.547105509151   0.542693573374
4.424   0.547105509151   0.542693573374
4.52   0.547105509151   0.542693573375
4.616   0.547105509151   0.542693573375
4.712   0.547105509151   0.542693573375
4.808   0.547105509151   0.542693573375
4.904   0.547105509151   0.542693573375
5.0   0.547105509151   0.542693573375
5.096   0.547105509151   0.542693573375
5.192   0.547105509151   0.542693573375
5.288   0.547105509151   0.542693573375
5.384   0.547105509151   0.542693573375
5.48   0.547105509151   0.542693573375
5.576   0.547105509151   0.542693573375
5.672   0.547105509151   0.542693573375
5.768   0.547105509151   0.542693573375
5.864   0.547105509151   0.542693573375
5.96   0.547105509151   0.542693573375
6.056   0.547105509151   0.542693573375
6.152   0.547105509151   0.542693573375
6.248   0.547105509151   0.542693573375
6.344   0.547105509151   0.542693573375
6.44   0.547105509151   0.542693573375
6.536   0.547105509151   0.542693573375
6.632   0.547105509151   0.542693573375
6.728   0.547105509151   0.542693573375
6.824   0.547105509151   0.542693573375
6.92   0.547105509151   0.542693573375
7.016   0.547105509151   0.542693573375
7.112   0.547105509151   0.542693573375
7.208   0.547105509151   0.542693573375
7.304   0.547105509151   0.542693573375
7.4   0.547105509151   0.542693573375
7.496   0.547105509151   0.542693573375
7.592   0.547105509151   0.542693573375
7.688   0.547105509151   0.542693573375
7.784   0.547105509151   0.542693573375
7.88   0.547105509151   0.542693573375
7.976   0.547105509151   0.542693573375
8.072   0.547105509151   0.542693573375
8.168   0.547105509151   0.542693573375
8.264   0.547105509151   0.542693573375
8.36   0.547105509151   0.542693573375
8.456   0.547105509151   0.542693573375
8.552   0.547105509151   0.542693573375
8.648   0.547105509151   0.542693573375
8.744   0.547105509151   0.542693573375
8.84   0.547105509151   0.542693573375
8.936   0.547105509151   0.542693573375
9.032   0.547105509151   0.542693573375
9.128   0.547105509151   0.542693573375
9.224   0.547105509151   0.542693573375
9.32   0.547105509151   0.542693573375
9.416   0.547105509151   0.542693573375
9.512   0.547105509151   0.542693573375
9.608   0.547105509151   0.542693573375
9.704   0.547105509151   0.542693573375
