0.2   0.562106629836   0.386422716404
0.296   0.557528406744   0.431950334194
0.392   0.553641193199   0.462369533355
0.488   0.550451386519   0.483132856328
0.584   0.547942761308   0.497174401014
0.68   0.546071372081   0.506429066468
0.776   0.544760027522   0.512343463371
0.872   0.54390117501   0.516015531651
0.968   0.543373673189   0.518242004878
1.064   0.543066538223   0.519568951358
1.16   0.542894668183   0.520351216316
1.256   0.542800758747   0.520809630507
1.352   0.542750349651   0.521077609983
1.448   0.542723540546   0.521234064527
1.544   0.542709358527   0.521325450039
1.64   0.542701878829   0.52137881503
1.736   0.542697940621   0.521409995074
1.832   0.54269586901   0.521428218558
1.928   0.542694779845   0.521438872064
2.024   0.542694207369   0.521445101268
2.12   0.542693906517   0.52144874401
2.216   0.542693748424   0.521450874417
2.312   0.542693665353   0.52145212043
2.408   0.542693621703   0.521452849216
2.504   0.542693598768   0.521453275489
2.6   0.542693586717   0.521453524824
2.696   0.542693580385   0.521453670667
2.792   0.542693577058   0.521453755974
2.888   0.54269357531   0.521453805873
2.984   0.542693574392   0.521453835061
3.08   0.542693573909   0.521453852133
3.176   0.542693573655   0.52145386212
3.272   0.542693573522   0.521453867961
3.368   0.542693573452   0.521453871378
3.464   0.542693573415   0.521453873377
3.56   0.542693573396   0.521453874546
3.656   0.542693573386   0.52145387523
3.752   0.542693573381   0.52145387563
3.848   0.542693573378   0.521453875864
3.944   0.542693573376   0.521453876
4.04   0.542693573376   0.521453876081
4.136   0.542693573375   0.521453876127
4.232   0.542693573375   0.521453876155
4.328   0.542693573375   0.521453876171
4.424   0.542693573375   0.52145387618
4.52   0.542693573375   0.521453876186
4.616   0.542693573375   0.521453876189
4.712   0.542693573375   0.521453876191
4.808   0.542693573375   0.521453876192
4.904   0.542693573375   0.521453876192
5.0   0.542693573375   0.521453876193
5.096   0.542693573375   0.521453876193
5.192   0.542693573375   0.521453876193
5.288   0.542693573375   0.521453876193
5.384   0.542693573375   0.521453876193
5.48   0.542693573375   0.521453876193
5.576   0.542693573375   0.521453876193
5.672   0.542693573375   0.521453876193
5.768   0.542693573375   0.521453876193
5.864   0.542693573375   0.521453876193
5.96   0.542693573375   0.521453876193
6.056   0.542693573375   0.521453876193
6.152   0.542693573375   0.521453876193
6.248   0.542693573375   0.521453876193
6.344   0.542693573375   0.521453876193
6.44   0.542693573375   0.521453876193
6.536   0.542693573375   0.521453876193
6.632   0.542693573375   0.521453876193
6.728   0.542693573375   0.521453876193
6.824   0.542693573375   0.521453876193
6.92   0.542693573375   0.521453876193
7.016   0.542693573375   0.521453876193
7.112   0.542693573375   0.521453876193
7.208   0.542693573375   0.521453876193
7.304   0.542693573375   0.521453876193
7.4   0.542693573375   0.521453876193
7.496   0.542693573375   0.521453876193
7.592   0.542693573375   0.521453876193
7.688   0.542693573375   0.521453876193
7.784   0.542693573375   0.521453876193
7.88   0.542693573375   0.521453876193
7.976   0.542693573375   0.521453876193
8.072   0.542693573375   0.521453876193
8.168   0.542693573375   0.521453876193
8.264   0.542693573375   0.521453876193
8.36   0.542693573375   0.521453876193
8.456   0.542693573375   0.521453876193
8.552   0.542693573375   0.521453876193
8.648   0.542693573375   0.521453876193
8.744   0.542693573375   0.521453876193
8.84   0.542693573375   0.521453876193
8.936   0.542693573375   0.521453876193
9.032   0.542693573375   0.521453876193
9.128   0.542693573375   0.521453876193
9.224   0.542693573375   0.521453876193
9.32   0.542693573375   0.521453876193
9.416   0.542693573375   0.521453876193
9.512   0.542693573375   0.521453876193
9.608   0.542693573375   0.521453876193
9.704   0.542693573375   0.521453876193
