0.2   0.561573955468   0.387522804387
0.296   0.55684826911   0.429118611074
0.392   0.552896745028   0.457505125062
0.488   0.549724489491   0.477149873959
0.584   0.547303891337   0.490573596032
0.68   0.545565734812   0.499496682936
0.776   0.54439896917   0.50524042094
0.872   0.543666142598   0.508831980584
0.968   0.543231719845   0.511029248894
1.064   0.542985454881   0.512354649469
1.16   0.542849712147   0.513147821499
1.256   0.542776459974   0.513620996988
1.352   0.542737377382   0.513902800017
1.448   0.54271666386   0.514070632114
1.544   0.542705727594   0.514170628594
1.64   0.542699965897   0.514230237813
1.736   0.542696934031   0.514265787974
1.832   0.542695339693   0.514286997476
1.928   0.542694501604   0.514299654762
2.024   0.542694061138   0.514307209826
2.12   0.542693829673   0.514311720039
2.216   0.542693708045   0.514314412801
2.312   0.542693644136   0.514316020584
2.408   0.542693610555   0.514316980593
2.504   0.54269359291   0.514317553832
2.6   0.542693583639   0.51431789613
2.696   0.542693578768   0.514318100529
2.792   0.542693576208   0.514318222584
2.888   0.542693574864   0.514318295469
2.984   0.542693574157   0.514318338992
3.08   0.542693573786   0.514318364981
3.176   0.542693573591   0.514318380501
3.272   0.542693573488   0.514318389768
3.368   0.542693573434   0.514318395302
3.464   0.542693573406   0.514318398607
3.56   0.542693573391   0.51431840058
3.656   0.542693573383   0.514318401759
3.752   0.542693573379   0.514318402463
3.848   0.542693573377   0.514318402883
3.944   0.542693573376   0.514318403134
4.04   0.542693573375   0.514318403283
4.136   0.542693573375   0.514318403373
4.232   0.542693573375   0.514318403426
4.328   0.542693573375   0.514318403458
4.424   0.542693573375   0.514318403477
4.52   0.542693573375   0.514318403489
4.616   0.542693573375   0.514318403496
4.712   0.542693573375   0.5143184035
4.808   0.542693573375   0.514318403502
4.904   0.542693573375   0.514318403503
5.0   0.542693573375   0.514318403504
5.096   0.542693573375   0.514318403505
5.192   0.542693573375   0.514318403505
5.288   0.542693573375   0.514318403505
5.384   0.542693573375   0.514318403505
5.48   0.542693573375   0.514318403505
5.576   0.542693573375   0.514318403506
5.672   0.542693573375   0.514318403506
5.768   0.542693573375   0.514318403506
5.864   0.542693573375   0.514318403506
5.96   0.542693573375   0.514318403506
6.056   0.542693573375   0.514318403506
6.152   0.542693573375   0.514318403506
6.248   0.542693573375   0.514318403506
6.344   0.542693573375   0.514318403506
6.44   0.542693573375   0.514318403506
6.536   0.542693573375   0.514318403506
6.632   0.542693573375   0.514318403506
6.728   0.542693573375   0.514318403506
6.824   0.542693573375   0.514318403506
6.92   0.542693573375   0.514318403506
7.016   0.542693573375   0.514318403506
7.112   0.542693573375   0.514318403506
7.208   0.542693573375   0.514318403506
7.304   0.542693573375   0.514318403506
7.4   0.542693573375   0.514318403506
7.496   0.542693573375   0.514318403506
7.592   0.542693573375   0.514318403506
7.688   0.542693573375   0.514318403506
7.784   0.542693573375   0.514318403506
7.88   0.542693573375   0.514318403506
7.976   0.542693573375   0.514318403506
8.072   0.542693573375   0.514318403506
8.168   0.542693573375   0.514318403506
8.264   0.542693573375   0.514318403506
8.36   0.542693573375   0.514318403506
8.456   0.542693573375   0.514318403506
8.552   0.542693573375   0.514318403506
8.648   0.542693573375   0.514318403506
8.744   0.542693573375   0.514318403506
8.84   0.542693573375   0.514318403506
8.936   0.542693573375   0.514318403506
9.032   0.542693573375   0.514318403506
9.128   0.542693573375   0.514318403506
9.224   0.542693573375   0.514318403506
9.32   0.542693573375   0.514318403506
9.416   0.542693573375   0.514318403506
9.512   0.542693573375   0.514318403506
9.608   0.542693573375   0.514318403506
9.704   0.542693573375   0.514318403506
