0.2   0.565493269401   0.449499233368
0.296   0.562464684165   0.484942968817
0.392   0.560021108297   0.508168825469
0.488   0.558148196353   0.522994841687
0.584   0.55680898652   0.531898972777
0.68   0.555932516307   0.536931108656
0.776   0.555413200713   0.5396612479
0.872   0.555132752891   0.541108342908
0.968   0.554991948478   0.541866308501
1.064   0.554924046816   0.54226152822
1.16   0.554892308517   0.542467647198
1.256   0.554877669364   0.542575251987
1.352   0.554870962593   0.542631535967
1.448   0.554867900248   0.542661020749
1.544   0.554866504255   0.542676483328
1.64   0.554865868386   0.542684598201
1.736   0.554865578861   0.542688858933
1.832   0.554865447058   0.542691096691
1.928   0.554865387062   0.54269227218
2.024   0.554865359753   0.542692889727
2.12   0.554865347322   0.542693214177
2.216   0.554865341664   0.542693384645
2.312   0.554865339089   0.542693474211
2.408   0.554865337917   0.542693521272
2.504   0.554865337383   0.542693545998
2.6   0.554865337141   0.54269355899
2.696   0.55486533703   0.542693565817
2.792   0.55486533698   0.542693569403
2.888   0.554865336957   0.542693571288
2.984   0.554865336946   0.542693572278
3.08   0.554865336942   0.542693572799
3.176   0.55486533694   0.542693573072
3.272   0.554865336939   0.542693573216
3.368   0.554865336938   0.542693573291
3.464   0.554865336938   0.542693573331
3.56   0.554865336938   0.542693573352
3.656   0.554865336938   0.542693573363
3.752   0.554865336938   0.542693573368
3.848   0.554865336938   0.542693573371
3.944   0.554865336938   0.542693573373
4.04   0.554865336938   0.542693573374
4.136   0.554865336938   0.542693573374
4.232   0.554865336938   0.542693573374
4.328   0.554865336938   0.542693573375
4.424   0.554865336938   0.542693573375
4.52   0.554865336938   0.542693573375
4.616   0.554865336938   0.542693573375
4.712   0.554865336938   0.542693573375
4.808   0.554865336938   0.542693573375
4.904   0.554865336938   0.542693573375
5.0   0.554865336938   0.542693573375
5.096   0.554865336938   0.542693573375
5.192   0.554865336938   0.542693573375
5.288   0.554865336938   0.542693573375
5.384   0.554865336938   0.542693573375
5.48   0.554865336938   0.542693573375
5.576   0.554865336938   0.542693573375
5.672   0.554865336938   0.542693573375
5.768   0.554865336938   0.542693573375
5.864   0.554865336938   0.542693573375
5.96   0.554865336938   0.542693573375
6.056   0.554865336938   0.542693573375
6.152   0.554865336938   0.542693573375
6.248   0.554865336938   0.542693573375
6.344   0.554865336938   0.542693573375
6.44   0.554865336938   0.542693573375
6.536   0.554865336938   0.542693573375
6.632   0.554865336938   0.542693573375
6.728   0.554865336938   0.542693573375
6.824   0.554865336938   0.542693573375
6.92   0.554865336938   0.542693573375
7.016   0.554865336938   0.542693573375
7.112   0.554865336938   0.542693573375
7.208   0.554865336938   0.542693573375
7.304   0.554865336938   0.542693573375
7.4   0.554865336938   0.542693573375
7.496   0.554865336938   0.542693573375
7.592   0.554865336938   0.542693573375
7.688   0.554865336938   0.542693573375
7.784   0.554865336938   0.542693573375
7.88   0.554865336938   0.542693573375
7.976   0.554865336938   0.542693573375
8.072   0.554865336938   0.542693573375
8.168   0.554865336938   0.542693573375
8.264   0.554865336938   0.542693573375
8.36   0.554865336938   0.542693573375
8.456   0.554865336938   0.542693573375
8.552   0.554865336938   0.542693573375
8.648   0.554865336938   0.542693573375
8.744   0.554865336938   0.542693573375
8.84   0.554865336938   0.542693573375
8.936   0.554865336938   0.542693573375
9.032   0.554865336938   0.542693573375
9.128   0.554865336938   0.542693573375
9.224   0.554865336938   0.542693573375
9.32   0.554865336938   0.542693573375
9.416   0.554865336938   0.542693573375
9.512   0.554865336938   0.542693573375
9.608   0.554865336938   0.542693573375
9.704   0.554865336938   0.542693573375
