0.2   0.571352415859   0.490730232603
0.296   0.571220299383   0.490682049234
0.392   0.571200958573   0.490656351715
0.488   0.571198282006   0.490663482307
0.584   0.571197952509   0.490660903095
0.68   0.571197912003   0.490661882041
0.776   0.571197907019   0.490661567244
0.872   0.571197906406   0.490661702156
0.968   0.571197906331   0.490661667211
1.064   0.571197906321   0.49066168771
1.16   0.57119790632   0.490661685248
1.256   0.57119790632   0.490661689089
1.352   0.57119790632   0.490661689528
1.448   0.57119790632   0.49066169048
1.544   0.57119790632   0.490661690819
1.64   0.57119790632   0.490661691115
1.736   0.57119790632   0.490661691265
1.832   0.57119790632   0.490661691368
1.928   0.57119790632   0.490661691427
2.024   0.57119790632   0.490661691465
2.12   0.57119790632   0.490661691488
2.216   0.57119790632   0.490661691502
2.312   0.57119790632   0.49066169151
2.408   0.57119790632   0.490661691515
2.504   0.57119790632   0.490661691519
2.6   0.57119790632   0.490661691521
2.696   0.57119790632   0.490661691522
2.792   0.57119790632   0.490661691523
2.888   0.57119790632   0.490661691523
2.984   0.57119790632   0.490661691523
3.08   0.57119790632   0.490661691523
3.176   0.57119790632   0.490661691524
3.272   0.57119790632   0.490661691524
3.368   0.57119790632   0.490661691524
3.464   0.57119790632   0.490661691524
3.56   0.57119790632   0.490661691524
3.656   0.57119790632   0.490661691524
3.752   0.57119790632   0.490661691524
3.848   0.57119790632   0.490661691524
3.944   0.57119790632   0.490661691524
4.04   0.57119790632   0.490661691524
4.136   0.57119790632   0.490661691524
4.232   0.57119790632   0.490661691524
4.328   0.57119790632   0.490661691524
4.424   0.57119790632   0.490661691524
4.52   0.57119790632   0.490661691524
4.616   0.57119790632   0.490661691524
4.712   0.57119790632   0.490661691524
4.808   0.57119790632   0.490661691524
4.904   0.57119790632   0.490661691524
5.0   0.57119790632   0.490661691524
5.096   0.57119790632   0.490661691524
5.192   0.57119790632   0.490661691524
5.288   0.57119790632   0.490661691524
5.384   0.57119790632   0.490661691524
5.48   0.57119790632   0.490661691524
5.576   0.57119790632   0.490661691524
5.672   0.57119790632   0.490661691524
5.768   0.57119790632   0.490661691524
5.864   0.57119790632   0.490661691524
5.96   0.57119790632   0.490661691524
6.056   0.57119790632   0.490661691524
6.152   0.57119790632   0.490661691524
6.248   0.57119790632   0.490661691524
6.344   0.57119790632   0.490661691524
6.44   0.57119790632   0.490661691524
6.536   0.57119790632   0.490661691524
6.632   0.57119790632   0.490661691524
6.728   0.57119790632   0.490661691524
6.824   0.57119790632   0.490661691524
6.92   0.57119790632   0.490661691524
7.016   0.57119790632   0.490661691524
7.112   0.57119790632   0.490661691524
7.208   0.57119790632   0.490661691524
7.304   0.57119790632   0.490661691524
7.4   0.57119790632   0.490661691524
7.496   0.57119790632   0.490661691524
7.592   0.57119790632   0.490661691524
7.688   0.57119790632   0.490661691524
7.784   0.57119790632   0.490661691524
7.88   0.57119790632   0.490661691524
7.976   0.57119790632   0.490661691524
8.072   0.57119790632   0.490661691524
8.168   0.57119790632   0.490661691524
8.264   0.57119790632   0.490661691524
8.36   0.57119790632   0.490661691524
8.456   0.57119790632   0.490661691524
8.552   0.57119790632   0.490661691524
8.648   0.57119790632   0.490661691524
8.744   0.57119790632   0.490661691524
8.84   0.57119790632   0.490661691524
8.936   0.57119790632   0.490661691524
9.032   0.57119790632   0.490661691524
9.128   0.57119790632   0.490661691524
9.224   0.57119790632   0.490661691524
9.32   0.57119790632   0.490661691524
9.416   0.57119790632   0.490661691524
9.512   0.57119790632   0.490661691524
9.608   0.57119790632   0.490661691524
9.704   0.57119790632   0.490661691524
