0.2   0.567352341899   0.464923018388
0.296   0.565399812595   0.497935378248
0.392   0.564120824736   0.518423041355
0.488   0.563401156021   0.530259201717
0.584   0.563055375828   0.536485193553
0.68   0.562909103227   0.539587504482
0.776   0.562851292747   0.541120620617
0.872   0.562829517621   0.541887358705
0.968   0.562821447682   0.542276645212
1.064   0.562818477847   0.542476642299
1.16   0.562817388107   0.542580263044
1.256   0.562816988718   0.542634245419
1.352   0.562816842412   0.542662464841
1.448   0.562816788827   0.54267724756
1.544   0.562816769203   0.542685001208
1.64   0.562816762016   0.542689071073
1.736   0.562816759384   0.542691208259
1.832   0.56281675842   0.542692330828
1.928   0.562816758067   0.54269292055
2.024   0.562816757938   0.542693230374
2.12   0.562816757891   0.542693393156
2.216   0.562816757874   0.542693478683
2.312   0.562816757867   0.542693523621
2.408   0.562816757865   0.542693547233
2.504   0.562816757864   0.542693559639
2.6   0.562816757864   0.542693566158
2.696   0.562816757864   0.542693569583
2.792   0.562816757864   0.542693571382
2.888   0.562816757863   0.542693572328
2.984   0.562816757863   0.542693572825
3.08   0.562816757863   0.542693573086
3.176   0.562816757863   0.542693573223
3.272   0.562816757863   0.542693573295
3.368   0.562816757863   0.542693573333
3.464   0.562816757863   0.542693573353
3.56   0.562816757863   0.542693573363
3.656   0.562816757863   0.542693573369
3.752   0.562816757863   0.542693573371
3.848   0.562816757863   0.542693573373
3.944   0.562816757863   0.542693573374
4.04   0.562816757863   0.542693573374
4.136   0.562816757863   0.542693573374
4.232   0.562816757863   0.542693573375
4.328   0.562816757863   0.542693573375
4.424   0.562816757863   0.542693573375
4.52   0.562816757863   0.542693573375
4.616   0.562816757863   0.542693573375
4.712   0.562816757863   0.542693573375
4.808   0.562816757863   0.542693573375
4.904   0.562816757863   0.542693573375
5.0   0.562816757863   0.542693573375
5.096   0.562816757863   0.542693573375
5.192   0.562816757863   0.542693573375
5.288   0.562816757863   0.542693573375
5.384   0.562816757863   0.542693573375
5.48   0.562816757863   0.542693573375
5.576   0.562816757863   0.542693573375
5.672   0.562816757863   0.542693573375
5.768   0.562816757863   0.542693573375
5.864   0.562816757863   0.542693573375
5.96   0.562816757863   0.542693573375
6.056   0.562816757863   0.542693573375
6.152   0.562816757863   0.542693573375
6.248   0.562816757863   0.542693573375
6.344   0.562816757863   0.542693573375
6.44   0.562816757863   0.542693573375
6.536   0.562816757863   0.542693573375
6.632   0.562816757863   0.542693573375
6.728   0.562816757863   0.542693573375
6.824   0.562816757863   0.542693573375
6.92   0.562816757863   0.542693573375
7.016   0.562816757863   0.542693573375
7.112   0.562816757863   0.542693573375
7.208   0.562816757863   0.542693573375
7.304   0.562816757863   0.542693573375
7.4   0.562816757863   0.542693573375
7.496   0.562816757863   0.542693573375
7.592   0.562816757863   0.542693573375
7.688   0.562816757863   0.542693573375
7.784   0.562816757863   0.542693573375
7.88   0.562816757863   0.542693573375
7.976   0.562816757863   0.542693573375
8.072   0.562816757863   0.542693573375
8.168   0.562816757863   0.542693573375
8.264   0.562816757863   0.542693573375
8.36   0.562816757863   0.542693573375
8.456   0.562816757863   0.542693573375
8.552   0.562816757863   0.542693573375
8.648   0.562816757863   0.542693573375
8.744   0.562816757863   0.542693573375
8.84   0.562816757863   0.542693573375
8.936   0.562816757863   0.542693573375
9.032   0.562816757863   0.542693573375
9.128   0.562816757863   0.542693573375
9.224   0.562816757863   0.542693573375
9.32   0.562816757863   0.542693573375
9.416   0.562816757863   0.542693573375
9.512   0.562816757863   0.542693573375
9.608   0.562816757863   0.542693573375
9.704   0.562816757863   0.542693573375
