0.2   0.56968576898   0.473151400476
0.296   0.56898753783   0.506341687562
0.392   0.568737053035   0.524884495454
0.488   0.568666919339   0.534227222768
0.584   0.568649132049   0.538614494412
0.68   0.568644921666   0.540675892511
0.776   0.568643933976   0.541673406532
0.872   0.568643702886   0.542170010528
0.968   0.568643648859   0.542422328735
1.064   0.56864363623   0.542552235857
1.16   0.568643633279   0.542619671369
1.256   0.568643632589   0.542654852552
1.352   0.568643632428   0.542673261312
1.448   0.56864363239   0.542682910705
1.544   0.568643632381   0.542687973838
1.64   0.568643632379   0.542690632085
1.736   0.568643632378   0.542692028191
1.832   0.568643632378   0.542692761565
1.928   0.568643632378   0.542693146847
2.024   0.568643632378   0.542693349271
2.12   0.568643632378   0.542693455626
2.216   0.568643632378   0.542693511506
2.312   0.568643632378   0.542693540867
2.408   0.568643632378   0.542693556294
2.504   0.568643632378   0.5426935644
2.6   0.568643632378   0.542693568659
2.696   0.568643632378   0.542693570897
2.792   0.568643632378   0.542693572073
2.888   0.568643632378   0.542693572691
2.984   0.568643632378   0.542693573015
3.08   0.568643632378   0.542693573186
3.176   0.568643632378   0.542693573275
3.272   0.568643632378   0.542693573323
3.368   0.568643632378   0.542693573347
3.464   0.568643632378   0.54269357336
3.56   0.568643632378   0.542693573367
3.656   0.568643632378   0.542693573371
3.752   0.568643632378   0.542693573373
3.848   0.568643632378   0.542693573374
3.944   0.568643632378   0.542693573374
4.04   0.568643632378   0.542693573374
4.136   0.568643632378   0.542693573374
4.232   0.568643632378   0.542693573375
4.328   0.568643632378   0.542693573375
4.424   0.568643632378   0.542693573375
4.52   0.568643632378   0.542693573375
4.616   0.568643632378   0.542693573375
4.712   0.568643632378   0.542693573375
4.808   0.568643632378   0.542693573375
4.904   0.568643632378   0.542693573375
5.0   0.568643632378   0.542693573375
5.096   0.568643632378   0.542693573375
5.192   0.568643632378   0.542693573375
5.288   0.568643632378   0.542693573375
5.384   0.568643632378   0.542693573375
5.48   0.568643632378   0.542693573375
5.576   0.568643632378   0.542693573375
5.672   0.568643632378   0.542693573375
5.768   0.568643632378   0.542693573375
5.864   0.568643632378   0.542693573375
5.96   0.568643632378   0.542693573375
6.056   0.568643632378   0.542693573375
6.152   0.568643632378   0.542693573375
6.248   0.568643632378   0.542693573375
6.344   0.568643632378   0.542693573375
6.44   0.568643632378   0.542693573375
6.536   0.568643632378   0.542693573375
6.632   0.568643632378   0.542693573375
6.728   0.568643632378   0.542693573375
6.824   0.568643632378   0.542693573375
6.92   0.568643632378   0.542693573375
7.016   0.568643632378   0.542693573375
7.112   0.568643632378   0.542693573375
7.208   0.568643632378   0.542693573375
7.304   0.568643632378   0.542693573375
7.4   0.568643632378   0.542693573375
7.496   0.568643632378   0.542693573375
7.592   0.568643632378   0.542693573375
7.688   0.568643632378   0.542693573375
7.784   0.568643632378   0.542693573375
7.88   0.568643632378   0.542693573375
7.976   0.568643632378   0.542693573375
8.072   0.568643632378   0.542693573375
8.168   0.568643632378   0.542693573375
8.264   0.568643632378   0.542693573375
8.36   0.568643632378   0.542693573375
8.456   0.568643632378   0.542693573375
8.552   0.568643632378   0.542693573375
8.648   0.568643632378   0.542693573375
8.744   0.568643632378   0.542693573375
8.84   0.568643632378   0.542693573375
8.936   0.568643632378   0.542693573375
9.032   0.568643632378   0.542693573375
9.128   0.568643632378   0.542693573375
9.224   0.568643632378   0.542693573375
9.32   0.568643632378   0.542693573375
9.416   0.568643632378   0.542693573375
9.512   0.568643632378   0.542693573375
9.608   0.568643632378   0.542693573375
9.704   0.568643632378   0.542693573375
