0.2   0.562427953594   0.40048748619
0.296   0.557967619135   0.442799075805
0.392   0.554157036223   0.471366962819
0.488   0.550993658811   0.490959154704
0.584   0.548458102957   0.504226671372
0.68   0.54651337526   0.512973527123
0.776   0.545100999932   0.518570553164
0.872   0.54413844198   0.522053646316
0.968   0.543524495083   0.524167585713
1.064   0.543155949106   0.525423635968
1.16   0.542945302142   0.526158103747
1.256   0.54282847156   0.526583111906
1.352   0.542765250734   0.52682771988
1.448   0.542731471279   0.52696802963
1.544   0.542713555189   0.527048424417
1.64   0.542704092451   0.52709447234
1.736   0.542699106187   0.527120846475
1.832   0.542696482139   0.527135953748
1.928   0.542695102202   0.527144608314
2.024   0.542694376803   0.52714956682
2.12   0.542693995559   0.52715240796
2.216   0.542693795214   0.527154035985
2.312   0.542693689939   0.527154968913
2.408   0.542693634622   0.527155503535
2.504   0.542693605556   0.527155809911
2.6   0.542693590284   0.527155985488
2.696   0.542693582259   0.527156086108
2.792   0.542693578043   0.527156143771
2.888   0.542693575827   0.527156176817
2.984   0.542693574663   0.527156195756
3.08   0.542693574052   0.527156206609
3.176   0.54269357373   0.527156212829
3.272   0.542693573562   0.527156216394
3.368   0.542693573473   0.527156218436
3.464   0.542693573426   0.527156219607
3.56   0.542693573402   0.527156220278
3.656   0.542693573389   0.527156220663
3.752   0.542693573382   0.527156220883
3.848   0.542693573379   0.527156221009
3.944   0.542693573377   0.527156221082
4.04   0.542693573376   0.527156221123
4.136   0.542693573375   0.527156221147
4.232   0.542693573375   0.52715622116
4.328   0.542693573375   0.527156221168
4.424   0.542693573375   0.527156221173
4.52   0.542693573375   0.527156221175
4.616   0.542693573375   0.527156221177
4.712   0.542693573375   0.527156221178
4.808   0.542693573375   0.527156221178
4.904   0.542693573375   0.527156221178
5.0   0.542693573375   0.527156221178
5.096   0.542693573375   0.527156221179
5.192   0.542693573375   0.527156221179
5.288   0.542693573375   0.527156221179
5.384   0.542693573375   0.527156221179
5.48   0.542693573375   0.527156221179
5.576   0.542693573375   0.527156221179
5.672   0.542693573375   0.527156221179
5.768   0.542693573375   0.527156221179
5.864   0.542693573375   0.527156221179
5.96   0.542693573375   0.527156221179
6.056   0.542693573375   0.527156221179
6.152   0.542693573375   0.527156221179
6.248   0.542693573375   0.527156221179
6.344   0.542693573375   0.527156221179
6.44   0.542693573375   0.527156221179
6.536   0.542693573375   0.527156221179
6.632   0.542693573375   0.527156221179
6.728   0.542693573375   0.527156221179
6.824   0.542693573375   0.527156221179
6.92   0.542693573375   0.527156221179
7.016   0.542693573375   0.527156221179
7.112   0.542693573375   0.527156221179
7.208   0.542693573375   0.527156221179
7.304   0.542693573375   0.527156221179
7.4   0.542693573375   0.527156221179
7.496   0.542693573375   0.527156221179
7.592   0.542693573375   0.527156221179
7.688   0.542693573375   0.527156221179
7.784   0.542693573375   0.527156221179
7.88   0.542693573375   0.527156221179
7.976   0.542693573375   0.527156221179
8.072   0.542693573375   0.527156221179
8.168   0.542693573375   0.527156221179
8.264   0.542693573375   0.527156221179
8.36   0.542693573375   0.527156221179
8.456   0.542693573375   0.527156221179
8.552   0.542693573375   0.527156221179
8.648   0.542693573375   0.527156221179
8.744   0.542693573375   0.527156221179
8.84   0.542693573375   0.527156221179
8.936   0.542693573375   0.527156221179
9.032   0.542693573375   0.527156221179
9.128   0.542693573375   0.527156221179
9.224   0.542693573375   0.527156221179
9.32   0.542693573375   0.527156221179
9.416   0.542693573375   0.527156221179
9.512   0.542693573375   0.527156221179
9.608   0.542693573375   0.527156221179
9.704   0.542693573375   0.527156221179
