0.2   0.564760702536   0.436283612556
0.296   0.561323321895   0.475074229669
0.392   0.558429341338   0.500615657172
0.488   0.55605936589   0.517327620774
0.584   0.554183483362   0.527843613544
0.68   0.552761895271   0.534186617016
0.776   0.551744231046   0.537908136615
0.872   0.551066024214   0.540051230528
0.968   0.550648661307   0.541260396721
1.064   0.550410724899   0.541927141216
1.16   0.550283315003   0.542287282391
1.256   0.550217352204   0.542479371902
1.352   0.550184238444   0.542580877287
1.448   0.550167834872   0.542634337017
1.544   0.550159766623   0.542662448497
1.64   0.550155812926   0.542677221093
1.736   0.550153879202   0.542684982356
1.832   0.550152934361   0.542689059802
1.928   0.550152472929   0.54269120196
2.024   0.550152247637   0.542692327415
2.12   0.550152137653   0.542692918727
2.216   0.550152083965   0.542693229409
2.312   0.550152057757   0.542693392647
2.408   0.550152044965   0.542693478415
2.504   0.55015203872   0.54269352348
2.6   0.550152035672   0.542693547159
2.696   0.550152034185   0.5426935596
2.792   0.550152033458   0.542693566137
2.888   0.550152033104   0.542693569572
2.984   0.550152032931   0.542693571377
3.08   0.550152032846   0.542693572325
3.176   0.550152032805   0.542693572823
3.272   0.550152032785   0.542693573085
3.368   0.550152032775   0.542693573222
3.464   0.55015203277   0.542693573295
3.56   0.550152032768   0.542693573333
3.656   0.550152032767   0.542693573353
3.752   0.550152032766   0.542693573363
3.848   0.550152032766   0.542693573369
3.944   0.550152032766   0.542693573371
4.04   0.550152032766   0.542693573373
4.136   0.550152032766   0.542693573374
4.232   0.550152032766   0.542693573374
4.328   0.550152032766   0.542693573374
4.424   0.550152032766   0.542693573375
4.52   0.550152032766   0.542693573375
4.616   0.550152032766   0.542693573375
4.712   0.550152032766   0.542693573375
4.808   0.550152032766   0.542693573375
4.904   0.550152032766   0.542693573375
5.0   0.550152032766   0.542693573375
5.096   0.550152032766   0.542693573375
5.192   0.550152032766   0.542693573375
5.288   0.550152032766   0.542693573375
5.384   0.550152032766   0.542693573375
5.48   0.550152032766   0.542693573375
5.576   0.550152032766   0.542693573375
5.672   0.550152032766   0.542693573375
5.768   0.550152032766   0.542693573375
5.864   0.550152032766   0.542693573375
5.96   0.550152032766   0.542693573375
6.056   0.550152032766   0.542693573375
6.152   0.550152032766   0.542693573375
6.248   0.550152032766   0.542693573375
6.344   0.550152032766   0.542693573375
6.44   0.550152032766   0.542693573375
6.536   0.550152032766   0.542693573375
6.632   0.550152032766   0.542693573375
6.728   0.550152032766   0.542693573375
6.824   0.550152032766   0.542693573375
6.92   0.550152032766   0.542693573375
7.016   0.550152032766   0.542693573375
7.112   0.550152032766   0.542693573375
7.208   0.550152032766   0.542693573375
7.304   0.550152032766   0.542693573375
7.4   0.550152032766   0.542693573375
7.496   0.550152032766   0.542693573375
7.592   0.550152032766   0.542693573375
7.688   0.550152032766   0.542693573375
7.784   0.550152032766   0.542693573375
7.88   0.550152032766   0.542693573375
7.976   0.550152032766   0.542693573375
8.072   0.550152032766   0.542693573375
8.168   0.550152032766   0.542693573375
8.264   0.550152032766   0.542693573375
8.36   0.550152032766   0.542693573375
8.456   0.550152032766   0.542693573375
8.552   0.550152032766   0.542693573375
8.648   0.550152032766   0.542693573375
8.744   0.550152032766   0.542693573375
8.84   0.550152032766   0.542693573375
8.936   0.550152032766   0.542693573375
9.032   0.550152032766   0.542693573375
9.128   0.550152032766   0.542693573375
9.224   0.550152032766   0.542693573375
9.32   0.550152032766   0.542693573375
9.416   0.550152032766   0.542693573375
9.512   0.550152032766   0.542693573375
9.608   0.550152032766   0.542693573375
9.704   0.550152032766   0.542693573375
