0.2   0.565472879501   0.447714964749
0.296   0.562427792905   0.483886226648
0.392   0.559963786711   0.507525200518
0.488   0.558067174295   0.522605070685
0.584   0.556702714403   0.531668155807
0.68   0.555802533368   0.536798149392
0.776   0.555264313266   0.539586962404
0.872   0.554971121843   0.541067986894
0.968   0.554822858031   0.541844808047
1.064   0.554750932116   0.542250184027
1.16   0.554717158941   0.542461693807
1.256   0.554701520299   0.542572129928
1.352   0.554694330277   0.542629898461
1.448   0.554691036316   0.542660161529
1.544   0.554689529881   0.542676032298
1.64   0.554688841522   0.542684361364
1.736   0.554688527108   0.542688734542
1.832   0.554688383524   0.542691031348
1.928   0.55468831796   0.542692237852
2.024   0.554688288023   0.542692871691
2.12   0.554688274354   0.542693204701
2.216   0.554688268113   0.542693379666
2.312   0.554688265263   0.542693471595
2.408   0.554688263962   0.542693519897
2.504   0.554688263368   0.542693545276
2.6   0.554688263097   0.542693558611
2.696   0.554688262973   0.542693565617
2.792   0.554688262917   0.542693569299
2.888   0.554688262891   0.542693571233
2.984   0.554688262879   0.542693572249
3.08   0.554688262874   0.542693572783
3.176   0.554688262871   0.542693573064
3.272   0.55468826287   0.542693573211
3.368   0.55468826287   0.542693573289
3.464   0.554688262869   0.54269357333
3.56   0.554688262869   0.542693573351
3.656   0.554688262869   0.542693573362
3.752   0.554688262869   0.542693573368
3.848   0.554688262869   0.542693573371
3.944   0.554688262869   0.542693573373
4.04   0.554688262869   0.542693573374
4.136   0.554688262869   0.542693573374
4.232   0.554688262869   0.542693573374
4.328   0.554688262869   0.542693573375
4.424   0.554688262869   0.542693573375
4.52   0.554688262869   0.542693573375
4.616   0.554688262869   0.542693573375
4.712   0.554688262869   0.542693573375
4.808   0.554688262869   0.542693573375
4.904   0.554688262869   0.542693573375
5.0   0.554688262869   0.542693573375
5.096   0.554688262869   0.542693573375
5.192   0.554688262869   0.542693573375
5.288   0.554688262869   0.542693573375
5.384   0.554688262869   0.542693573375
5.48   0.554688262869   0.542693573375
5.576   0.554688262869   0.542693573375
5.672   0.554688262869   0.542693573375
5.768   0.554688262869   0.542693573375
5.864   0.554688262869   0.542693573375
5.96   0.554688262869   0.542693573375
6.056   0.554688262869   0.542693573375
6.152   0.554688262869   0.542693573375
6.248   0.554688262869   0.542693573375
6.344   0.554688262869   0.542693573375
6.44   0.554688262869   0.542693573375
6.536   0.554688262869   0.542693573375
6.632   0.554688262869   0.542693573375
6.728   0.554688262869   0.542693573375
6.824   0.554688262869   0.542693573375
6.92   0.554688262869   0.542693573375
7.016   0.554688262869   0.542693573375
7.112   0.554688262869   0.542693573375
7.208   0.554688262869   0.542693573375
7.304   0.554688262869   0.542693573375
7.4   0.554688262869   0.542693573375
7.496   0.554688262869   0.542693573375
7.592   0.554688262869   0.542693573375
7.688   0.554688262869   0.542693573375
7.784   0.554688262869   0.542693573375
7.88   0.554688262869   0.542693573375
7.976   0.554688262869   0.542693573375
8.072   0.554688262869   0.542693573375
8.168   0.554688262869   0.542693573375
8.264   0.554688262869   0.542693573375
8.36   0.554688262869   0.542693573375
8.456   0.554688262869   0.542693573375
8.552   0.554688262869   0.542693573375
8.648   0.554688262869   0.542693573375
8.744   0.554688262869   0.542693573375
8.84   0.554688262869   0.542693573375
8.936   0.554688262869   0.542693573375
9.032   0.554688262869   0.542693573375
9.128   0.554688262869   0.542693573375
9.224   0.554688262869   0.542693573375
9.32   0.554688262869   0.542693573375
9.416   0.554688262869   0.542693573375
9.512   0.554688262869   0.542693573375
9.608   0.554688262869   0.542693573375
9.704   0.554688262869   0.542693573375
