0.2   0.569226742101   0.47064565464
0.296   0.568306832229   0.50440043026
0.392   0.567918053699   0.523629270015
0.488   0.567789408923   0.533549478667
0.584   0.567751659334   0.538277978455
0.68   0.567741528235   0.540510222436
0.776   0.567738852739   0.541590635703
0.872   0.567738149955   0.542127973431
0.968   0.567737965671   0.542400714174
1.064   0.567737917374   0.542541029484
1.16   0.567737904718   0.542613830435
1.256   0.567737901402   0.542651798196
1.352   0.567737900533   0.542671660959
1.448   0.567737900305   0.5426820712
1.544   0.567737900246   0.542687533151
1.64   0.56773790023   0.542690400659
1.736   0.567737900226   0.54269190663
1.832   0.567737900225   0.542692697704
1.928   0.567737900225   0.542693113296
2.024   0.567737900225   0.542693331643
2.12   0.567737900225   0.542693446364
2.216   0.567737900225   0.54269350664
2.312   0.567737900225   0.54269353831
2.408   0.567737900225   0.542693554951
2.504   0.567737900225   0.542693563694
2.6   0.567737900225   0.542693568288
2.696   0.567737900225   0.542693570702
2.792   0.567737900225   0.54269357197
2.888   0.567737900225   0.542693572637
2.984   0.567737900225   0.542693572987
3.08   0.567737900225   0.542693573171
3.176   0.567737900225   0.542693573268
3.272   0.567737900225   0.542693573318
3.368   0.567737900225   0.542693573345
3.464   0.567737900225   0.542693573359
3.56   0.567737900225   0.542693573366
3.656   0.567737900225   0.54269357337
3.752   0.567737900225   0.542693573372
3.848   0.567737900225   0.542693573373
3.944   0.567737900225   0.542693573374
4.04   0.567737900225   0.542693573374
4.136   0.567737900225   0.542693573374
4.232   0.567737900225   0.542693573375
4.328   0.567737900225   0.542693573375
4.424   0.567737900225   0.542693573375
4.52   0.567737900225   0.542693573375
4.616   0.567737900225   0.542693573375
4.712   0.567737900225   0.542693573375
4.808   0.567737900225   0.542693573375
4.904   0.567737900225   0.542693573375
5.0   0.567737900225   0.542693573375
5.096   0.567737900225   0.542693573375
5.192   0.567737900225   0.542693573375
5.288   0.567737900225   0.542693573375
5.384   0.567737900225   0.542693573375
5.48   0.567737900225   0.542693573375
5.576   0.567737900225   0.542693573375
5.672   0.567737900225   0.542693573375
5.768   0.567737900225   0.542693573375
5.864   0.567737900225   0.542693573375
5.96   0.567737900225   0.542693573375
6.056   0.567737900225   0.542693573375
6.152   0.567737900225   0.542693573375
6.248   0.567737900225   0.542693573375
6.344   0.567737900225   0.542693573375
6.44   0.567737900225   0.542693573375
6.536   0.567737900225   0.542693573375
6.632   0.567737900225   0.542693573375
6.728   0.567737900225   0.542693573375
6.824   0.567737900225   0.542693573375
6.92   0.567737900225   0.542693573375
7.016   0.567737900225   0.542693573375
7.112   0.567737900225   0.542693573375
7.208   0.567737900225   0.542693573375
7.304   0.567737900225   0.542693573375
7.4   0.567737900225   0.542693573375
7.496   0.567737900225   0.542693573375
7.592   0.567737900225   0.542693573375
7.688   0.567737900225   0.542693573375
7.784   0.567737900225   0.542693573375
7.88   0.567737900225   0.542693573375
7.976   0.567737900225   0.542693573375
8.072   0.567737900225   0.542693573375
8.168   0.567737900225   0.542693573375
8.264   0.567737900225   0.542693573375
8.36   0.567737900225   0.542693573375
8.456   0.567737900225   0.542693573375
8.552   0.567737900225   0.542693573375
8.648   0.567737900225   0.542693573375
8.744   0.567737900225   0.542693573375
8.84   0.567737900225   0.542693573375
8.936   0.567737900225   0.542693573375
9.032   0.567737900225   0.542693573375
9.128   0.567737900225   0.542693573375
9.224   0.567737900225   0.542693573375
9.32   0.567737900225   0.542693573375
9.416   0.567737900225   0.542693573375
9.512   0.567737900225   0.542693573375
9.608   0.567737900225   0.542693573375
9.704   0.567737900225   0.542693573375
