0.2   0.56497903878   0.42181702969
0.296   0.561613190554   0.467885317568
0.392   0.558775694242   0.497115124132
0.488   0.556453611964   0.515760246888
0.584   0.554622731937   0.527230859074
0.68   0.553246994337   0.533994604198
0.776   0.552276236267   0.537877130028
0.872   0.551642170652   0.540068563052
0.968   0.551260984491   0.541283619501
1.064   0.551048537513   0.541944450836
1.16   0.550936915416   0.54229804422
1.256   0.550880070965   0.542485494482
1.352   0.550851891338   0.542584229333
1.448   0.550838081911   0.542636136024
1.544   0.550831355646   0.542663404058
1.64   0.550828089734   0.542677725949
1.736   0.550826506533   0.542685248363
1.832   0.550825739677   0.542689199767
1.928   0.550825368388   0.542691275553
2.024   0.550825188658   0.542692366097
2.12   0.550825101665   0.542692939056
2.216   0.550825059561   0.542693240091
2.312   0.550825039184   0.542693398259
2.408   0.550825029321   0.542693481364
2.504   0.550825024548   0.54269352503
2.6   0.550825022238   0.542693547973
2.696   0.55082502112   0.542693560028
2.792   0.550825020579   0.542693566362
2.888   0.550825020317   0.54269356969
2.984   0.550825020191   0.542693571439
3.08   0.550825020129   0.542693572357
3.176   0.5508250201   0.54269357284
3.272   0.550825020085   0.542693573094
3.368   0.550825020078   0.542693573227
3.464   0.550825020075   0.542693573297
3.56   0.550825020073   0.542693573334
3.656   0.550825020072   0.542693573353
3.752   0.550825020072   0.542693573363
3.848   0.550825020072   0.542693573369
3.944   0.550825020072   0.542693573372
4.04   0.550825020072   0.542693573373
4.136   0.550825020072   0.542693573374
4.232   0.550825020072   0.542693573374
4.328   0.550825020072   0.542693573374
4.424   0.550825020072   0.542693573375
4.52   0.550825020072   0.542693573375
4.616   0.550825020072   0.542693573375
4.712   0.550825020072   0.542693573375
4.808   0.550825020072   0.542693573375
4.904   0.550825020072   0.542693573375
5.0   0.550825020072   0.542693573375
5.096   0.550825020072   0.542693573375
5.192   0.550825020072   0.542693573375
5.288   0.550825020072   0.542693573375
5.384   0.550825020072   0.542693573375
5.48   0.550825020072   0.542693573375
5.576   0.550825020072   0.542693573375
5.672   0.550825020072   0.542693573375
5.768   0.550825020072   0.542693573375
5.864   0.550825020072   0.542693573375
5.96   0.550825020072   0.542693573375
6.056   0.550825020072   0.542693573375
6.152   0.550825020072   0.542693573375
6.248   0.550825020072   0.542693573375
6.344   0.550825020072   0.542693573375
6.44   0.550825020072   0.542693573375
6.536   0.550825020072   0.542693573375
6.632   0.550825020072   0.542693573375
6.728   0.550825020072   0.542693573375
6.824   0.550825020072   0.542693573375
6.92   0.550825020072   0.542693573375
7.016   0.550825020072   0.542693573375
7.112   0.550825020072   0.542693573375
7.208   0.550825020072   0.542693573375
7.304   0.550825020072   0.542693573375
7.4   0.550825020072   0.542693573375
7.496   0.550825020072   0.542693573375
7.592   0.550825020072   0.542693573375
7.688   0.550825020072   0.542693573375
7.784   0.550825020072   0.542693573375
7.88   0.550825020072   0.542693573375
7.976   0.550825020072   0.542693573375
8.072   0.550825020072   0.542693573375
8.168   0.550825020072   0.542693573375
8.264   0.550825020072   0.542693573375
8.36   0.550825020072   0.542693573375
8.456   0.550825020072   0.542693573375
8.552   0.550825020072   0.542693573375
8.648   0.550825020072   0.542693573375
8.744   0.550825020072   0.542693573375
8.84   0.550825020072   0.542693573375
8.936   0.550825020072   0.542693573375
9.032   0.550825020072   0.542693573375
9.128   0.550825020072   0.542693573375
9.224   0.550825020072   0.542693573375
9.32   0.550825020072   0.542693573375
9.416   0.550825020072   0.542693573375
9.512   0.550825020072   0.542693573375
9.608   0.550825020072   0.542693573375
9.704   0.550825020072   0.542693573375
