0.2   0.561451256299   0.377082397166
0.296   0.556684019884   0.421398385365
0.392   0.552711473493   0.451317399537
0.488   0.549541458999   0.471897703025
0.584   0.547143854975   0.485915889597
0.68   0.545441379058   0.495223266343
0.776   0.544312344464   0.501217299685
0.872   0.54361113526   0.5049734374
0.968   0.543199143793   0.507280322217
1.064   0.542967026257   0.508679456974
1.16   0.542839625042   0.509522360718
1.256   0.542771034965   0.510028942102
1.352   0.542734489411   0.51033305208
1.448   0.542715135377   0.510515666421
1.544   0.542704921261   0.510625387112
1.64   0.542699541293   0.510691350437
1.736   0.542696710662   0.510731027659
1.832   0.542695222251   0.510754903396
1.928   0.542694439874   0.510769274957
2.024   0.542694028697   0.510777927537
2.12   0.542693812626   0.510783137725
2.216   0.542693699087   0.51078627539
2.312   0.542693639429   0.51078816508
2.408   0.542693608082   0.510789303218
2.504   0.542693591611   0.510789988726
2.6   0.542693582957   0.510790401621
2.696   0.542693578409   0.510790650319
2.792   0.54269357602   0.510790800118
2.888   0.542693574765   0.510790890347
2.984   0.542693574105   0.510790944696
3.08   0.542693573758   0.510790977432
3.176   0.542693573576   0.51079099715
3.272   0.542693573481   0.510791009027
3.368   0.54269357343   0.510791016182
3.464   0.542693573404   0.510791020491
3.56   0.54269357339   0.510791023086
3.656   0.542693573383   0.51079102465
3.752   0.542693573379   0.510791025592
3.848   0.542693573377   0.510791026159
3.944   0.542693573376   0.510791026501
4.04   0.542693573375   0.510791026706
4.136   0.542693573375   0.51079102683
4.232   0.542693573375   0.510791026905
4.328   0.542693573375   0.51079102695
4.424   0.542693573375   0.510791026977
4.52   0.542693573375   0.510791026993
4.616   0.542693573375   0.510791027003
4.712   0.542693573375   0.510791027009
4.808   0.542693573375   0.510791027013
4.904   0.542693573375   0.510791027015
5.0   0.542693573375   0.510791027016
5.096   0.542693573375   0.510791027017
5.192   0.542693573375   0.510791027017
5.288   0.542693573375   0.510791027018
5.384   0.542693573375   0.510791027018
5.48   0.542693573375   0.510791027018
5.576   0.542693573375   0.510791027018
5.672   0.542693573375   0.510791027018
5.768   0.542693573375   0.510791027018
5.864   0.542693573375   0.510791027018
5.96   0.542693573375   0.510791027018
6.056   0.542693573375   0.510791027018
6.152   0.542693573375   0.510791027018
6.248   0.542693573375   0.510791027018
6.344   0.542693573375   0.510791027018
6.44   0.542693573375   0.510791027018
6.536   0.542693573375   0.510791027018
6.632   0.542693573375   0.510791027018
6.728   0.542693573375   0.510791027018
6.824   0.542693573375   0.510791027018
6.92   0.542693573375   0.510791027018
7.016   0.542693573375   0.510791027018
7.112   0.542693573375   0.510791027018
7.208   0.542693573375   0.510791027018
7.304   0.542693573375   0.510791027018
7.4   0.542693573375   0.510791027018
7.496   0.542693573375   0.510791027018
7.592   0.542693573375   0.510791027018
7.688   0.542693573375   0.510791027018
7.784   0.542693573375   0.510791027018
7.88   0.542693573375   0.510791027018
7.976   0.542693573375   0.510791027018
8.072   0.542693573375   0.510791027018
8.168   0.542693573375   0.510791027018
8.264   0.542693573375   0.510791027018
8.36   0.542693573375   0.510791027018
8.456   0.542693573375   0.510791027018
8.552   0.542693573375   0.510791027018
8.648   0.542693573375   0.510791027018
8.744   0.542693573375   0.510791027018
8.84   0.542693573375   0.510791027018
8.936   0.542693573375   0.510791027018
9.032   0.542693573375   0.510791027018
9.128   0.542693573375   0.510791027018
9.224   0.542693573375   0.510791027018
9.32   0.542693573375   0.510791027018
9.416   0.542693573375   0.510791027018
9.512   0.542693573375   0.510791027018
9.608   0.542693573375   0.510791027018
9.704   0.542693573375   0.510791027018
