0.2   0.570847103362   0.484408503646
0.296   0.570592182863   0.512925957867
0.392   0.570540182107   0.52846480512
0.488   0.570530906707   0.535974225966
0.584   0.57052944252   0.539443461169
0.68   0.570529211621   0.541076828682
0.776   0.570529175193   0.54187251753
0.872   0.570529169445   0.542270933797
0.968   0.570529168538   0.542474196274
1.064   0.570529168395   0.542579127861
1.16   0.570529168373   0.542633689997
1.256   0.570529168369   0.542662184316
1.352   0.570529168369   0.542677103297
1.448   0.570529168369   0.542684926278
1.544   0.570529168369   0.542689031945
1.64   0.570529168369   0.542691187767
1.736   0.570529168369   0.54269232008
1.832   0.570529168369   0.542692914907
1.928   0.570529168369   0.542693227411
2.024   0.570529168369   0.542693391599
2.12   0.570529168369   0.542693477866
2.216   0.570529168369   0.542693523192
2.312   0.570529168369   0.542693547007
2.408   0.570529168369   0.54269355952
2.504   0.570529168369   0.542693566095
2.6   0.570529168369   0.54269356955
2.696   0.570529168369   0.542693571365
2.792   0.570529168369   0.542693572319
2.888   0.570529168369   0.54269357282
2.984   0.570529168369   0.542693573083
3.08   0.570529168369   0.542693573221
3.176   0.570529168369   0.542693573294
3.272   0.570529168369   0.542693573332
3.368   0.570529168369   0.542693573352
3.464   0.570529168369   0.542693573363
3.56   0.570529168369   0.542693573369
3.656   0.570529168369   0.542693573371
3.752   0.570529168369   0.542693573373
3.848   0.570529168369   0.542693573374
3.944   0.570529168369   0.542693573374
4.04   0.570529168369   0.542693573374
4.136   0.570529168369   0.542693573375
4.232   0.570529168369   0.542693573375
4.328   0.570529168369   0.542693573375
4.424   0.570529168369   0.542693573375
4.52   0.570529168369   0.542693573375
4.616   0.570529168369   0.542693573375
4.712   0.570529168369   0.542693573375
4.808   0.570529168369   0.542693573375
4.904   0.570529168369   0.542693573375
5.0   0.570529168369   0.542693573375
5.096   0.570529168369   0.542693573375
5.192   0.570529168369   0.542693573375
5.288   0.570529168369   0.542693573375
5.384   0.570529168369   0.542693573375
5.48   0.570529168369   0.542693573375
5.576   0.570529168369   0.542693573375
5.672   0.570529168369   0.542693573375
5.768   0.570529168369   0.542693573375
5.864   0.570529168369   0.542693573375
5.96   0.570529168369   0.542693573375
6.056   0.570529168369   0.542693573375
6.152   0.570529168369   0.542693573375
6.248   0.570529168369   0.542693573375
6.344   0.570529168369   0.542693573375
6.44   0.570529168369   0.542693573375
6.536   0.570529168369   0.542693573375
6.632   0.570529168369   0.542693573375
6.728   0.570529168369   0.542693573375
6.824   0.570529168369   0.542693573375
6.92   0.570529168369   0.542693573375
7.016   0.570529168369   0.542693573375
7.112   0.570529168369   0.542693573375
7.208   0.570529168369   0.542693573375
7.304   0.570529168369   0.542693573375
7.4   0.570529168369   0.542693573375
7.496   0.570529168369   0.542693573375
7.592   0.570529168369   0.542693573375
7.688   0.570529168369   0.542693573375
7.784   0.570529168369   0.542693573375
7.88   0.570529168369   0.542693573375
7.976   0.570529168369   0.542693573375
8.072   0.570529168369   0.542693573375
8.168   0.570529168369   0.542693573375
8.264   0.570529168369   0.542693573375
8.36   0.570529168369   0.542693573375
8.456   0.570529168369   0.542693573375
8.552   0.570529168369   0.542693573375
8.648   0.570529168369   0.542693573375
8.744   0.570529168369   0.542693573375
8.84   0.570529168369   0.542693573375
8.936   0.570529168369   0.542693573375
9.032   0.570529168369   0.542693573375
9.128   0.570529168369   0.542693573375
9.224   0.570529168369   0.542693573375
9.32   0.570529168369   0.542693573375
9.416   0.570529168369   0.542693573375
9.512   0.570529168369   0.542693573375
9.608   0.570529168369   0.542693573375
9.704   0.570529168369   0.542693573375
