0.2   0.5625782758   0.417121990865
0.296   0.558194326563   0.454188242291
0.392   0.554447484556   0.479765366566
0.488   0.551324581659   0.497522146443
0.584   0.54879825795   0.509631439543
0.68   0.546828979343   0.517657318687
0.776   0.54536403496   0.522826414074
0.872   0.544334933106   0.526070447723
0.968   0.543656874867   0.52805607386
1.064   0.54323782654   0.529242338927
1.16   0.542993072143   0.529936177348
1.256   0.542855043194   0.530335645459
1.352   0.542779672078   0.530563510169
1.448   0.542739186972   0.530692660726
1.544   0.542717649845   0.530765665464
1.64   0.542706255656   0.530806878782
1.736   0.542700246172   0.530830131392
1.832   0.542697082085   0.53084324762
1.928   0.542695417706   0.530850645712
2.024   0.542694542656   0.530854818557
2.12   0.542694082725   0.530857172281
2.216   0.54269384102   0.530858499951
2.312   0.542693714009   0.53085924887
2.408   0.542693647269   0.530859671331
2.504   0.542693612202   0.530859909641
2.6   0.542693593776   0.530860044073
2.696   0.542693584094   0.530860119908
2.792   0.542693579007   0.530860162687
2.888   0.542693576334   0.530860186819
2.984   0.54269357493   0.530860200432
3.08   0.542693574192   0.530860208111
3.176   0.542693573804   0.530860212443
3.272   0.5426935736   0.530860214887
3.368   0.542693573493   0.530860216266
3.464   0.542693573437   0.530860217043
3.56   0.542693573407   0.530860217482
3.656   0.542693573392   0.53086021773
3.752   0.542693573384   0.530860217869
3.848   0.542693573379   0.530860217948
3.944   0.542693573377   0.530860217992
4.04   0.542693573376   0.530860218017
4.136   0.542693573375   0.530860218032
4.232   0.542693573375   0.530860218039
4.328   0.542693573375   0.530860218044
4.424   0.542693573375   0.530860218047
4.52   0.542693573375   0.530860218048
4.616   0.542693573375   0.530860218049
4.712   0.542693573375   0.530860218049
4.808   0.542693573375   0.530860218049
4.904   0.542693573375   0.53086021805
5.0   0.542693573375   0.53086021805
5.096   0.542693573375   0.53086021805
5.192   0.542693573375   0.53086021805
5.288   0.542693573375   0.53086021805
5.384   0.542693573375   0.53086021805
5.48   0.542693573375   0.53086021805
5.576   0.542693573375   0.53086021805
5.672   0.542693573375   0.53086021805
5.768   0.542693573375   0.53086021805
5.864   0.542693573375   0.53086021805
5.96   0.542693573375   0.53086021805
6.056   0.542693573375   0.53086021805
6.152   0.542693573375   0.53086021805
6.248   0.542693573375   0.53086021805
6.344   0.542693573375   0.53086021805
6.44   0.542693573375   0.53086021805
6.536   0.542693573375   0.53086021805
6.632   0.542693573375   0.53086021805
6.728   0.542693573375   0.53086021805
6.824   0.542693573375   0.53086021805
6.92   0.542693573375   0.53086021805
7.016   0.542693573375   0.53086021805
7.112   0.542693573375   0.53086021805
7.208   0.542693573375   0.53086021805
7.304   0.542693573375   0.53086021805
7.4   0.542693573375   0.53086021805
7.496   0.542693573375   0.53086021805
7.592   0.542693573375   0.53086021805
7.688   0.542693573375   0.53086021805
7.784   0.542693573375   0.53086021805
7.88   0.542693573375   0.53086021805
7.976   0.542693573375   0.53086021805
8.072   0.542693573375   0.53086021805
8.168   0.542693573375   0.53086021805
8.264   0.542693573375   0.53086021805
8.36   0.542693573375   0.53086021805
8.456   0.542693573375   0.53086021805
8.552   0.542693573375   0.53086021805
8.648   0.542693573375   0.53086021805
8.744   0.542693573375   0.53086021805
8.84   0.542693573375   0.53086021805
8.936   0.542693573375   0.53086021805
9.032   0.542693573375   0.53086021805
9.128   0.542693573375   0.53086021805
9.224   0.542693573375   0.53086021805
9.32   0.542693573375   0.53086021805
9.416   0.542693573375   0.53086021805
9.512   0.542693573375   0.53086021805
9.608   0.542693573375   0.53086021805
9.704   0.542693573375   0.53086021805
