0.2   0.561959417611   0.39445278365
0.296   0.5573474629   0.436134670113
0.392   0.553449258449   0.464484500072
0.488   0.550268194169   0.484047219868
0.584   0.547783713918   0.497373710743
0.68   0.545945787587   0.50620262887
0.776   0.544669985461   0.511865460098
0.872   0.543842055042   0.515390123013
0.968   0.543337692256   0.517531374299
1.064   0.543046136214   0.518809985407
1.16   0.542883161637   0.5195653857
1.256   0.542794524649   0.520009125397
1.352   0.542747016907   0.520269182498
1.448   0.542721772453   0.520421431238
1.544   0.542708424554   0.520510568645
1.64   0.542701386652   0.520562769741
1.736   0.542697681601   0.520593350641
1.832   0.542695732795   0.520611271193
1.928   0.542694708239   0.520621775218
2.024   0.542694169735   0.520627933172
2.12   0.54269388674   0.520631543703
2.216   0.542693738032   0.520633660812
2.312   0.542693659892   0.520634902293
2.408   0.542693618834   0.520635630331
2.504   0.542693597261   0.520636057282
2.6   0.542693585925   0.520636307668
2.696   0.542693579969   0.520636454509
2.792   0.54269357684   0.520636540625
2.888   0.542693575195   0.520636591129
2.984   0.542693574331   0.520636620747
3.08   0.542693573877   0.520636638118
3.176   0.542693573639   0.520636648305
3.272   0.542693573513   0.520636654279
3.368   0.542693573448   0.520636657783
3.464   0.542693573413   0.520636659838
3.56   0.542693573395   0.520636661043
3.656   0.542693573385   0.52063666175
3.752   0.54269357338   0.520636662164
3.848   0.542693573378   0.520636662408
3.944   0.542693573376   0.52063666255
4.04   0.542693573375   0.520636662634
4.136   0.542693573375   0.520636662683
4.232   0.542693573375   0.520636662711
4.328   0.542693573375   0.520636662728
4.424   0.542693573375   0.520636662738
4.52   0.542693573375   0.520636662744
4.616   0.542693573375   0.520636662747
4.712   0.542693573375   0.520636662749
4.808   0.542693573375   0.520636662751
4.904   0.542693573375   0.520636662751
5.0   0.542693573375   0.520636662752
5.096   0.542693573375   0.520636662752
5.192   0.542693573375   0.520636662752
5.288   0.542693573375   0.520636662752
5.384   0.542693573375   0.520636662752
5.48   0.542693573375   0.520636662752
5.576   0.542693573375   0.520636662752
5.672   0.542693573375   0.520636662752
5.768   0.542693573375   0.520636662752
5.864   0.542693573375   0.520636662752
5.96   0.542693573375   0.520636662752
6.056   0.542693573375   0.520636662752
6.152   0.542693573375   0.520636662752
6.248   0.542693573375   0.520636662752
6.344   0.542693573375   0.520636662752
6.44   0.542693573375   0.520636662752
6.536   0.542693573375   0.520636662752
6.632   0.542693573375   0.520636662752
6.728   0.542693573375   0.520636662752
6.824   0.542693573375   0.520636662752
6.92   0.542693573375   0.520636662752
7.016   0.542693573375   0.520636662752
7.112   0.542693573375   0.520636662752
7.208   0.542693573375   0.520636662752
7.304   0.542693573375   0.520636662752
7.4   0.542693573375   0.520636662752
7.496   0.542693573375   0.520636662752
7.592   0.542693573375   0.520636662752
7.688   0.542693573375   0.520636662752
7.784   0.542693573375   0.520636662752
7.88   0.542693573375   0.520636662752
7.976   0.542693573375   0.520636662752
8.072   0.542693573375   0.520636662752
8.168   0.542693573375   0.520636662752
8.264   0.542693573375   0.520636662752
8.36   0.542693573375   0.520636662752
8.456   0.542693573375   0.520636662752
8.552   0.542693573375   0.520636662752
8.648   0.542693573375   0.520636662752
8.744   0.542693573375   0.520636662752
8.84   0.542693573375   0.520636662752
8.936   0.542693573375   0.520636662752
9.032   0.542693573375   0.520636662752
9.128   0.542693573375   0.520636662752
9.224   0.542693573375   0.520636662752
9.32   0.542693573375   0.520636662752
9.416   0.542693573375   0.520636662752
9.512   0.542693573375   0.520636662752
9.608   0.542693573375   0.520636662752
9.704   0.542693573375   0.520636662752
