0.2   0.562585033928   0.389967161709
0.296   0.558162131991   0.437223202253
0.392   0.554366724473   0.468406720875
0.488   0.551199283875   0.4894922689
0.584   0.548643976985   0.503631997526
0.68   0.546668225313   0.512886673016
0.776   0.54521925544   0.518778963123
0.872   0.544220993206   0.522435479827
0.968   0.543577452391   0.524652009767
1.064   0.543187643194   0.525968221091
1.16   0.542963384159   0.526737214492
1.256   0.542838415838   0.527181576167
1.352   0.542770613352   0.527436868656
1.448   0.542734330244   0.527583027914
1.544   0.542715069505   0.527666510519
1.64   0.542704891636   0.527714235269
1.736   0.542699527117   0.527741502323
1.832   0.542696703599   0.527757082232
1.928   0.542695218647   0.527765985308
2.024   0.54269443801   0.527771073467
2.12   0.542694027726   0.527773981623
2.216   0.542693812117   0.527775643892
2.312   0.542693698821   0.527776594067
2.408   0.542693639289   0.527777137215
2.504   0.542693608008   0.527777447701
2.6   0.542693591572   0.52777762519
2.696   0.542693582936   0.527777726652
2.792   0.542693578399   0.527777784653
2.888   0.542693576014   0.52777781781
2.984   0.542693574762   0.527777836765
3.08   0.542693574103   0.5277778476
3.176   0.542693573758   0.527777853794
3.272   0.542693573576   0.527777857335
3.368   0.54269357348   0.527777859359
3.464   0.54269357343   0.527777860517
3.56   0.542693573404   0.527777861178
3.656   0.54269357339   0.527777861556
3.752   0.542693573383   0.527777861772
3.848   0.542693573379   0.527777861896
3.944   0.542693573377   0.527777861967
4.04   0.542693573376   0.527777862007
4.136   0.542693573375   0.52777786203
4.232   0.542693573375   0.527777862043
4.328   0.542693573375   0.527777862051
4.424   0.542693573375   0.527777862055
4.52   0.542693573375   0.527777862058
4.616   0.542693573375   0.527777862059
4.712   0.542693573375   0.52777786206
4.808   0.542693573375   0.52777786206
4.904   0.542693573375   0.527777862061
5.0   0.542693573375   0.527777862061
5.096   0.542693573375   0.527777862061
5.192   0.542693573375   0.527777862061
5.288   0.542693573375   0.527777862061
5.384   0.542693573375   0.527777862061
5.48   0.542693573375   0.527777862061
5.576   0.542693573375   0.527777862061
5.672   0.542693573375   0.527777862061
5.768   0.542693573375   0.527777862061
5.864   0.542693573375   0.527777862061
5.96   0.542693573375   0.527777862061
6.056   0.542693573375   0.527777862061
6.152   0.542693573375   0.527777862061
6.248   0.542693573375   0.527777862061
6.344   0.542693573375   0.527777862061
6.44   0.542693573375   0.527777862061
6.536   0.542693573375   0.527777862061
6.632   0.542693573375   0.527777862061
6.728   0.542693573375   0.527777862061
6.824   0.542693573375   0.527777862061
6.92   0.542693573375   0.527777862061
7.016   0.542693573375   0.527777862061
7.112   0.542693573375   0.527777862061
7.208   0.542693573375   0.527777862061
7.304   0.542693573375   0.527777862061
7.4   0.542693573375   0.527777862061
7.496   0.542693573375   0.527777862061
7.592   0.542693573375   0.527777862061
7.688   0.542693573375   0.527777862061
7.784   0.542693573375   0.527777862061
7.88   0.542693573375   0.527777862061
7.976   0.542693573375   0.527777862061
8.072   0.542693573375   0.527777862061
8.168   0.542693573375   0.527777862061
8.264   0.542693573375   0.527777862061
8.36   0.542693573375   0.527777862061
8.456   0.542693573375   0.527777862061
8.552   0.542693573375   0.527777862061
8.648   0.542693573375   0.527777862061
8.744   0.542693573375   0.527777862061
8.84   0.542693573375   0.527777862061
8.936   0.542693573375   0.527777862061
9.032   0.542693573375   0.527777862061
9.128   0.542693573375   0.527777862061
9.224   0.542693573375   0.527777862061
9.32   0.542693573375   0.527777862061
9.416   0.542693573375   0.527777862061
9.512   0.542693573375   0.527777862061
9.608   0.542693573375   0.527777862061
9.704   0.542693573375   0.527777862061
