0.2   0.56502728614   0.435830643286
0.296   0.561719634758   0.475779612897
0.392   0.558959600623   0.501772702923
0.488   0.55673210876   0.518550295893
0.584   0.555010262958   0.52891359565
0.68   0.553752627849   0.535016399021
0.776   0.552898581648   0.538494714037
0.872   0.552365780177   0.540432814248
0.968   0.552060180679   0.541490941574
1.064   0.551897066266   0.542058651598
1.16   0.551813488891   0.542359605699
1.256   0.551772181004   0.542518148777
1.352   0.551752086512   0.542601501533
1.448   0.55174239369   0.542645231525
1.544   0.551737738691   0.542668187175
1.64   0.551735508104   0.542680239801
1.736   0.551734440453   0.542686569263
1.832   0.551733929719   0.542689893782
1.928   0.551733685468   0.542691640192
2.024   0.551733568674   0.542692557681
2.12   0.551733512831   0.542693039717
2.216   0.551733486131   0.54269329298
2.312   0.551733473366   0.542693426049
2.408   0.551733467262   0.542693495966
2.504   0.551733464344   0.542693532702
2.6   0.551733462949   0.542693552004
2.696   0.551733462282   0.542693562146
2.792   0.551733461963   0.542693567475
2.888   0.551733461811   0.542693570275
2.984   0.551733461738   0.542693571746
3.08   0.551733461703   0.542693572519
3.176   0.551733461687   0.542693572925
3.272   0.551733461679   0.542693573138
3.368   0.551733461675   0.542693573251
3.464   0.551733461673   0.542693573309
3.56   0.551733461672   0.54269357334
3.656   0.551733461672   0.542693573357
3.752   0.551733461672   0.542693573365
3.848   0.551733461671   0.54269357337
3.944   0.551733461671   0.542693573372
4.04   0.551733461671   0.542693573373
4.136   0.551733461671   0.542693573374
4.232   0.551733461671   0.542693573374
4.328   0.551733461671   0.542693573374
4.424   0.551733461671   0.542693573375
4.52   0.551733461671   0.542693573375
4.616   0.551733461671   0.542693573375
4.712   0.551733461671   0.542693573375
4.808   0.551733461671   0.542693573375
4.904   0.551733461671   0.542693573375
5.0   0.551733461671   0.542693573375
5.096   0.551733461671   0.542693573375
5.192   0.551733461671   0.542693573375
5.288   0.551733461671   0.542693573375
5.384   0.551733461671   0.542693573375
5.48   0.551733461671   0.542693573375
5.576   0.551733461671   0.542693573375
5.672   0.551733461671   0.542693573375
5.768   0.551733461671   0.542693573375
5.864   0.551733461671   0.542693573375
5.96   0.551733461671   0.542693573375
6.056   0.551733461671   0.542693573375
6.152   0.551733461671   0.542693573375
6.248   0.551733461671   0.542693573375
6.344   0.551733461671   0.542693573375
6.44   0.551733461671   0.542693573375
6.536   0.551733461671   0.542693573375
6.632   0.551733461671   0.542693573375
6.728   0.551733461671   0.542693573375
6.824   0.551733461671   0.542693573375
6.92   0.551733461671   0.542693573375
7.016   0.551733461671   0.542693573375
7.112   0.551733461671   0.542693573375
7.208   0.551733461671   0.542693573375
7.304   0.551733461671   0.542693573375
7.4   0.551733461671   0.542693573375
7.496   0.551733461671   0.542693573375
7.592   0.551733461671   0.542693573375
7.688   0.551733461671   0.542693573375
7.784   0.551733461671   0.542693573375
7.88   0.551733461671   0.542693573375
7.976   0.551733461671   0.542693573375
8.072   0.551733461671   0.542693573375
8.168   0.551733461671   0.542693573375
8.264   0.551733461671   0.542693573375
8.36   0.551733461671   0.542693573375
8.456   0.551733461671   0.542693573375
8.552   0.551733461671   0.542693573375
8.648   0.551733461671   0.542693573375
8.744   0.551733461671   0.542693573375
8.84   0.551733461671   0.542693573375
8.936   0.551733461671   0.542693573375
9.032   0.551733461671   0.542693573375
9.128   0.551733461671   0.542693573375
9.224   0.551733461671   0.542693573375
9.32   0.551733461671   0.542693573375
9.416   0.551733461671   0.542693573375
9.512   0.551733461671   0.542693573375
9.608   0.551733461671   0.542693573375
9.704   0.551733461671   0.542693573375
