0.2   0.563322545087   0.700000000161
0.296   0.559190044213   0.7
0.392   0.555616982696   0.477954878047
0.488   0.552587919507   0.500905634206
0.584   0.550073249881   0.514129307391
0.68   0.54803361262   0.522698671567
0.776   0.546423577954   0.528158502356
0.872   0.545194565636   0.531611816128
0.968   0.544295572883   0.53378450937
1.064   0.543672059132   0.53513530075
1.16   0.54326504241   0.535957116747
1.256   0.543015236522   0.536443480535
1.352   0.542870280681   0.536723578235
1.448   0.542788641475   0.536881588425
1.544   0.542744193133   0.5369695685
1.64   0.542720366514   0.537018036152
1.736   0.542707707874   0.537044644039
1.832   0.542701016245   0.537059214327
1.928   0.542697488685   0.537067182104
2.024   0.542695631901   0.537071536217
2.12   0.542694655356   0.537073914731
2.216   0.542694141984   0.537075213803
2.312   0.542693872169   0.537075923253
2.408   0.542693730378   0.537076310681
2.504   0.542693655872   0.53707652225
2.6   0.542693616722   0.537076637784
2.696   0.542693596151   0.537076700874
2.792   0.542693585342   0.537076735326
2.888   0.542693579663   0.53707675414
2.984   0.542693576679   0.537076764413
3.08   0.542693575111   0.537076770024
3.176   0.542693574287   0.537076773087
3.272   0.542693573854   0.53707677476
3.368   0.542693573626   0.537076775674
3.464   0.542693573507   0.537076776172
3.56   0.542693573444   0.537076776445
3.656   0.542693573411   0.537076776594
3.752   0.542693573394   0.537076776675
3.848   0.542693573385   0.537076776719
3.944   0.54269357338   0.537076776743
4.04   0.542693573377   0.537076776757
4.136   0.542693573376   0.537076776764
4.232   0.542693573375   0.537076776768
4.328   0.542693573375   0.53707677677
4.424   0.542693573375   0.537076776771
4.52   0.542693573375   0.537076776772
4.616   0.542693573375   0.537076776772
4.712   0.542693573375   0.537076776772
4.808   0.542693573375   0.537076776772
4.904   0.542693573375   0.537076776773
5.0   0.542693573375   0.537076776773
5.096   0.542693573375   0.537076776773
5.192   0.542693573375   0.537076776773
5.288   0.542693573375   0.537076776773
5.384   0.542693573375   0.537076776773
5.48   0.542693573375   0.537076776773
5.576   0.542693573375   0.537076776773
5.672   0.542693573375   0.537076776773
5.768   0.542693573375   0.537076776773
5.864   0.542693573375   0.537076776773
5.96   0.542693573375   0.537076776773
6.056   0.542693573375   0.537076776773
6.152   0.542693573375   0.537076776773
6.248   0.542693573375   0.537076776773
6.344   0.542693573375   0.537076776773
6.44   0.542693573375   0.537076776773
6.536   0.542693573375   0.537076776773
6.632   0.542693573375   0.537076776773
6.728   0.542693573375   0.537076776773
6.824   0.542693573375   0.537076776773
6.92   0.542693573375   0.537076776773
7.016   0.542693573375   0.537076776773
7.112   0.542693573375   0.537076776773
7.208   0.542693573375   0.537076776773
7.304   0.542693573375   0.537076776773
7.4   0.542693573375   0.537076776773
7.496   0.542693573375   0.537076776773
7.592   0.542693573375   0.537076776773
7.688   0.542693573375   0.537076776773
7.784   0.542693573375   0.537076776773
7.88   0.542693573375   0.537076776773
7.976   0.542693573375   0.537076776773
8.072   0.542693573375   0.537076776773
8.168   0.542693573375   0.537076776773
8.264   0.542693573375   0.537076776773
8.36   0.542693573375   0.537076776773
8.456   0.542693573375   0.537076776773
8.552   0.542693573375   0.537076776773
8.648   0.542693573375   0.537076776773
8.744   0.542693573375   0.537076776773
8.84   0.542693573375   0.537076776773
8.936   0.542693573375   0.537076776773
9.032   0.542693573375   0.537076776773
9.128   0.542693573375   0.537076776773
9.224   0.542693573375   0.537076776773
9.32   0.542693573375   0.537076776773
9.416   0.542693573375   0.537076776773
9.512   0.542693573375   0.537076776773
9.608   0.542693573375   0.537076776773
9.704   0.542693573375   0.537076776773
