0.2   0.561765997859   0.376851735247
0.296   0.557080584568   0.423535753823
0.392   0.55313766495   0.454670900373
0.488   0.549947498014   0.475923547475
0.584   0.547490155882   0.490317097232
0.68   0.545706427488   0.499825893192
0.776   0.544495516215   0.50591889052
0.872   0.543727049968   0.509715071589
0.968   0.543267707097   0.512029985842
1.064   0.543005795943   0.513421845898
1.16   0.542860847984   0.514252158783
1.256   0.542782450381   0.514745662475
1.352   0.542740566927   0.515038672623
1.448   0.542718352167   0.51521260945
1.544   0.542706618313   0.515315911416
1.64   0.542700434961   0.51537729721
1.736   0.542697180795   0.515413793141
1.832   0.542695469438   0.515435499888
1.928   0.542694569801   0.515448414319
2.024   0.542694096978   0.515456099415
2.12   0.542693848506   0.515460673337
2.216   0.542693717941   0.515463395867
2.312   0.542693649336   0.515465016508
2.408   0.542693613287   0.51546598127
2.504   0.542693594346   0.515466555608
2.6   0.542693584394   0.515466897527
2.696   0.542693579164   0.515467101083
2.792   0.542693576417   0.515467222267
2.888   0.542693574973   0.515467294414
2.984   0.542693574215   0.515467337366
3.08   0.542693573816   0.515467362937
3.176   0.542693573607   0.515467378161
3.272   0.542693573496   0.515467387224
3.368   0.542693573439   0.51546739262
3.464   0.542693573408   0.515467395832
3.56   0.542693573392   0.515467397745
3.656   0.542693573384   0.515467398884
3.752   0.54269357338   0.515467399561
3.848   0.542693573377   0.515467399965
3.944   0.542693573376   0.515467400205
4.04   0.542693573375   0.515467400348
4.136   0.542693573375   0.515467400433
4.232   0.542693573375   0.515467400484
4.328   0.542693573375   0.515467400514
4.424   0.542693573375   0.515467400532
4.52   0.542693573375   0.515467400543
4.616   0.542693573375   0.515467400549
4.712   0.542693573375   0.515467400553
4.808   0.542693573375   0.515467400555
4.904   0.542693573375   0.515467400557
5.0   0.542693573375   0.515467400558
5.096   0.542693573375   0.515467400558
5.192   0.542693573375   0.515467400558
5.288   0.542693573375   0.515467400558
5.384   0.542693573375   0.515467400559
5.48   0.542693573375   0.515467400559
5.576   0.542693573375   0.515467400559
5.672   0.542693573375   0.515467400559
5.768   0.542693573375   0.515467400559
5.864   0.542693573375   0.515467400559
5.96   0.542693573375   0.515467400559
6.056   0.542693573375   0.515467400559
6.152   0.542693573375   0.515467400559
6.248   0.542693573375   0.515467400559
6.344   0.542693573375   0.515467400559
6.44   0.542693573375   0.515467400559
6.536   0.542693573375   0.515467400559
6.632   0.542693573375   0.515467400559
6.728   0.542693573375   0.515467400559
6.824   0.542693573375   0.515467400559
6.92   0.542693573375   0.515467400559
7.016   0.542693573375   0.515467400559
7.112   0.542693573375   0.515467400559
7.208   0.542693573375   0.515467400559
7.304   0.542693573375   0.515467400559
7.4   0.542693573375   0.515467400559
7.496   0.542693573375   0.515467400559
7.592   0.542693573375   0.515467400559
7.688   0.542693573375   0.515467400559
7.784   0.542693573375   0.515467400559
7.88   0.542693573375   0.515467400559
7.976   0.542693573375   0.515467400559
8.072   0.542693573375   0.515467400559
8.168   0.542693573375   0.515467400559
8.264   0.542693573375   0.515467400559
8.36   0.542693573375   0.515467400559
8.456   0.542693573375   0.515467400559
8.552   0.542693573375   0.515467400559
8.648   0.542693573375   0.515467400559
8.744   0.542693573375   0.515467400559
8.84   0.542693573375   0.515467400559
8.936   0.542693573375   0.515467400559
9.032   0.542693573375   0.515467400559
9.128   0.542693573375   0.515467400559
9.224   0.542693573375   0.515467400559
9.32   0.542693573375   0.515467400559
9.416   0.542693573375   0.515467400559
9.512   0.542693573375   0.515467400559
9.608   0.542693573375   0.515467400559
9.704   0.542693573375   0.515467400559
