0.2   0.562221626746   0.406015198436
0.296   0.557703936396   0.445159137126
0.392   0.553864511192   0.472017480344
0.488   0.550699718738   0.490631676419
0.584   0.548187609628   0.503333517262
0.68   0.546285828866   0.511754593406
0.776   0.544926950059   0.517161499125
0.872   0.544017471128   0.520530536619
0.968   0.543447425131   0.522575796954
1.064   0.543110126333   0.523791981552
1.16   0.542919290387   0.524504716324
1.256   0.542814212183   0.524918693422
1.352   0.542757576051   0.525158087109
1.448   0.542727384297   0.525296176139
1.544   0.542711391805   0.525375772373
1.64   0.542702951121   0.525421645747
1.736   0.542698505168   0.525448085988
1.832   0.542696165965   0.525463327806
1.928   0.542694935966   0.525472115477
2.024   0.542694289426   0.525477182637
2.12   0.54269394964   0.525480104744
2.216   0.542693771084   0.525481789962
2.312   0.54269367726   0.525482761894
2.408   0.54269362796   0.525483322462
2.504   0.542693602055   0.525483645781
2.6   0.542693588444   0.525483832263
2.696   0.542693581293   0.525483939822
2.792   0.542693577535   0.525484001861
2.888   0.542693575561   0.525484037644
2.984   0.542693574523   0.525484058283
3.08   0.542693573978   0.525484070188
3.176   0.542693573692   0.525484077054
3.272   0.542693573541   0.525484081014
3.368   0.542693573462   0.525484083299
3.464   0.542693573421   0.525484084616
3.56   0.542693573399   0.525484085376
3.656   0.542693573387   0.525484085814
3.752   0.542693573381   0.525484086067
3.848   0.542693573378   0.525484086213
3.944   0.542693573376   0.525484086297
4.04   0.542693573376   0.525484086346
4.136   0.542693573375   0.525484086374
4.232   0.542693573375   0.52548408639
4.328   0.542693573375   0.525484086399
4.424   0.542693573375   0.525484086405
4.52   0.542693573375   0.525484086408
4.616   0.542693573375   0.525484086409
4.712   0.542693573375   0.52548408641
4.808   0.542693573375   0.525484086411
4.904   0.542693573375   0.525484086411
5.0   0.542693573375   0.525484086412
5.096   0.542693573375   0.525484086412
5.192   0.542693573375   0.525484086412
5.288   0.542693573375   0.525484086412
5.384   0.542693573375   0.525484086412
5.48   0.542693573375   0.525484086412
5.576   0.542693573375   0.525484086412
5.672   0.542693573375   0.525484086412
5.768   0.542693573375   0.525484086412
5.864   0.542693573375   0.525484086412
5.96   0.542693573375   0.525484086412
6.056   0.542693573375   0.525484086412
6.152   0.542693573375   0.525484086412
6.248   0.542693573375   0.525484086412
6.344   0.542693573375   0.525484086412
6.44   0.542693573375   0.525484086412
6.536   0.542693573375   0.525484086412
6.632   0.542693573375   0.525484086412
6.728   0.542693573375   0.525484086412
6.824   0.542693573375   0.525484086412
6.92   0.542693573375   0.525484086412
7.016   0.542693573375   0.525484086412
7.112   0.542693573375   0.525484086412
7.208   0.542693573375   0.525484086412
7.304   0.542693573375   0.525484086412
7.4   0.542693573375   0.525484086412
7.496   0.542693573375   0.525484086412
7.592   0.542693573375   0.525484086412
7.688   0.542693573375   0.525484086412
7.784   0.542693573375   0.525484086412
7.88   0.542693573375   0.525484086412
7.976   0.542693573375   0.525484086412
8.072   0.542693573375   0.525484086412
8.168   0.542693573375   0.525484086412
8.264   0.542693573375   0.525484086412
8.36   0.542693573375   0.525484086412
8.456   0.542693573375   0.525484086412
8.552   0.542693573375   0.525484086412
8.648   0.542693573375   0.525484086412
8.744   0.542693573375   0.525484086412
8.84   0.542693573375   0.525484086412
8.936   0.542693573375   0.525484086412
9.032   0.542693573375   0.525484086412
9.128   0.542693573375   0.525484086412
9.224   0.542693573375   0.525484086412
9.32   0.542693573375   0.525484086412
9.416   0.542693573375   0.525484086412
9.512   0.542693573375   0.525484086412
9.608   0.542693573375   0.525484086412
9.704   0.542693573375   0.525484086412
