0.2   0.564690537231   0.424097292488
0.296   0.561188880666   0.46793668898
0.392   0.558214129535   0.496219068761
0.488   0.555748994625   0.514555854914
0.584   0.553764288864   0.526070205593
0.68   0.552222381895   0.533036529939
0.776   0.551078337379   0.537161066412
0.872   0.550278525811   0.539576634553
0.968   0.549758312263   0.540971528069
1.064   0.549444844768   0.541759683502
1.16   0.549269150205   0.542194114591
1.256   0.549174594739   0.542428762814
1.352   0.549125853685   0.54255386068
1.448   0.549101208204   0.542620025606
1.544   0.549088877827   0.542654898517
1.64   0.549082743729   0.542673246454
1.736   0.549079701216   0.54268289209
1.832   0.549078194454   0.542687961069
1.928   0.549077448843   0.542690624551
2.024   0.549077080033   0.542692024004
2.12   0.549076897642   0.542692759302
2.216   0.549076807452   0.542693145641
2.312   0.549076762857   0.542693348632
2.408   0.549076740807   0.542693455289
2.504   0.549076729905   0.542693511329
2.6   0.549076724514   0.542693540774
2.696   0.549076721849   0.542693556245
2.792   0.549076720531   0.542693564374
2.888   0.54907671988   0.542693568646
2.984   0.549076719558   0.54269357089
3.08   0.549076719398   0.542693572069
3.176   0.54907671932   0.542693572689
3.272   0.549076719281   0.542693573014
3.368   0.549076719261   0.542693573185
3.464   0.549076719252   0.542693573275
3.56   0.549076719247   0.542693573322
3.656   0.549076719245   0.542693573347
3.752   0.549076719244   0.54269357336
3.848   0.549076719243   0.542693573367
3.944   0.549076719243   0.542693573371
4.04   0.549076719243   0.542693573373
4.136   0.549076719243   0.542693573374
4.232   0.549076719243   0.542693573374
4.328   0.549076719243   0.542693573374
4.424   0.549076719243   0.542693573374
4.52   0.549076719243   0.542693573375
4.616   0.549076719243   0.542693573375
4.712   0.549076719243   0.542693573375
4.808   0.549076719243   0.542693573375
4.904   0.549076719243   0.542693573375
5.0   0.549076719243   0.542693573375
5.096   0.549076719243   0.542693573375
5.192   0.549076719243   0.542693573375
5.288   0.549076719243   0.542693573375
5.384   0.549076719243   0.542693573375
5.48   0.549076719243   0.542693573375
5.576   0.549076719243   0.542693573375
5.672   0.549076719243   0.542693573375
5.768   0.549076719243   0.542693573375
5.864   0.549076719243   0.542693573375
5.96   0.549076719243   0.542693573375
6.056   0.549076719243   0.542693573375
6.152   0.549076719243   0.542693573375
6.248   0.549076719243   0.542693573375
6.344   0.549076719243   0.542693573375
6.44   0.549076719243   0.542693573375
6.536   0.549076719243   0.542693573375
6.632   0.549076719243   0.542693573375
6.728   0.549076719243   0.542693573375
6.824   0.549076719243   0.542693573375
6.92   0.549076719243   0.542693573375
7.016   0.549076719243   0.542693573375
7.112   0.549076719243   0.542693573375
7.208   0.549076719243   0.542693573375
7.304   0.549076719243   0.542693573375
7.4   0.549076719243   0.542693573375
7.496   0.549076719243   0.542693573375
7.592   0.549076719243   0.542693573375
7.688   0.549076719243   0.542693573375
7.784   0.549076719243   0.542693573375
7.88   0.549076719243   0.542693573375
7.976   0.549076719243   0.542693573375
8.072   0.549076719243   0.542693573375
8.168   0.549076719243   0.542693573375
8.264   0.549076719243   0.542693573375
8.36   0.549076719243   0.542693573375
8.456   0.549076719243   0.542693573375
8.552   0.549076719243   0.542693573375
8.648   0.549076719243   0.542693573375
8.744   0.549076719243   0.542693573375
8.84   0.549076719243   0.542693573375
8.936   0.549076719243   0.542693573375
9.032   0.549076719243   0.542693573375
9.128   0.549076719243   0.542693573375
9.224   0.549076719243   0.542693573375
9.32   0.549076719243   0.542693573375
9.416   0.549076719243   0.542693573375
9.512   0.549076719243   0.542693573375
9.608   0.549076719243   0.542693573375
9.704   0.549076719243   0.542693573375
