0.2   0.567975320932   0.463238353025
0.296   0.566369093361   0.498427724983
0.392   0.56542248854   0.519505048519
0.488   0.564960510632   0.531167382975
0.584   0.564769921994   0.537046039656
0.68   0.564699741739   0.539893085741
0.776   0.564675160288   0.541280335651
0.872   0.564666820299   0.541970097164
0.968   0.564664016307   0.542319530695
1.064   0.564663076903   0.542498952063
1.16   0.564662762601   0.542591906817
1.256   0.564662657496   0.542640337119
1.352   0.564662622354   0.542665657058
1.448   0.564662610606   0.542678922129
1.544   0.564662606678   0.542685880226
1.64   0.564662605365   0.542689532674
1.736   0.564662604926   0.542691450717
1.832   0.564662604779   0.542692458199
1.928   0.56466260473   0.542692987467
2.024   0.564662604713   0.542693265533
2.12   0.564662604708   0.542693411628
2.216   0.564662604706   0.542693488389
2.312   0.564662604705   0.542693528721
2.408   0.564662604705   0.542693549912
2.504   0.564662604705   0.542693561047
2.6   0.564662604705   0.542693566897
2.696   0.564662604705   0.542693569971
2.792   0.564662604705   0.542693571586
2.888   0.564662604705   0.542693572435
2.984   0.564662604705   0.542693572881
3.08   0.564662604705   0.542693573115
3.176   0.564662604705   0.542693573238
3.272   0.564662604705   0.542693573303
3.368   0.564662604705   0.542693573337
3.464   0.564662604705   0.542693573355
3.56   0.564662604705   0.542693573364
3.656   0.564662604705   0.542693573369
3.752   0.564662604705   0.542693573372
3.848   0.564662604705   0.542693573373
3.944   0.564662604705   0.542693573374
4.04   0.564662604705   0.542693573374
4.136   0.564662604705   0.542693573374
4.232   0.564662604705   0.542693573375
4.328   0.564662604705   0.542693573375
4.424   0.564662604705   0.542693573375
4.52   0.564662604705   0.542693573375
4.616   0.564662604705   0.542693573375
4.712   0.564662604705   0.542693573375
4.808   0.564662604705   0.542693573375
4.904   0.564662604705   0.542693573375
5.0   0.564662604705   0.542693573375
5.096   0.564662604705   0.542693573375
5.192   0.564662604705   0.542693573375
5.288   0.564662604705   0.542693573375
5.384   0.564662604705   0.542693573375
5.48   0.564662604705   0.542693573375
5.576   0.564662604705   0.542693573375
5.672   0.564662604705   0.542693573375
5.768   0.564662604705   0.542693573375
5.864   0.564662604705   0.542693573375
5.96   0.564662604705   0.542693573375
6.056   0.564662604705   0.542693573375
6.152   0.564662604705   0.542693573375
6.248   0.564662604705   0.542693573375
6.344   0.564662604705   0.542693573375
6.44   0.564662604705   0.542693573375
6.536   0.564662604705   0.542693573375
6.632   0.564662604705   0.542693573375
6.728   0.564662604705   0.542693573375
6.824   0.564662604705   0.542693573375
6.92   0.564662604705   0.542693573375
7.016   0.564662604705   0.542693573375
7.112   0.564662604705   0.542693573375
7.208   0.564662604705   0.542693573375
7.304   0.564662604705   0.542693573375
7.4   0.564662604705   0.542693573375
7.496   0.564662604705   0.542693573375
7.592   0.564662604705   0.542693573375
7.688   0.564662604705   0.542693573375
7.784   0.564662604705   0.542693573375
7.88   0.564662604705   0.542693573375
7.976   0.564662604705   0.542693573375
8.072   0.564662604705   0.542693573375
8.168   0.564662604705   0.542693573375
8.264   0.564662604705   0.542693573375
8.36   0.564662604705   0.542693573375
8.456   0.564662604705   0.542693573375
8.552   0.564662604705   0.542693573375
8.648   0.564662604705   0.542693573375
8.744   0.564662604705   0.542693573375
8.84   0.564662604705   0.542693573375
8.936   0.564662604705   0.542693573375
9.032   0.564662604705   0.542693573375
9.128   0.564662604705   0.542693573375
9.224   0.564662604705   0.542693573375
9.32   0.564662604705   0.542693573375
9.416   0.564662604705   0.542693573375
9.512   0.564662604705   0.542693573375
9.608   0.564662604705   0.542693573375
9.704   0.564662604705   0.542693573375
