0.2   0.562449918011   0.413321746351
0.296   0.558016715802   0.451097592409
0.392   0.554234322897   0.477116822378
0.488   0.551093150688   0.495172986338
0.584   0.548568245034   0.507491551755
0.68   0.54662004502   0.515657596695
0.776   0.545191813616   0.520909699256
0.872   0.544206764547   0.524194503968
0.968   0.543570497255   0.526196187829
1.064   0.543184306224   0.52738790849
1.16   0.542961789263   0.528084311488
1.256   0.542837619739   0.52848606514
1.352   0.542770208059   0.52871619106
1.448   0.5427341211   0.528847403732
1.544   0.542714960689   0.52892208562
1.64   0.542704834757   0.52896455938
1.736   0.542699497311   0.528988708895
1.832   0.54269668796   0.529002439044
1.928   0.542695210436   0.529010245574
2.024   0.542694433697   0.529014684382
2.12   0.54269402546   0.529017208436
2.216   0.542693810927   0.52901864376
2.312   0.542693698196   0.529019459996
2.408   0.54269363896   0.529019924181
2.504   0.542693607836   0.529020188162
2.6   0.542693591482   0.529020338289
2.696   0.542693582889   0.529020423668
2.792   0.542693578374   0.529020472223
2.888   0.542693576001   0.529020499837
2.984   0.542693574755   0.529020515542
3.08   0.5426935741   0.529020524473
3.176   0.542693573756   0.529020529552
3.272   0.542693573575   0.529020532441
3.368   0.54269357348   0.529020534084
3.464   0.54269357343   0.529020535018
3.56   0.542693573404   0.529020535549
3.656   0.54269357339   0.529020535852
3.752   0.542693573383   0.529020536023
3.848   0.542693573379   0.529020536121
3.944   0.542693573377   0.529020536177
4.04   0.542693573376   0.529020536208
4.136   0.542693573375   0.529020536226
4.232   0.542693573375   0.529020536237
4.328   0.542693573375   0.529020536242
4.424   0.542693573375   0.529020536246
4.52   0.542693573375   0.529020536248
4.616   0.542693573375   0.529020536249
4.712   0.542693573375   0.529020536249
4.808   0.542693573375   0.52902053625
4.904   0.542693573375   0.52902053625
5.0   0.542693573375   0.52902053625
5.096   0.542693573375   0.52902053625
5.192   0.542693573375   0.52902053625
5.288   0.542693573375   0.52902053625
5.384   0.542693573375   0.52902053625
5.48   0.542693573375   0.52902053625
5.576   0.542693573375   0.52902053625
5.672   0.542693573375   0.52902053625
5.768   0.542693573375   0.52902053625
5.864   0.542693573375   0.52902053625
5.96   0.542693573375   0.52902053625
6.056   0.542693573375   0.52902053625
6.152   0.542693573375   0.52902053625
6.248   0.542693573375   0.52902053625
6.344   0.542693573375   0.52902053625
6.44   0.542693573375   0.52902053625
6.536   0.542693573375   0.52902053625
6.632   0.542693573375   0.52902053625
6.728   0.542693573375   0.52902053625
6.824   0.542693573375   0.52902053625
6.92   0.542693573375   0.52902053625
7.016   0.542693573375   0.52902053625
7.112   0.542693573375   0.52902053625
7.208   0.542693573375   0.52902053625
7.304   0.542693573375   0.52902053625
7.4   0.542693573375   0.52902053625
7.496   0.542693573375   0.52902053625
7.592   0.542693573375   0.52902053625
7.688   0.542693573375   0.52902053625
7.784   0.542693573375   0.52902053625
7.88   0.542693573375   0.52902053625
7.976   0.542693573375   0.52902053625
8.072   0.542693573375   0.52902053625
8.168   0.542693573375   0.52902053625
8.264   0.542693573375   0.52902053625
8.36   0.542693573375   0.52902053625
8.456   0.542693573375   0.52902053625
8.552   0.542693573375   0.52902053625
8.648   0.542693573375   0.52902053625
8.744   0.542693573375   0.52902053625
8.84   0.542693573375   0.52902053625
8.936   0.542693573375   0.52902053625
9.032   0.542693573375   0.52902053625
9.128   0.542693573375   0.52902053625
9.224   0.542693573375   0.52902053625
9.32   0.542693573375   0.52902053625
9.416   0.542693573375   0.52902053625
9.512   0.542693573375   0.52902053625
9.608   0.542693573375   0.52902053625
9.704   0.542693573375   0.52902053625
