0.2   0.561617233245   0.37754619197
0.296   0.556892799742   0.422906500232
0.392   0.552935142598   0.453361468973
0.488   0.549753519802   0.474236987434
0.584   0.547323559659   0.488418393212
0.68   0.545577913861   0.497811112721
0.776   0.544406024479   0.503844286341
0.872   0.543670060441   0.507613061009
0.968   0.543233843706   0.509918585693
1.064   0.542986588095   0.511310220866
1.16   0.542850314869   0.512144045812
1.256   0.542776778998   0.512642278048
1.352   0.542737545748   0.512939558864
1.448   0.542716752557   0.513116971156
1.544   0.542705774271   0.513222904164
1.64   0.542699990445   0.513286193638
1.736   0.542696946935   0.513324025125
1.832   0.542695346476   0.513346648169
1.928   0.542694505168   0.513360180724
2.024   0.542694063011   0.513368277325
2.12   0.542693830657   0.513373122298
2.216   0.542693708562   0.51337602181
2.312   0.542693644407   0.513377757168
2.408   0.542693610698   0.513378795827
2.504   0.542693592985   0.513379417512
2.6   0.542693583679   0.513379789627
2.696   0.542693578789   0.513380012361
2.792   0.542693576219   0.513380145684
2.888   0.542693574869   0.513380225487
2.984   0.54269357416   0.513380273256
3.08   0.542693573787   0.513380301849
3.176   0.542693573591   0.513380318964
3.272   0.542693573489   0.513380329209
3.368   0.542693573435   0.513380335341
3.464   0.542693573406   0.513380339012
3.56   0.542693573391   0.513380341209
3.656   0.542693573383   0.513380342524
3.752   0.542693573379   0.513380343311
3.848   0.542693573377   0.513380343783
3.944   0.542693573376   0.513380344065
4.04   0.542693573375   0.513380344234
4.136   0.542693573375   0.513380344335
4.232   0.542693573375   0.513380344395
4.328   0.542693573375   0.513380344431
4.424   0.542693573375   0.513380344453
4.52   0.542693573375   0.513380344466
4.616   0.542693573375   0.513380344474
4.712   0.542693573375   0.513380344478
4.808   0.542693573375   0.513380344481
4.904   0.542693573375   0.513380344483
5.0   0.542693573375   0.513380344484
5.096   0.542693573375   0.513380344484
5.192   0.542693573375   0.513380344485
5.288   0.542693573375   0.513380344485
5.384   0.542693573375   0.513380344485
5.48   0.542693573375   0.513380344485
5.576   0.542693573375   0.513380344485
5.672   0.542693573375   0.513380344485
5.768   0.542693573375   0.513380344485
5.864   0.542693573375   0.513380344485
5.96   0.542693573375   0.513380344485
6.056   0.542693573375   0.513380344485
6.152   0.542693573375   0.513380344485
6.248   0.542693573375   0.513380344485
6.344   0.542693573375   0.513380344485
6.44   0.542693573375   0.513380344485
6.536   0.542693573375   0.513380344485
6.632   0.542693573375   0.513380344485
6.728   0.542693573375   0.513380344485
6.824   0.542693573375   0.513380344485
6.92   0.542693573375   0.513380344485
7.016   0.542693573375   0.513380344485
7.112   0.542693573375   0.513380344485
7.208   0.542693573375   0.513380344485
7.304   0.542693573375   0.513380344485
7.4   0.542693573375   0.513380344485
7.496   0.542693573375   0.513380344485
7.592   0.542693573375   0.513380344485
7.688   0.542693573375   0.513380344485
7.784   0.542693573375   0.513380344485
7.88   0.542693573375   0.513380344485
7.976   0.542693573375   0.513380344485
8.072   0.542693573375   0.513380344485
8.168   0.542693573375   0.513380344485
8.264   0.542693573375   0.513380344485
8.36   0.542693573375   0.513380344485
8.456   0.542693573375   0.513380344485
8.552   0.542693573375   0.513380344485
8.648   0.542693573375   0.513380344485
8.744   0.542693573375   0.513380344485
8.84   0.542693573375   0.513380344485
8.936   0.542693573375   0.513380344485
9.032   0.542693573375   0.513380344485
9.128   0.542693573375   0.513380344485
9.224   0.542693573375   0.513380344485
9.32   0.542693573375   0.513380344485
9.416   0.542693573375   0.513380344485
9.512   0.542693573375   0.513380344485
9.608   0.542693573375   0.513380344485
9.704   0.542693573375   0.513380344485
