0.2   0.562466706036   0.407988811564
0.296   0.55803025235   0.447769410349
0.392   0.554240815689   0.474917896886
0.488   0.551091606373   0.493651922513
0.584   0.548560051493   0.506385548425
0.68   0.546608135637   0.51480321184
0.776   0.545179467519   0.520204234717
0.872   0.5441963902   0.523575187689
0.968   0.54356304728   0.52562615994
1.064   0.543179538287   0.526846219491
1.16   0.54295895141   0.527559184658
1.256   0.542836027612   0.527970789998
1.352   0.542769340077   0.52820685156
1.448   0.542733655624   0.528341663665
1.544   0.542714713361   0.528418532606
1.64   0.542704704011   0.528462334501
1.736   0.542699428387   0.528487289034
1.832   0.54269665168   0.52850150591
1.928   0.542695191355   0.528509605932
2.024   0.542694423666   0.528514221238
2.12   0.542694020188   0.52851685116
2.216   0.542693808157   0.528518349832
2.312   0.54269369674   0.528519203888
2.408   0.542693638195   0.528519690604
2.504   0.542693607434   0.528519967983
2.6   0.54269359127   0.528520126063
2.696   0.542693582778   0.528520216153
2.792   0.542693578315   0.528520267497
2.888   0.542693575971   0.528520296758
2.984   0.542693574739   0.528520313435
3.08   0.542693574091   0.528520322939
3.176   0.542693573751   0.528520328355
3.272   0.542693573573   0.528520331442
3.368   0.542693573479   0.528520333202
3.464   0.542693573429   0.528520334204
3.56   0.542693573403   0.528520334776
3.656   0.54269357339   0.528520335101
3.752   0.542693573383   0.528520335287
3.848   0.542693573379   0.528520335393
3.944   0.542693573377   0.528520335453
4.04   0.542693573376   0.528520335487
4.136   0.542693573375   0.528520335507
4.232   0.542693573375   0.528520335518
4.328   0.542693573375   0.528520335525
4.424   0.542693573375   0.528520335528
4.52   0.542693573375   0.52852033553
4.616   0.542693573375   0.528520335531
4.712   0.542693573375   0.528520335532
4.808   0.542693573375   0.528520335532
4.904   0.542693573375   0.528520335533
5.0   0.542693573375   0.528520335533
5.096   0.542693573375   0.528520335533
5.192   0.542693573375   0.528520335533
5.288   0.542693573375   0.528520335533
5.384   0.542693573375   0.528520335533
5.48   0.542693573375   0.528520335533
5.576   0.542693573375   0.528520335533
5.672   0.542693573375   0.528520335533
5.768   0.542693573375   0.528520335533
5.864   0.542693573375   0.528520335533
5.96   0.542693573375   0.528520335533
6.056   0.542693573375   0.528520335533
6.152   0.542693573375   0.528520335533
6.248   0.542693573375   0.528520335533
6.344   0.542693573375   0.528520335533
6.44   0.542693573375   0.528520335533
6.536   0.542693573375   0.528520335533
6.632   0.542693573375   0.528520335533
6.728   0.542693573375   0.528520335533
6.824   0.542693573375   0.528520335533
6.92   0.542693573375   0.528520335533
7.016   0.542693573375   0.528520335533
7.112   0.542693573375   0.528520335533
7.208   0.542693573375   0.528520335533
7.304   0.542693573375   0.528520335533
7.4   0.542693573375   0.528520335533
7.496   0.542693573375   0.528520335533
7.592   0.542693573375   0.528520335533
7.688   0.542693573375   0.528520335533
7.784   0.542693573375   0.528520335533
7.88   0.542693573375   0.528520335533
7.976   0.542693573375   0.528520335533
8.072   0.542693573375   0.528520335533
8.168   0.542693573375   0.528520335533
8.264   0.542693573375   0.528520335533
8.36   0.542693573375   0.528520335533
8.456   0.542693573375   0.528520335533
8.552   0.542693573375   0.528520335533
8.648   0.542693573375   0.528520335533
8.744   0.542693573375   0.528520335533
8.84   0.542693573375   0.528520335533
8.936   0.542693573375   0.528520335533
9.032   0.542693573375   0.528520335533
9.128   0.542693573375   0.528520335533
9.224   0.542693573375   0.528520335533
9.32   0.542693573375   0.528520335533
9.416   0.542693573375   0.528520335533
9.512   0.542693573375   0.528520335533
9.608   0.542693573375   0.528520335533
9.704   0.542693573375   0.528520335533
