0.2   0.562868651746   0.412114922518
0.296   0.558576728416   0.45247836398
0.392   0.554888178456   0.479819958795
0.488   0.551789584858   0.498556556439
0.584   0.549253739525   0.511201369357
0.68   0.547243039321   0.519515253233
0.776   0.545710704373   0.524850016169
0.872   0.544599766926   0.528205438165
0.968   0.543841086366   0.53027413611
1.064   0.543355226936   0.531520631151
1.16   0.543062417787   0.532254162151
1.256   0.542894678654   0.532677002311
1.352   0.542801382032   0.532917559797
1.448   0.54275086363   0.533052995872
1.544   0.542723864929   0.533128894867
1.64   0.542709544444   0.533171323076
1.736   0.542701980868   0.533195010783
1.832   0.542697995451   0.533208227624
1.928   0.542695898158   0.533215600116
2.024   0.542694795254   0.533219712114
2.12   0.542694215491   0.53322200549
2.216   0.542693910792   0.53322328456
2.312   0.542693750672   0.53322399793
2.408   0.542693666535   0.533224395798
2.504   0.542693622324   0.533224617703
2.6   0.542693599094   0.533224741466
2.696   0.542693586889   0.533224810494
2.792   0.542693580475   0.533224848994
2.888   0.542693577106   0.533224870466
2.984   0.542693575335   0.533224882442
3.08   0.542693574405   0.533224889122
3.176   0.542693573916   0.533224892848
3.272   0.542693573659   0.533224894925
3.368   0.542693573524   0.533224896084
3.464   0.542693573453   0.533224896731
3.56   0.542693573416   0.533224897091
3.656   0.542693573396   0.533224897292
3.752   0.542693573386   0.533224897404
3.848   0.542693573381   0.533224897467
3.944   0.542693573378   0.533224897502
4.04   0.542693573376   0.533224897521
4.136   0.542693573376   0.533224897532
4.232   0.542693573375   0.533224897538
4.328   0.542693573375   0.533224897542
4.424   0.542693573375   0.533224897543
4.52   0.542693573375   0.533224897545
4.616   0.542693573375   0.533224897545
4.712   0.542693573375   0.533224897545
4.808   0.542693573375   0.533224897546
4.904   0.542693573375   0.533224897546
5.0   0.542693573375   0.533224897546
5.096   0.542693573375   0.533224897546
5.192   0.542693573375   0.533224897546
5.288   0.542693573375   0.533224897546
5.384   0.542693573375   0.533224897546
5.48   0.542693573375   0.533224897546
5.576   0.542693573375   0.533224897546
5.672   0.542693573375   0.533224897546
5.768   0.542693573375   0.533224897546
5.864   0.542693573375   0.533224897546
5.96   0.542693573375   0.533224897546
6.056   0.542693573375   0.533224897546
6.152   0.542693573375   0.533224897546
6.248   0.542693573375   0.533224897546
6.344   0.542693573375   0.533224897546
6.44   0.542693573375   0.533224897546
6.536   0.542693573375   0.533224897546
6.632   0.542693573375   0.533224897546
6.728   0.542693573375   0.533224897546
6.824   0.542693573375   0.533224897546
6.92   0.542693573375   0.533224897546
7.016   0.542693573375   0.533224897546
7.112   0.542693573375   0.533224897546
7.208   0.542693573375   0.533224897546
7.304   0.542693573375   0.533224897546
7.4   0.542693573375   0.533224897546
7.496   0.542693573375   0.533224897546
7.592   0.542693573375   0.533224897546
7.688   0.542693573375   0.533224897546
7.784   0.542693573375   0.533224897546
7.88   0.542693573375   0.533224897546
7.976   0.542693573375   0.533224897546
8.072   0.542693573375   0.533224897546
8.168   0.542693573375   0.533224897546
8.264   0.542693573375   0.533224897546
8.36   0.542693573375   0.533224897546
8.456   0.542693573375   0.533224897546
8.552   0.542693573375   0.533224897546
8.648   0.542693573375   0.533224897546
8.744   0.542693573375   0.533224897546
8.84   0.542693573375   0.533224897546
8.936   0.542693573375   0.533224897546
9.032   0.542693573375   0.533224897546
9.128   0.542693573375   0.533224897546
9.224   0.542693573375   0.533224897546
9.32   0.542693573375   0.533224897546
9.416   0.542693573375   0.533224897546
9.512   0.542693573375   0.533224897546
9.608   0.542693573375   0.533224897546
9.704   0.542693573375   0.533224897546
