0.2   0.569701622966   0.474494681119
0.296   0.569012503918   0.506974988511
0.392   0.568767250642   0.525167645267
0.488   0.56869908613   0.534348362463
0.584   0.568681902865   0.538667650533
0.68   0.568677856416   0.540700510887
0.776   0.568676911829   0.541685346087
0.872   0.568676691886   0.542175985582
0.968   0.56867664071   0.542425378368
1.064   0.568676628806   0.542553811093
1.16   0.568676626036   0.542620490851
1.256   0.568676625392   0.542655280664
1.352   0.568676625242   0.542673485514
1.448   0.568676625208   0.542683028286
1.544   0.568676625199   0.542688035553
1.64   0.568676625198   0.542690664493
1.736   0.568676625197   0.542692045213
1.832   0.568676625197   0.542692770507
1.928   0.568676625197   0.542693151545
2.024   0.568676625197   0.542693351739
2.12   0.568676625197   0.542693456923
2.216   0.568676625197   0.542693512188
2.312   0.568676625197   0.542693541225
2.408   0.568676625197   0.542693556482
2.504   0.568676625197   0.542693564499
2.6   0.568676625197   0.542693568711
2.696   0.568676625197   0.542693570924
2.792   0.568676625197   0.542693572087
2.888   0.568676625197   0.542693572698
2.984   0.568676625197   0.542693573019
3.08   0.568676625197   0.542693573188
3.176   0.568676625197   0.542693573277
3.272   0.568676625197   0.542693573323
3.368   0.568676625197   0.542693573348
3.464   0.568676625197   0.54269357336
3.56   0.568676625197   0.542693573367
3.656   0.568676625197   0.542693573371
3.752   0.568676625197   0.542693573373
3.848   0.568676625197   0.542693573374
3.944   0.568676625197   0.542693573374
4.04   0.568676625197   0.542693573374
4.136   0.568676625197   0.542693573374
4.232   0.568676625197   0.542693573375
4.328   0.568676625197   0.542693573375
4.424   0.568676625197   0.542693573375
4.52   0.568676625197   0.542693573375
4.616   0.568676625197   0.542693573375
4.712   0.568676625197   0.542693573375
4.808   0.568676625197   0.542693573375
4.904   0.568676625197   0.542693573375
5.0   0.568676625197   0.542693573375
5.096   0.568676625197   0.542693573375
5.192   0.568676625197   0.542693573375
5.288   0.568676625197   0.542693573375
5.384   0.568676625197   0.542693573375
5.48   0.568676625197   0.542693573375
5.576   0.568676625197   0.542693573375
5.672   0.568676625197   0.542693573375
5.768   0.568676625197   0.542693573375
5.864   0.568676625197   0.542693573375
5.96   0.568676625197   0.542693573375
6.056   0.568676625197   0.542693573375
6.152   0.568676625197   0.542693573375
6.248   0.568676625197   0.542693573375
6.344   0.568676625197   0.542693573375
6.44   0.568676625197   0.542693573375
6.536   0.568676625197   0.542693573375
6.632   0.568676625197   0.542693573375
6.728   0.568676625197   0.542693573375
6.824   0.568676625197   0.542693573375
6.92   0.568676625197   0.542693573375
7.016   0.568676625197   0.542693573375
7.112   0.568676625197   0.542693573375
7.208   0.568676625197   0.542693573375
7.304   0.568676625197   0.542693573375
7.4   0.568676625197   0.542693573375
7.496   0.568676625197   0.542693573375
7.592   0.568676625197   0.542693573375
7.688   0.568676625197   0.542693573375
7.784   0.568676625197   0.542693573375
7.88   0.568676625197   0.542693573375
7.976   0.568676625197   0.542693573375
8.072   0.568676625197   0.542693573375
8.168   0.568676625197   0.542693573375
8.264   0.568676625197   0.542693573375
8.36   0.568676625197   0.542693573375
8.456   0.568676625197   0.542693573375
8.552   0.568676625197   0.542693573375
8.648   0.568676625197   0.542693573375
8.744   0.568676625197   0.542693573375
8.84   0.568676625197   0.542693573375
8.936   0.568676625197   0.542693573375
9.032   0.568676625197   0.542693573375
9.128   0.568676625197   0.542693573375
9.224   0.568676625197   0.542693573375
9.32   0.568676625197   0.542693573375
9.416   0.568676625197   0.542693573375
9.512   0.568676625197   0.542693573375
9.608   0.568676625197   0.542693573375
9.704   0.568676625197   0.542693573375
