0.2   0.56141781741   0.377916210318
0.296   0.55664305337   0.421701649451
0.392   0.552668698394   0.451335039668
0.488   0.549501883921   0.471748902493
0.584   0.547111066706   0.485667362131
0.68   0.545416954574   0.494915378238
0.776   0.544295852195   0.500875053709
0.872   0.543600882843   0.504612115004
0.968   0.543193153864   0.506908941039
1.064   0.542963666901   0.508303090624
1.16   0.542837794383   0.5091437155
1.256   0.542770052851   0.509649372161
1.352   0.542733967304   0.509953201604
1.448   0.542714859253   0.510135812125
1.544   0.542704775654   0.510245628991
1.64   0.542699464635   0.510311709051
1.736   0.54269667034   0.51035149179
1.832   0.542695201052   0.510375452207
1.928   0.542694428732   0.510389887471
2.024   0.542694022842   0.510398586063
2.12   0.542693809549   0.51040382857
2.216   0.542693697471   0.510406988475
2.312   0.542693638579   0.510408893233
2.408   0.542693607635   0.510410041455
2.504   0.542693591376   0.510410733645
2.6   0.542693582833   0.510411150931
2.696   0.542693578345   0.510411402495
2.792   0.542693575986   0.510411554153
2.888   0.542693574747   0.510411645583
2.984   0.542693574096   0.510411700703
3.08   0.542693573753   0.510411733933
3.176   0.542693573574   0.510411753966
3.272   0.542693573479   0.510411766044
3.368   0.54269357343   0.510411773325
3.464   0.542693573404   0.510411777715
3.56   0.54269357339   0.510411780361
3.656   0.542693573383   0.510411781957
3.752   0.542693573379   0.510411782919
3.848   0.542693573377   0.510411783498
3.944   0.542693573376   0.510411783848
4.04   0.542693573375   0.510411784059
4.136   0.542693573375   0.510411784186
4.232   0.542693573375   0.510411784262
4.328   0.542693573375   0.510411784309
4.424   0.542693573375   0.510411784336
4.52   0.542693573375   0.510411784353
4.616   0.542693573375   0.510411784363
4.712   0.542693573375   0.510411784369
4.808   0.542693573375   0.510411784373
4.904   0.542693573375   0.510411784375
5.0   0.542693573375   0.510411784377
5.096   0.542693573375   0.510411784377
5.192   0.542693573375   0.510411784378
5.288   0.542693573375   0.510411784378
5.384   0.542693573375   0.510411784378
5.48   0.542693573375   0.510411784379
5.576   0.542693573375   0.510411784379
5.672   0.542693573375   0.510411784379
5.768   0.542693573375   0.510411784379
5.864   0.542693573375   0.510411784379
5.96   0.542693573375   0.510411784379
6.056   0.542693573375   0.510411784379
6.152   0.542693573375   0.510411784379
6.248   0.542693573375   0.510411784379
6.344   0.542693573375   0.510411784379
6.44   0.542693573375   0.510411784379
6.536   0.542693573375   0.510411784379
6.632   0.542693573375   0.510411784379
6.728   0.542693573375   0.510411784379
6.824   0.542693573375   0.510411784379
6.92   0.542693573375   0.510411784379
7.016   0.542693573375   0.510411784379
7.112   0.542693573375   0.510411784379
7.208   0.542693573375   0.510411784379
7.304   0.542693573375   0.510411784379
7.4   0.542693573375   0.510411784379
7.496   0.542693573375   0.510411784379
7.592   0.542693573375   0.510411784379
7.688   0.542693573375   0.510411784379
7.784   0.542693573375   0.510411784379
7.88   0.542693573375   0.510411784379
7.976   0.542693573375   0.510411784379
8.072   0.542693573375   0.510411784379
8.168   0.542693573375   0.510411784379
8.264   0.542693573375   0.510411784379
8.36   0.542693573375   0.510411784379
8.456   0.542693573375   0.510411784379
8.552   0.542693573375   0.510411784379
8.648   0.542693573375   0.510411784379
8.744   0.542693573375   0.510411784379
8.84   0.542693573375   0.510411784379
8.936   0.542693573375   0.510411784379
9.032   0.542693573375   0.510411784379
9.128   0.542693573375   0.510411784379
9.224   0.542693573375   0.510411784379
9.32   0.542693573375   0.510411784379
9.416   0.542693573375   0.510411784379
9.512   0.542693573375   0.510411784379
9.608   0.542693573375   0.510411784379
9.704   0.542693573375   0.510411784379
