0.2   0.567005898391   0.451230048183
0.296   0.564813493384   0.490123734198
0.392   0.56327464898   0.513972918154
0.488   0.562322636293   0.527858666526
0.584   0.561813195076   0.53525995276
0.68   0.561574098083   0.538975667984
0.776   0.56147199232   0.540814199039
0.872   0.561430401849   0.541732068252
0.968   0.56141398911   0.542197113532
1.064   0.561407585047   0.54243553793
1.16   0.561405098739   0.54255888708
1.256   0.561404135538   0.542623084312
1.352   0.561403762734   0.542656622553
1.448   0.561403618497   0.542674184689
1.544   0.561403562701   0.54268339398
1.64   0.561403541118   0.542688227224
1.736   0.56140353277   0.542690765067
1.832   0.561403529541   0.542692098019
1.928   0.561403528292   0.542692798242
2.024   0.561403527809   0.542693166115
2.12   0.561403527622   0.542693359394
2.216   0.561403527549   0.542693460944
2.312   0.561403527521   0.542693514301
2.408   0.561403527511   0.542693542336
2.504   0.561403527506   0.542693557066
2.6   0.561403527505   0.542693564806
2.696   0.561403527504   0.542693568872
2.792   0.561403527504   0.542693571009
2.888   0.561403527504   0.542693572132
2.984   0.561403527504   0.542693572722
3.08   0.561403527504   0.542693573031
3.176   0.561403527504   0.542693573194
3.272   0.561403527504   0.54269357328
3.368   0.561403527504   0.542693573325
3.464   0.561403527504   0.542693573348
3.56   0.561403527504   0.542693573361
3.656   0.561403527504   0.542693573367
3.752   0.561403527504   0.542693573371
3.848   0.561403527504   0.542693573373
3.944   0.561403527504   0.542693573374
4.04   0.561403527504   0.542693573374
4.136   0.561403527504   0.542693573374
4.232   0.561403527504   0.542693573375
4.328   0.561403527504   0.542693573375
4.424   0.561403527504   0.542693573375
4.52   0.561403527504   0.542693573375
4.616   0.561403527504   0.542693573375
4.712   0.561403527504   0.542693573375
4.808   0.561403527504   0.542693573375
4.904   0.561403527504   0.542693573375
5.0   0.561403527504   0.542693573375
5.096   0.561403527504   0.542693573375
5.192   0.561403527504   0.542693573375
5.288   0.561403527504   0.542693573375
5.384   0.561403527504   0.542693573375
5.48   0.561403527504   0.542693573375
5.576   0.561403527504   0.542693573375
5.672   0.561403527504   0.542693573375
5.768   0.561403527504   0.542693573375
5.864   0.561403527504   0.542693573375
5.96   0.561403527504   0.542693573375
6.056   0.561403527504   0.542693573375
6.152   0.561403527504   0.542693573375
6.248   0.561403527504   0.542693573375
6.344   0.561403527504   0.542693573375
6.44   0.561403527504   0.542693573375
6.536   0.561403527504   0.542693573375
6.632   0.561403527504   0.542693573375
6.728   0.561403527504   0.542693573375
6.824   0.561403527504   0.542693573375
6.92   0.561403527504   0.542693573375
7.016   0.561403527504   0.542693573375
7.112   0.561403527504   0.542693573375
7.208   0.561403527504   0.542693573375
7.304   0.561403527504   0.542693573375
7.4   0.561403527504   0.542693573375
7.496   0.561403527504   0.542693573375
7.592   0.561403527504   0.542693573375
7.688   0.561403527504   0.542693573375
7.784   0.561403527504   0.542693573375
7.88   0.561403527504   0.542693573375
7.976   0.561403527504   0.542693573375
8.072   0.561403527504   0.542693573375
8.168   0.561403527504   0.542693573375
8.264   0.561403527504   0.542693573375
8.36   0.561403527504   0.542693573375
8.456   0.561403527504   0.542693573375
8.552   0.561403527504   0.542693573375
8.648   0.561403527504   0.542693573375
8.744   0.561403527504   0.542693573375
8.84   0.561403527504   0.542693573375
8.936   0.561403527504   0.542693573375
9.032   0.561403527504   0.542693573375
9.128   0.561403527504   0.542693573375
9.224   0.561403527504   0.542693573375
9.32   0.561403527504   0.542693573375
9.416   0.561403527504   0.542693573375
9.512   0.561403527504   0.542693573375
9.608   0.561403527504   0.542693573375
9.704   0.561403527504   0.542693573375
