0.2   0.56610795774   0.435602767096
0.296   0.56336821088   0.479429691086
0.392   0.561221187505   0.506597057838
0.488   0.559655230151   0.523090073936
0.584   0.558617130949   0.532447248552
0.68   0.558002074629   0.537428805254
0.776   0.557675391958   0.539994974207
0.872   0.55751651902   0.5413049355
0.968   0.557442983018   0.541974969097
1.064   0.557410192341   0.542320013863
1.16   0.557395793653   0.542498638158
1.256   0.557389518716   0.54259158691
1.352   0.557386793983   0.54264012671
1.448   0.557385612845   0.54266553493
1.544   0.557385101241   0.54267885479
1.64   0.557384879722   0.542685843976
1.736   0.557384783823   0.542689513388
1.832   0.55738474231   0.542691440519
1.928   0.55738472434   0.542692452823
2.024   0.557384716562   0.542692984637
2.12   0.557384713195   0.542693264044
2.216   0.557384711738   0.542693410846
2.312   0.557384711107   0.542693487978
2.408   0.557384710834   0.542693528505
2.504   0.557384710715   0.542693549799
2.6   0.557384710664   0.542693560987
2.696   0.557384710642   0.542693566866
2.792   0.557384710633   0.542693569955
2.888   0.557384710628   0.542693571578
2.984   0.557384710627   0.542693572431
3.08   0.557384710626   0.542693572879
3.176   0.557384710625   0.542693573114
3.272   0.557384710625   0.542693573238
3.368   0.557384710625   0.542693573303
3.464   0.557384710625   0.542693573337
3.56   0.557384710625   0.542693573355
3.656   0.557384710625   0.542693573364
3.752   0.557384710625   0.542693573369
3.848   0.557384710625   0.542693573372
3.944   0.557384710625   0.542693573373
4.04   0.557384710625   0.542693573374
4.136   0.557384710625   0.542693573374
4.232   0.557384710625   0.542693573374
4.328   0.557384710625   0.542693573375
4.424   0.557384710625   0.542693573375
4.52   0.557384710625   0.542693573375
4.616   0.557384710625   0.542693573375
4.712   0.557384710625   0.542693573375
4.808   0.557384710625   0.542693573375
4.904   0.557384710625   0.542693573375
5.0   0.557384710625   0.542693573375
5.096   0.557384710625   0.542693573375
5.192   0.557384710625   0.542693573375
5.288   0.557384710625   0.542693573375
5.384   0.557384710625   0.542693573375
5.48   0.557384710625   0.542693573375
5.576   0.557384710625   0.542693573375
5.672   0.557384710625   0.542693573375
5.768   0.557384710625   0.542693573375
5.864   0.557384710625   0.542693573375
5.96   0.557384710625   0.542693573375
6.056   0.557384710625   0.542693573375
6.152   0.557384710625   0.542693573375
6.248   0.557384710625   0.542693573375
6.344   0.557384710625   0.542693573375
6.44   0.557384710625   0.542693573375
6.536   0.557384710625   0.542693573375
6.632   0.557384710625   0.542693573375
6.728   0.557384710625   0.542693573375
6.824   0.557384710625   0.542693573375
6.92   0.557384710625   0.542693573375
7.016   0.557384710625   0.542693573375
7.112   0.557384710625   0.542693573375
7.208   0.557384710625   0.542693573375
7.304   0.557384710625   0.542693573375
7.4   0.557384710625   0.542693573375
7.496   0.557384710625   0.542693573375
7.592   0.557384710625   0.542693573375
7.688   0.557384710625   0.542693573375
7.784   0.557384710625   0.542693573375
7.88   0.557384710625   0.542693573375
7.976   0.557384710625   0.542693573375
8.072   0.557384710625   0.542693573375
8.168   0.557384710625   0.542693573375
8.264   0.557384710625   0.542693573375
8.36   0.557384710625   0.542693573375
8.456   0.557384710625   0.542693573375
8.552   0.557384710625   0.542693573375
8.648   0.557384710625   0.542693573375
8.744   0.557384710625   0.542693573375
8.84   0.557384710625   0.542693573375
8.936   0.557384710625   0.542693573375
9.032   0.557384710625   0.542693573375
9.128   0.557384710625   0.542693573375
9.224   0.557384710625   0.542693573375
9.32   0.557384710625   0.542693573375
9.416   0.557384710625   0.542693573375
9.512   0.557384710625   0.542693573375
9.608   0.557384710625   0.542693573375
9.704   0.557384710625   0.542693573375
