0.2   0.561627169669   0.380476031706
0.296   0.556908167451   0.424874278957
0.392   0.552954372643   0.454801926887
0.488   0.549774028143   0.475362548099
0.584   0.547342543374   0.489348348259
0.68   0.545593297879   0.49861804834
0.776   0.544417066413   0.504573843813
0.872   0.543677214691   0.508293906512
0.968   0.543238134931   0.510568573413
1.064   0.5429890355   0.511940496499
1.16   0.542851660091   0.512761652253
1.256   0.542777504182   0.513251721576
1.352   0.542737932297   0.513543743692
1.448   0.542716957286   0.513717774941
1.544   0.542705882314   0.513821540148
1.64   0.542700047351   0.513883444006
1.736   0.542696976875   0.513920392636
1.832   0.542695362218   0.5139424549
1.928   0.542694513443   0.513955632306
2.024   0.54269406736   0.51396350461
2.12   0.542693832942   0.513968208296
2.216   0.542693709763   0.513971019023
2.312   0.542693645038   0.513972698712
2.408   0.542693611029   0.513973702538
2.504   0.54269359316   0.51397430247
2.6   0.54269358377   0.513974661022
2.696   0.542693578837   0.513974875316
2.792   0.542693576245   0.513975003393
2.888   0.542693574883   0.513975079941
2.984   0.542693574167   0.513975125691
3.08   0.542693573791   0.513975153035
3.176   0.542693573593   0.513975169378
3.272   0.54269357349   0.513975179146
3.368   0.542693573435   0.513975184984
3.464   0.542693573406   0.513975188473
3.56   0.542693573391   0.513975190558
3.656   0.542693573383   0.513975191805
3.752   0.542693573379   0.51397519255
3.848   0.542693573377   0.513975192995
3.944   0.542693573376   0.513975193261
4.04   0.542693573375   0.51397519342
4.136   0.542693573375   0.513975193515
4.232   0.542693573375   0.513975193572
4.328   0.542693573375   0.513975193606
4.424   0.542693573375   0.513975193626
4.52   0.542693573375   0.513975193638
4.616   0.542693573375   0.513975193646
4.712   0.542693573375   0.51397519365
4.808   0.542693573375   0.513975193652
4.904   0.542693573375   0.513975193654
5.0   0.542693573375   0.513975193655
5.096   0.542693573375   0.513975193656
5.192   0.542693573375   0.513975193656
5.288   0.542693573375   0.513975193656
5.384   0.542693573375   0.513975193656
5.48   0.542693573375   0.513975193656
5.576   0.542693573375   0.513975193656
5.672   0.542693573375   0.513975193656
5.768   0.542693573375   0.513975193656
5.864   0.542693573375   0.513975193656
5.96   0.542693573375   0.513975193656
6.056   0.542693573375   0.513975193656
6.152   0.542693573375   0.513975193656
6.248   0.542693573375   0.513975193656
6.344   0.542693573375   0.513975193656
6.44   0.542693573375   0.513975193656
6.536   0.542693573375   0.513975193656
6.632   0.542693573375   0.513975193656
6.728   0.542693573375   0.513975193656
6.824   0.542693573375   0.513975193656
6.92   0.542693573375   0.513975193656
7.016   0.542693573375   0.513975193656
7.112   0.542693573375   0.513975193656
7.208   0.542693573375   0.513975193656
7.304   0.542693573375   0.513975193656
7.4   0.542693573375   0.513975193656
7.496   0.542693573375   0.513975193656
7.592   0.542693573375   0.513975193656
7.688   0.542693573375   0.513975193656
7.784   0.542693573375   0.513975193656
7.88   0.542693573375   0.513975193656
7.976   0.542693573375   0.513975193656
8.072   0.542693573375   0.513975193656
8.168   0.542693573375   0.513975193656
8.264   0.542693573375   0.513975193656
8.36   0.542693573375   0.513975193656
8.456   0.542693573375   0.513975193656
8.552   0.542693573375   0.513975193656
8.648   0.542693573375   0.513975193656
8.744   0.542693573375   0.513975193656
8.84   0.542693573375   0.513975193656
8.936   0.542693573375   0.513975193656
9.032   0.542693573375   0.513975193656
9.128   0.542693573375   0.513975193656
9.224   0.542693573375   0.513975193656
9.32   0.542693573375   0.513975193656
9.416   0.542693573375   0.513975193656
9.512   0.542693573375   0.513975193656
9.608   0.542693573375   0.513975193656
9.704   0.542693573375   0.513975193656
