0.2   0.565291608877   0.431489460452
0.296   0.562106387937   0.474355414667
0.392   0.559470518078   0.501700014454
0.488   0.5573736663   0.519031480793
0.584   0.555790817097   0.52950756662
0.68   0.554675743165   0.535520274331
0.776   0.553954586658   0.538853093046
0.872   0.553529050431   0.540660060753
0.968   0.55329791829   0.541624069524
1.064   0.553180030598   0.542132587295
1.16   0.553121908186   0.542399701317
1.256   0.553094011266   0.542539542549
1.352   0.553080774715   0.542612785809
1.448   0.553074531385   0.54265117696
1.544   0.553071595395   0.542671314693
1.64   0.553070216779   0.542681883819
1.736   0.553069569919   0.542687433203
1.832   0.553069266517   0.542690347733
1.928   0.553069124235   0.542691878709
2.024   0.553069057517   0.542692683002
2.12   0.553069026234   0.542693105563
2.216   0.553069011565   0.542693327578
2.312   0.553069004688   0.542693444227
2.408   0.553069001463   0.542693505517
2.504   0.553068999951   0.54269353772
2.6   0.553068999242   0.542693554641
2.696   0.553068998909   0.542693563531
2.792   0.553068998754   0.542693568203
2.888   0.553068998681   0.542693570657
2.984   0.553068998646   0.542693571947
3.08   0.55306899863   0.542693572624
3.176   0.553068998623   0.54269357298
3.272   0.553068998619   0.542693573168
3.368   0.553068998617   0.542693573266
3.464   0.553068998617   0.542693573317
3.56   0.553068998616   0.542693573345
3.656   0.553068998616   0.542693573359
3.752   0.553068998616   0.542693573366
3.848   0.553068998616   0.54269357337
3.944   0.553068998616   0.542693573372
4.04   0.553068998616   0.542693573373
4.136   0.553068998616   0.542693573374
4.232   0.553068998616   0.542693573374
4.328   0.553068998616   0.542693573374
4.424   0.553068998616   0.542693573375
4.52   0.553068998616   0.542693573375
4.616   0.553068998616   0.542693573375
4.712   0.553068998616   0.542693573375
4.808   0.553068998616   0.542693573375
4.904   0.553068998616   0.542693573375
5.0   0.553068998616   0.542693573375
5.096   0.553068998616   0.542693573375
5.192   0.553068998616   0.542693573375
5.288   0.553068998616   0.542693573375
5.384   0.553068998616   0.542693573375
5.48   0.553068998616   0.542693573375
5.576   0.553068998616   0.542693573375
5.672   0.553068998616   0.542693573375
5.768   0.553068998616   0.542693573375
5.864   0.553068998616   0.542693573375
5.96   0.553068998616   0.542693573375
6.056   0.553068998616   0.542693573375
6.152   0.553068998616   0.542693573375
6.248   0.553068998616   0.542693573375
6.344   0.553068998616   0.542693573375
6.44   0.553068998616   0.542693573375
6.536   0.553068998616   0.542693573375
6.632   0.553068998616   0.542693573375
6.728   0.553068998616   0.542693573375
6.824   0.553068998616   0.542693573375
6.92   0.553068998616   0.542693573375
7.016   0.553068998616   0.542693573375
7.112   0.553068998616   0.542693573375
7.208   0.553068998616   0.542693573375
7.304   0.553068998616   0.542693573375
7.4   0.553068998616   0.542693573375
7.496   0.553068998616   0.542693573375
7.592   0.553068998616   0.542693573375
7.688   0.553068998616   0.542693573375
7.784   0.553068998616   0.542693573375
7.88   0.553068998616   0.542693573375
7.976   0.553068998616   0.542693573375
8.072   0.553068998616   0.542693573375
8.168   0.553068998616   0.542693573375
8.264   0.553068998616   0.542693573375
8.36   0.553068998616   0.542693573375
8.456   0.553068998616   0.542693573375
8.552   0.553068998616   0.542693573375
8.648   0.553068998616   0.542693573375
8.744   0.553068998616   0.542693573375
8.84   0.553068998616   0.542693573375
8.936   0.553068998616   0.542693573375
9.032   0.553068998616   0.542693573375
9.128   0.553068998616   0.542693573375
9.224   0.553068998616   0.542693573375
9.32   0.553068998616   0.542693573375
9.416   0.553068998616   0.542693573375
9.512   0.553068998616   0.542693573375
9.608   0.553068998616   0.542693573375
9.704   0.553068998616   0.542693573375
