0.2   0.563092474775   0.401868861457
0.296   0.558865332013   0.447408294316
0.392   0.555215019679   0.477475016513
0.488   0.552130471033   0.497736036854
0.584   0.549586574819   0.511236247136
0.68   0.547547934585   0.520022183098
0.776   0.545971103452   0.525621878215
0.872   0.544804961724   0.529137920837
0.968   0.543989051098   0.531313292122
1.064   0.543452856361   0.532632930723
1.16   0.543122083262   0.533414791415
1.256   0.542929262728   0.533867557614
1.352   0.542820544352   0.534125117682
1.448   0.542761239469   0.534270075413
1.544   0.542729408608   0.534350823825
1.64   0.542712484098   0.534395803427
1.736   0.542703533182   0.534420776269
1.832   0.542698813293   0.534434627875
1.928   0.542696328505   0.534442307292
2.024   0.542695021549   0.534446563883
2.12   0.542694334444   0.534448923026
2.216   0.542693973307   0.534450230493
2.312   0.542693783524   0.534450955098
2.408   0.542693683797   0.534451356678
2.504   0.542693631395   0.534451579235
2.6   0.54269360386   0.534451702578
2.696   0.542693589393   0.534451770935
2.792   0.542693581791   0.53445180882
2.888   0.542693577797   0.534451829815
2.984   0.542693575698   0.534451841451
3.08   0.542693574596   0.5344518479
3.176   0.542693574016   0.534451851474
3.272   0.542693573712   0.534451853455
3.368   0.542693573552   0.534451854553
3.464   0.542693573468   0.534451855161
3.56   0.542693573424   0.534451855498
3.656   0.5426935734   0.534451855685
3.752   0.542693573388   0.534451855789
3.848   0.542693573382   0.534451855846
3.944   0.542693573378   0.534451855878
4.04   0.542693573377   0.534451855896
4.136   0.542693573376   0.534451855905
4.232   0.542693573375   0.534451855911
4.328   0.542693573375   0.534451855914
4.424   0.542693573375   0.534451855915
4.52   0.542693573375   0.534451855916
4.616   0.542693573375   0.534451855917
4.712   0.542693573375   0.534451855917
4.808   0.542693573375   0.534451855917
4.904   0.542693573375   0.534451855917
5.0   0.542693573375   0.534451855917
5.096   0.542693573375   0.534451855917
5.192   0.542693573375   0.534451855918
5.288   0.542693573375   0.534451855918
5.384   0.542693573375   0.534451855918
5.48   0.542693573375   0.534451855918
5.576   0.542693573375   0.534451855918
5.672   0.542693573375   0.534451855918
5.768   0.542693573375   0.534451855918
5.864   0.542693573375   0.534451855918
5.96   0.542693573375   0.534451855918
6.056   0.542693573375   0.534451855918
6.152   0.542693573375   0.534451855918
6.248   0.542693573375   0.534451855918
6.344   0.542693573375   0.534451855918
6.44   0.542693573375   0.534451855918
6.536   0.542693573375   0.534451855918
6.632   0.542693573375   0.534451855918
6.728   0.542693573375   0.534451855918
6.824   0.542693573375   0.534451855918
6.92   0.542693573375   0.534451855918
7.016   0.542693573375   0.534451855918
7.112   0.542693573375   0.534451855918
7.208   0.542693573375   0.534451855918
7.304   0.542693573375   0.534451855918
7.4   0.542693573375   0.534451855918
7.496   0.542693573375   0.534451855918
7.592   0.542693573375   0.534451855918
7.688   0.542693573375   0.534451855918
7.784   0.542693573375   0.534451855918
7.88   0.542693573375   0.534451855918
7.976   0.542693573375   0.534451855918
8.072   0.542693573375   0.534451855918
8.168   0.542693573375   0.534451855918
8.264   0.542693573375   0.534451855918
8.36   0.542693573375   0.534451855918
8.456   0.542693573375   0.534451855918
8.552   0.542693573375   0.534451855918
8.648   0.542693573375   0.534451855918
8.744   0.542693573375   0.534451855918
8.84   0.542693573375   0.534451855918
8.936   0.542693573375   0.534451855918
9.032   0.542693573375   0.534451855918
9.128   0.542693573375   0.534451855918
9.224   0.542693573375   0.534451855918
9.32   0.542693573375   0.534451855918
9.416   0.542693573375   0.534451855918
9.512   0.542693573375   0.534451855918
9.608   0.542693573375   0.534451855918
9.704   0.542693573375   0.534451855918
