0.2   0.562838033207   0.400742628282
0.296   0.558516870798   0.445302876312
0.392   0.554797482451   0.474951014717
0.488   0.551672409832   0.495060412382
0.584   0.549119814596   0.508546430124
0.68   0.54710591349   0.517370327559
0.776   0.545584887777   0.523002099815
0.872   0.544496721232   0.526520507643
0.968   0.543765719924   0.528673023407
1.064   0.543305503101   0.529960886285
1.16   0.543032195451   0.530715248193
1.256   0.542877261304   0.53114955692
1.352   0.542791772895   0.531397012549
1.448   0.542745674599   0.531536902284
1.544   0.542721096919   0.531615723767
1.64   0.54270807798   0.531660061973
1.736   0.542701206879   0.531684983338
1.832   0.542697587786   0.531698986381
1.928   0.542695683678   0.531706853629
2.024   0.54269468248   0.531711273538
2.12   0.542694156214   0.531713756722
2.216   0.542693879639   0.531715151847
2.312   0.542693734302   0.531715935684
2.408   0.542693657933   0.531716376083
2.504   0.542693617804   0.531716623522
2.6   0.54269359672   0.531716762549
2.696   0.542693585641   0.531716840663
2.792   0.54269357982   0.531716884552
2.888   0.542693576761   0.531716909212
2.984   0.542693575154   0.531716923067
3.08   0.54269357431   0.531716930852
3.176   0.542693573866   0.531716935227
3.272   0.542693573633   0.531716937684
3.368   0.54269357351   0.531716939065
3.464   0.542693573446   0.531716939841
3.56   0.542693573412   0.531716940277
3.656   0.542693573394   0.531716940522
3.752   0.542693573385   0.53171694066
3.848   0.54269357338   0.531716940737
3.944   0.542693573378   0.53171694078
4.04   0.542693573376   0.531716940805
4.136   0.542693573375   0.531716940818
4.232   0.542693573375   0.531716940826
4.328   0.542693573375   0.53171694083
4.424   0.542693573375   0.531716940833
4.52   0.542693573375   0.531716940834
4.616   0.542693573375   0.531716940835
4.712   0.542693573375   0.531716940835
4.808   0.542693573375   0.531716940836
4.904   0.542693573375   0.531716940836
5.0   0.542693573375   0.531716940836
5.096   0.542693573375   0.531716940836
5.192   0.542693573375   0.531716940836
5.288   0.542693573375   0.531716940836
5.384   0.542693573375   0.531716940836
5.48   0.542693573375   0.531716940836
5.576   0.542693573375   0.531716940836
5.672   0.542693573375   0.531716940836
5.768   0.542693573375   0.531716940836
5.864   0.542693573375   0.531716940836
5.96   0.542693573375   0.531716940836
6.056   0.542693573375   0.531716940836
6.152   0.542693573375   0.531716940836
6.248   0.542693573375   0.531716940836
6.344   0.542693573375   0.531716940836
6.44   0.542693573375   0.531716940836
6.536   0.542693573375   0.531716940836
6.632   0.542693573375   0.531716940836
6.728   0.542693573375   0.531716940836
6.824   0.542693573375   0.531716940836
6.92   0.542693573375   0.531716940836
7.016   0.542693573375   0.531716940836
7.112   0.542693573375   0.531716940836
7.208   0.542693573375   0.531716940836
7.304   0.542693573375   0.531716940836
7.4   0.542693573375   0.531716940836
7.496   0.542693573375   0.531716940836
7.592   0.542693573375   0.531716940836
7.688   0.542693573375   0.531716940836
7.784   0.542693573375   0.531716940836
7.88   0.542693573375   0.531716940836
7.976   0.542693573375   0.531716940836
8.072   0.542693573375   0.531716940836
8.168   0.542693573375   0.531716940836
8.264   0.542693573375   0.531716940836
8.36   0.542693573375   0.531716940836
8.456   0.542693573375   0.531716940836
8.552   0.542693573375   0.531716940836
8.648   0.542693573375   0.531716940836
8.744   0.542693573375   0.531716940836
8.84   0.542693573375   0.531716940836
8.936   0.542693573375   0.531716940836
9.032   0.542693573375   0.531716940836
9.128   0.542693573375   0.531716940836
9.224   0.542693573375   0.531716940836
9.32   0.542693573375   0.531716940836
9.416   0.542693573375   0.531716940836
9.512   0.542693573375   0.531716940836
9.608   0.542693573375   0.531716940836
9.704   0.542693573375   0.531716940836
