0.2   0.562511835103   0.38975557441
0.296   0.558064420805   0.436633721241
0.392   0.554253580401   0.467643842653
0.488   0.551080717279   0.488650342071
0.584   0.548530304243   0.502759609028
0.68   0.546568738994   0.512006191933
0.776   0.545140286755   0.517896674732
0.872   0.544164296431   0.521551055094
0.968   0.543540390649   0.523764867537
1.064   0.54316520055   0.525079140161
1.16   0.542950483356   0.525847516326
1.256   0.542831295039   0.526292253615
1.352   0.542766765612   0.52654835732
1.448   0.542732276663   0.52669539673
1.544   0.542713981141   0.526779662387
1.64   0.542704317069   0.526827990034
1.736   0.542699224443   0.526855696036
1.832   0.542696544342   0.526871581741
1.928   0.542695134905   0.526880691358
2.024   0.542694393991   0.526885915877
2.12   0.542694004592   0.526888912505
2.216   0.542693799961   0.526890631395
2.312   0.542693692433   0.526891617411
2.408   0.542693635932   0.526892183042
2.504   0.542693606245   0.526892507524
2.6   0.542693590646   0.526892693671
2.696   0.542693582449   0.526892800458
2.792   0.542693578143   0.526892861721
2.888   0.54269357588   0.526892896865
2.984   0.542693574691   0.526892917027
3.08   0.542693574066   0.526892928594
3.176   0.542693573738   0.52689293523
3.272   0.542693573566   0.526892939036
3.368   0.542693573475   0.52689294122
3.464   0.542693573427   0.526892942473
3.56   0.542693573402   0.526892943192
3.656   0.542693573389   0.526892943604
3.752   0.542693573382   0.526892943841
3.848   0.542693573379   0.526892943977
3.944   0.542693573377   0.526892944054
4.04   0.542693573376   0.526892944099
4.136   0.542693573375   0.526892944125
4.232   0.542693573375   0.526892944139
4.328   0.542693573375   0.526892944148
4.424   0.542693573375   0.526892944153
4.52   0.542693573375   0.526892944155
4.616   0.542693573375   0.526892944157
4.712   0.542693573375   0.526892944158
4.808   0.542693573375   0.526892944158
4.904   0.542693573375   0.526892944159
5.0   0.542693573375   0.526892944159
5.096   0.542693573375   0.526892944159
5.192   0.542693573375   0.526892944159
5.288   0.542693573375   0.526892944159
5.384   0.542693573375   0.526892944159
5.48   0.542693573375   0.526892944159
5.576   0.542693573375   0.526892944159
5.672   0.542693573375   0.526892944159
5.768   0.542693573375   0.526892944159
5.864   0.542693573375   0.526892944159
5.96   0.542693573375   0.526892944159
6.056   0.542693573375   0.526892944159
6.152   0.542693573375   0.526892944159
6.248   0.542693573375   0.526892944159
6.344   0.542693573375   0.526892944159
6.44   0.542693573375   0.526892944159
6.536   0.542693573375   0.526892944159
6.632   0.542693573375   0.526892944159
6.728   0.542693573375   0.526892944159
6.824   0.542693573375   0.526892944159
6.92   0.542693573375   0.526892944159
7.016   0.542693573375   0.526892944159
7.112   0.542693573375   0.526892944159
7.208   0.542693573375   0.526892944159
7.304   0.542693573375   0.526892944159
7.4   0.542693573375   0.526892944159
7.496   0.542693573375   0.526892944159
7.592   0.542693573375   0.526892944159
7.688   0.542693573375   0.526892944159
7.784   0.542693573375   0.526892944159
7.88   0.542693573375   0.526892944159
7.976   0.542693573375   0.526892944159
8.072   0.542693573375   0.526892944159
8.168   0.542693573375   0.526892944159
8.264   0.542693573375   0.526892944159
8.36   0.542693573375   0.526892944159
8.456   0.542693573375   0.526892944159
8.552   0.542693573375   0.526892944159
8.648   0.542693573375   0.526892944159
8.744   0.542693573375   0.526892944159
8.84   0.542693573375   0.526892944159
8.936   0.542693573375   0.526892944159
9.032   0.542693573375   0.526892944159
9.128   0.542693573375   0.526892944159
9.224   0.542693573375   0.526892944159
9.32   0.542693573375   0.526892944159
9.416   0.542693573375   0.526892944159
9.512   0.542693573375   0.526892944159
9.608   0.542693573375   0.526892944159
9.704   0.542693573375   0.526892944159
