0.2   0.562839423837   0.418915131414
0.296   0.558549544495   0.456600630417
0.392   0.554869355085   0.482448572795
0.488   0.551782035023   0.500297750092
0.584   0.549257282431   0.512406430806
0.68   0.547255030143   0.52040088104
0.776   0.545727035184   0.525550394869
0.872   0.544616224673   0.528801470882
0.968   0.543854709426   0.530812956334
1.064   0.543364923721   0.532028580045
1.16   0.543068588603   0.532745350758
1.256   0.542898342908   0.533158833324
1.352   0.542803432352   0.533393999764
1.448   0.542751979429   0.533526246085
1.544   0.542724462642   0.533600234593
1.64   0.542709861821   0.53364151367
1.736   0.54270214858   0.533664510448
1.832   0.542698083842   0.533677312955
1.928   0.542695944678   0.533684437863
2.024   0.542694819718   0.533688402477
2.12   0.542694228352   0.533690608438
2.216   0.542693917551   0.533691835841
2.312   0.542693754224   0.53369251877
2.408   0.542693668401   0.533692898754
2.504   0.542693623305   0.533693110179
2.6   0.54269359961   0.533693227818
2.696   0.542693587159   0.533693293273
2.792   0.542693580618   0.533693329693
2.888   0.54269357718   0.533693349957
2.984   0.542693575374   0.533693361232
3.08   0.542693574425   0.533693367506
3.176   0.542693573927   0.533693370997
3.272   0.542693573665   0.533693372939
3.368   0.542693573527   0.53369337402
3.464   0.542693573455   0.533693374621
3.56   0.542693573417   0.533693374956
3.656   0.542693573397   0.533693375142
3.752   0.542693573386   0.533693375246
3.848   0.542693573381   0.533693375303
3.944   0.542693573378   0.533693375335
4.04   0.542693573376   0.533693375353
4.136   0.542693573376   0.533693375363
4.232   0.542693573375   0.533693375369
4.328   0.542693573375   0.533693375372
4.424   0.542693573375   0.533693375374
4.52   0.542693573375   0.533693375374
4.616   0.542693573375   0.533693375375
4.712   0.542693573375   0.533693375375
4.808   0.542693573375   0.533693375375
4.904   0.542693573375   0.533693375376
5.0   0.542693573375   0.533693375376
5.096   0.542693573375   0.533693375376
5.192   0.542693573375   0.533693375376
5.288   0.542693573375   0.533693375376
5.384   0.542693573375   0.533693375376
5.48   0.542693573375   0.533693375376
5.576   0.542693573375   0.533693375376
5.672   0.542693573375   0.533693375376
5.768   0.542693573375   0.533693375376
5.864   0.542693573375   0.533693375376
5.96   0.542693573375   0.533693375376
6.056   0.542693573375   0.533693375376
6.152   0.542693573375   0.533693375376
6.248   0.542693573375   0.533693375376
6.344   0.542693573375   0.533693375376
6.44   0.542693573375   0.533693375376
6.536   0.542693573375   0.533693375376
6.632   0.542693573375   0.533693375376
6.728   0.542693573375   0.533693375376
6.824   0.542693573375   0.533693375376
6.92   0.542693573375   0.533693375376
7.016   0.542693573375   0.533693375376
7.112   0.542693573375   0.533693375376
7.208   0.542693573375   0.533693375376
7.304   0.542693573375   0.533693375376
7.4   0.542693573375   0.533693375376
7.496   0.542693573375   0.533693375376
7.592   0.542693573375   0.533693375376
7.688   0.542693573375   0.533693375376
7.784   0.542693573375   0.533693375376
7.88   0.542693573375   0.533693375376
7.976   0.542693573375   0.533693375376
8.072   0.542693573375   0.533693375376
8.168   0.542693573375   0.533693375376
8.264   0.542693573375   0.533693375376
8.36   0.542693573375   0.533693375376
8.456   0.542693573375   0.533693375376
8.552   0.542693573375   0.533693375376
8.648   0.542693573375   0.533693375376
8.744   0.542693573375   0.533693375376
8.84   0.542693573375   0.533693375376
8.936   0.542693573375   0.533693375376
9.032   0.542693573375   0.533693375376
9.128   0.542693573375   0.533693375376
9.224   0.542693573375   0.533693375376
9.32   0.542693573375   0.533693375376
9.416   0.542693573375   0.533693375376
9.512   0.542693573375   0.533693375376
9.608   0.542693573375   0.533693375376
9.704   0.542693573375   0.533693375376
