0.2   0.5644832393   0.421833414548
0.296   0.560878376101   0.465796891338
0.392   0.557797723593   0.494280691706
0.488   0.555221747254   0.512880199438
0.584   0.553118355804   0.524693706234
0.68   0.551447256705   0.531954568427
0.776   0.550163222713   0.536343272072
0.872   0.549218004555   0.538987117075
0.968   0.548559749444   0.540572281517
1.064   0.548130782835   0.541507516385
1.16   0.547870616913   0.542044866346
1.256   0.547723270155   0.542344516697
1.352   0.547642735701   0.54250767738
1.448   0.547600567118   0.542595379566
1.544   0.547578894633   0.542641806527
1.64   0.547567870319   0.542666328571
1.736   0.54756229364   0.542679246803
1.832   0.547559480971   0.542686042981
1.928   0.547558064554   0.542689616014
2.024   0.547557351842   0.542691493904
2.12   0.547556993368   0.542692480724
2.216   0.547556813105   0.542692999256
2.312   0.547556722467   0.542693271714
2.408   0.547556676897   0.542693414873
2.504   0.547556653986   0.542693490093
2.6   0.547556642467   0.542693529616
2.696   0.547556636676   0.542693550383
2.792   0.547556633765   0.542693561294
2.888   0.547556632301   0.542693567027
2.984   0.547556631565   0.542693570039
3.08   0.547556631195   0.542693571622
3.176   0.547556631009   0.542693572454
3.272   0.547556630915   0.542693572891
3.368   0.547556630868   0.54269357312
3.464   0.547556630845   0.542693573241
3.56   0.547556630833   0.542693573304
3.656   0.547556630827   0.542693573338
3.752   0.547556630824   0.542693573355
3.848   0.547556630822   0.542693573364
3.944   0.547556630822   0.542693573369
4.04   0.547556630821   0.542693573372
4.136   0.547556630821   0.542693573373
4.232   0.547556630821   0.542693573374
4.328   0.547556630821   0.542693573374
4.424   0.547556630821   0.542693573374
4.52   0.547556630821   0.542693573375
4.616   0.547556630821   0.542693573375
4.712   0.547556630821   0.542693573375
4.808   0.547556630821   0.542693573375
4.904   0.547556630821   0.542693573375
5.0   0.547556630821   0.542693573375
5.096   0.547556630821   0.542693573375
5.192   0.547556630821   0.542693573375
5.288   0.547556630821   0.542693573375
5.384   0.547556630821   0.542693573375
5.48   0.547556630821   0.542693573375
5.576   0.547556630821   0.542693573375
5.672   0.547556630821   0.542693573375
5.768   0.547556630821   0.542693573375
5.864   0.547556630821   0.542693573375
5.96   0.547556630821   0.542693573375
6.056   0.547556630821   0.542693573375
6.152   0.547556630821   0.542693573375
6.248   0.547556630821   0.542693573375
6.344   0.547556630821   0.542693573375
6.44   0.547556630821   0.542693573375
6.536   0.547556630821   0.542693573375
6.632   0.547556630821   0.542693573375
6.728   0.547556630821   0.542693573375
6.824   0.547556630821   0.542693573375
6.92   0.547556630821   0.542693573375
7.016   0.547556630821   0.542693573375
7.112   0.547556630821   0.542693573375
7.208   0.547556630821   0.542693573375
7.304   0.547556630821   0.542693573375
7.4   0.547556630821   0.542693573375
7.496   0.547556630821   0.542693573375
7.592   0.547556630821   0.542693573375
7.688   0.547556630821   0.542693573375
7.784   0.547556630821   0.542693573375
7.88   0.547556630821   0.542693573375
7.976   0.547556630821   0.542693573375
8.072   0.547556630821   0.542693573375
8.168   0.547556630821   0.542693573375
8.264   0.547556630821   0.542693573375
8.36   0.547556630821   0.542693573375
8.456   0.547556630821   0.542693573375
8.552   0.547556630821   0.542693573375
8.648   0.547556630821   0.542693573375
8.744   0.547556630821   0.542693573375
8.84   0.547556630821   0.542693573375
8.936   0.547556630821   0.542693573375
9.032   0.547556630821   0.542693573375
9.128   0.547556630821   0.542693573375
9.224   0.547556630821   0.542693573375
9.32   0.547556630821   0.542693573375
9.416   0.547556630821   0.542693573375
9.512   0.547556630821   0.542693573375
9.608   0.547556630821   0.542693573375
9.704   0.547556630821   0.542693573375
