0.2   0.564537994769   0.435636065586
0.296   0.560992564462   0.473887990793
0.392   0.557988029986   0.499270317003
0.488   0.555502202197   0.516040128195
0.584   0.553501387116   0.52673954294
0.68   0.551944293094   0.53331330256
0.776   0.55078374979   0.537262223646
0.872   0.54996596105   0.539605413021
0.968   0.549428186144   0.54097453226
1.064   0.549100062273   0.54175607433
1.16   0.548913319803   0.542190307774
1.256   0.548812836885   0.542426136319
1.352   0.548760263938   0.542552295356
1.448   0.548733511242   0.542619148505
1.544   0.548720054303   0.542654422077
1.64   0.548713327192   0.542672991769
1.736   0.548709975305   0.542682757072
1.832   0.548708308017   0.542687889799
1.928   0.548707479409   0.542690587014
2.024   0.548707067793   0.542692004257
2.12   0.548706863368   0.54269274892
2.216   0.548706761855   0.542693140184
2.312   0.548706711448   0.542693345765
2.408   0.54870668642   0.542693453782
2.504   0.548706673992   0.542693510537
2.6   0.548706667822   0.542693540358
2.696   0.548706664758   0.542693556027
2.792   0.548706663237   0.54269356426
2.888   0.548706662481   0.542693568585
2.984   0.548706662106   0.542693570858
3.08   0.54870666192   0.542693572052
3.176   0.548706661828   0.54269357268
3.272   0.548706661782   0.54269357301
3.368   0.548706661759   0.542693573183
3.464   0.548706661748   0.542693573274
3.56   0.548706661742   0.542693573322
3.656   0.548706661739   0.542693573347
3.752   0.548706661738   0.54269357336
3.848   0.548706661737   0.542693573367
3.944   0.548706661737   0.542693573371
4.04   0.548706661737   0.542693573373
4.136   0.548706661736   0.542693573374
4.232   0.548706661736   0.542693573374
4.328   0.548706661736   0.542693573374
4.424   0.548706661736   0.542693573374
4.52   0.548706661736   0.542693573375
4.616   0.548706661736   0.542693573375
4.712   0.548706661736   0.542693573375
4.808   0.548706661736   0.542693573375
4.904   0.548706661736   0.542693573375
5.0   0.548706661736   0.542693573375
5.096   0.548706661736   0.542693573375
5.192   0.548706661736   0.542693573375
5.288   0.548706661736   0.542693573375
5.384   0.548706661736   0.542693573375
5.48   0.548706661736   0.542693573375
5.576   0.548706661736   0.542693573375
5.672   0.548706661736   0.542693573375
5.768   0.548706661736   0.542693573375
5.864   0.548706661736   0.542693573375
5.96   0.548706661736   0.542693573375
6.056   0.548706661736   0.542693573375
6.152   0.548706661736   0.542693573375
6.248   0.548706661736   0.542693573375
6.344   0.548706661736   0.542693573375
6.44   0.548706661736   0.542693573375
6.536   0.548706661736   0.542693573375
6.632   0.548706661736   0.542693573375
6.728   0.548706661736   0.542693573375
6.824   0.548706661736   0.542693573375
6.92   0.548706661736   0.542693573375
7.016   0.548706661736   0.542693573375
7.112   0.548706661736   0.542693573375
7.208   0.548706661736   0.542693573375
7.304   0.548706661736   0.542693573375
7.4   0.548706661736   0.542693573375
7.496   0.548706661736   0.542693573375
7.592   0.548706661736   0.542693573375
7.688   0.548706661736   0.542693573375
7.784   0.548706661736   0.542693573375
7.88   0.548706661736   0.542693573375
7.976   0.548706661736   0.542693573375
8.072   0.548706661736   0.542693573375
8.168   0.548706661736   0.542693573375
8.264   0.548706661736   0.542693573375
8.36   0.548706661736   0.542693573375
8.456   0.548706661736   0.542693573375
8.552   0.548706661736   0.542693573375
8.648   0.548706661736   0.542693573375
8.744   0.548706661736   0.542693573375
8.84   0.548706661736   0.542693573375
8.936   0.548706661736   0.542693573375
9.032   0.548706661736   0.542693573375
9.128   0.548706661736   0.542693573375
9.224   0.548706661736   0.542693573375
9.32   0.548706661736   0.542693573375
9.416   0.548706661736   0.542693573375
9.512   0.548706661736   0.542693573375
9.608   0.548706661736   0.542693573375
9.704   0.548706661736   0.542693573375
