0.2   0.564218046359   0.700000000123
0.296   0.560487832358   0.7
0.392   0.557283482628   0.488766151104
0.488   0.554583305449   0.510847245596
0.584   0.552352057774   0.522917609384
0.68   0.550545496895   0.530470679202
0.776   0.549114455107   0.535138929743
0.872   0.548008837504   0.538037581847
0.968   0.54718036694   0.53985466479
1.064   0.546583594393   0.540996662058
1.16   0.546175143143   0.541706142593
1.256   0.545911983727   0.542135527091
1.352   0.545753028277   0.542386074519
1.448   0.545662888541   0.54252750109
1.544   0.545612927615   0.542604906381
1.64   0.545586388291   0.54264656647
1.736   0.54557251772   0.542668754959
1.832   0.545565332627   0.542680499839
1.928   0.545561628592   0.542686695101
2.024   0.545559724005   0.542689956886
2.12   0.545558746009   0.542691672511
2.216   0.545558244171   0.54269257443
2.312   0.545557986759   0.542693048453
2.408   0.545557854749   0.542693297553
2.504   0.545557787056   0.542693428446
2.6   0.545557752346   0.542693497224
2.696   0.545557734549   0.542693533363
2.792   0.545557725424   0.542693552351
2.888   0.545557720745   0.542693562328
2.984   0.545557718346   0.542693567571
3.08   0.545557717116   0.542693570325
3.176   0.545557716485   0.542693571772
3.272   0.545557716162   0.542693572533
3.368   0.545557715996   0.542693572932
3.464   0.545557715911   0.542693573142
3.56   0.545557715867   0.542693573253
3.656   0.545557715845   0.54269357331
3.752   0.545557715833   0.542693573341
3.848   0.545557715828   0.542693573357
3.944   0.545557715825   0.542693573365
4.04   0.545557715823   0.54269357337
4.136   0.545557715822   0.542693573372
4.232   0.545557715822   0.542693573373
4.328   0.545557715822   0.542693573374
4.424   0.545557715821   0.542693573374
4.52   0.545557715821   0.542693573374
4.616   0.545557715821   0.542693573375
4.712   0.545557715821   0.542693573375
4.808   0.545557715821   0.542693573375
4.904   0.545557715821   0.542693573375
5.0   0.545557715821   0.542693573375
5.096   0.545557715821   0.542693573375
5.192   0.545557715821   0.542693573375
5.288   0.545557715821   0.542693573375
5.384   0.545557715821   0.542693573375
5.48   0.545557715821   0.542693573375
5.576   0.545557715821   0.542693573375
5.672   0.545557715821   0.542693573375
5.768   0.545557715821   0.542693573375
5.864   0.545557715821   0.542693573375
5.96   0.545557715821   0.542693573375
6.056   0.545557715821   0.542693573375
6.152   0.545557715821   0.542693573375
6.248   0.545557715821   0.542693573375
6.344   0.545557715821   0.542693573375
6.44   0.545557715821   0.542693573375
6.536   0.545557715821   0.542693573375
6.632   0.545557715821   0.542693573375
6.728   0.545557715821   0.542693573375
6.824   0.545557715821   0.542693573375
6.92   0.545557715821   0.542693573375
7.016   0.545557715821   0.542693573375
7.112   0.545557715821   0.542693573375
7.208   0.545557715821   0.542693573375
7.304   0.545557715821   0.542693573375
7.4   0.545557715821   0.542693573375
7.496   0.545557715821   0.542693573375
7.592   0.545557715821   0.542693573375
7.688   0.545557715821   0.542693573375
7.784   0.545557715821   0.542693573375
7.88   0.545557715821   0.542693573375
7.976   0.545557715821   0.542693573375
8.072   0.545557715821   0.542693573375
8.168   0.545557715821   0.542693573375
8.264   0.545557715821   0.542693573375
8.36   0.545557715821   0.542693573375
8.456   0.545557715821   0.542693573375
8.552   0.545557715821   0.542693573375
8.648   0.545557715821   0.542693573375
8.744   0.545557715821   0.542693573375
8.84   0.545557715821   0.542693573375
8.936   0.545557715821   0.542693573375
9.032   0.545557715821   0.542693573375
9.128   0.545557715821   0.542693573375
9.224   0.545557715821   0.542693573375
9.32   0.545557715821   0.542693573375
9.416   0.545557715821   0.542693573375
9.512   0.545557715821   0.542693573375
9.608   0.545557715821   0.542693573375
9.704   0.545557715821   0.542693573375
