0.2   0.562952636468   0.397569917537
0.296   0.558667799577   0.444037770199
0.392   0.55497155714   0.474657310316
0.488   0.55185644148   0.495292130278
0.584   0.549300715501   0.509060882091
0.68   0.547271277078   0.518033840384
0.776   0.545724397159   0.523747779343
0.872   0.544604306468   0.527318188699
0.968   0.543841222491   0.529507770537
1.064   0.543354004361   0.53082208525
1.16   0.543061197034   0.531593865117
1.256   0.542893798034   0.532038505611
1.352   0.542800851242   0.532291647429
1.448   0.542750563828   0.532434402302
1.544   0.542723701227   0.532514578463
1.64   0.54270945665   0.532559511439
1.736   0.542701934233   0.532584666405
1.832   0.542697970805   0.532598742133
1.928   0.542695885168   0.532606616767
2.024   0.542694788417   0.532611021906
2.12   0.542694211896   0.532613486144
2.216   0.542693908902   0.53261486465
2.312   0.542693749679   0.532615635802
2.408   0.542693666013   0.532616067198
2.504   0.54269362205   0.532616308531
2.6   0.54269359895   0.532616443538
2.696   0.542693586813   0.532616519066
2.792   0.542693580436   0.532616561318
2.888   0.542693577085   0.532616584955
2.984   0.542693575324   0.532616598178
3.08   0.542693574399   0.532616605576
3.176   0.542693573913   0.532616609714
3.272   0.542693573657   0.53261661203
3.368   0.542693573523   0.532616613325
3.464   0.542693573453   0.532616614049
3.56   0.542693573416   0.532616614455
3.656   0.542693573396   0.532616614682
3.752   0.542693573386   0.532616614808
3.848   0.542693573381   0.532616614879
3.944   0.542693573378   0.532616614919
4.04   0.542693573376   0.532616614941
4.136   0.542693573376   0.532616614954
4.232   0.542693573375   0.532616614961
4.328   0.542693573375   0.532616614965
4.424   0.542693573375   0.532616614967
4.52   0.542693573375   0.532616614968
4.616   0.542693573375   0.532616614969
4.712   0.542693573375   0.532616614969
4.808   0.542693573375   0.532616614969
4.904   0.542693573375   0.532616614969
5.0   0.542693573375   0.532616614969
5.096   0.542693573375   0.532616614969
5.192   0.542693573375   0.532616614969
5.288   0.542693573375   0.532616614969
5.384   0.542693573375   0.532616614969
5.48   0.542693573375   0.53261661497
5.576   0.542693573375   0.53261661497
5.672   0.542693573375   0.53261661497
5.768   0.542693573375   0.53261661497
5.864   0.542693573375   0.53261661497
5.96   0.542693573375   0.53261661497
6.056   0.542693573375   0.53261661497
6.152   0.542693573375   0.53261661497
6.248   0.542693573375   0.53261661497
6.344   0.542693573375   0.53261661497
6.44   0.542693573375   0.53261661497
6.536   0.542693573375   0.53261661497
6.632   0.542693573375   0.53261661497
6.728   0.542693573375   0.53261661497
6.824   0.542693573375   0.53261661497
6.92   0.542693573375   0.53261661497
7.016   0.542693573375   0.53261661497
7.112   0.542693573375   0.53261661497
7.208   0.542693573375   0.53261661497
7.304   0.542693573375   0.53261661497
7.4   0.542693573375   0.53261661497
7.496   0.542693573375   0.53261661497
7.592   0.542693573375   0.53261661497
7.688   0.542693573375   0.53261661497
7.784   0.542693573375   0.53261661497
7.88   0.542693573375   0.53261661497
7.976   0.542693573375   0.53261661497
8.072   0.542693573375   0.53261661497
8.168   0.542693573375   0.53261661497
8.264   0.542693573375   0.53261661497
8.36   0.542693573375   0.53261661497
8.456   0.542693573375   0.53261661497
8.552   0.542693573375   0.53261661497
8.648   0.542693573375   0.53261661497
8.744   0.542693573375   0.53261661497
8.84   0.542693573375   0.53261661497
8.936   0.542693573375   0.53261661497
9.032   0.542693573375   0.53261661497
9.128   0.542693573375   0.53261661497
9.224   0.542693573375   0.53261661497
9.32   0.542693573375   0.53261661497
9.416   0.542693573375   0.53261661497
9.512   0.542693573375   0.53261661497
9.608   0.542693573375   0.53261661497
9.704   0.542693573375   0.53261661497
