0.2   0.566494621741   0.444682223784
0.296   0.563993906863   0.485338616625
0.392   0.562118108031   0.510549765081
0.488   0.560837942985   0.525625334617
0.584   0.560062744927   0.533954995254
0.68   0.559648677701   0.538268503601
0.776   0.559450335743   0.540444078373
0.872   0.559361118698   0.541540511595
0.968   0.559322905224   0.542097838831
1.064   0.559306853003   0.542383984331
1.16   0.559300172796   0.542532038102
1.256   0.559297404849   0.542609040278
1.352   0.559296260207   0.542649267904
1.448   0.559295787274   0.542670328224
1.544   0.559295591949   0.542681370169
1.64   0.559295511291   0.542687164628
1.736   0.559295477987   0.542690206985
1.832   0.559295464236   0.542691804859
1.928   0.559295458559   0.542692644229
2.024   0.559295456215   0.542693085198
2.12   0.559295455247   0.54269331688
2.216   0.559295454847   0.542693438607
2.312   0.559295454682   0.542693502564
2.408   0.559295454614   0.542693536169
2.504   0.559295454586   0.542693553826
2.6   0.559295454574   0.542693563103
2.696   0.559295454569   0.542693567978
2.792   0.559295454567   0.542693570539
2.888   0.559295454567   0.542693571885
2.984   0.559295454566   0.542693572592
3.08   0.559295454566   0.542693572963
3.176   0.559295454566   0.542693573159
3.272   0.559295454566   0.542693573261
3.368   0.559295454566   0.542693573315
3.464   0.559295454566   0.542693573343
3.56   0.559295454566   0.542693573358
3.656   0.559295454566   0.542693573366
3.752   0.559295454566   0.54269357337
3.848   0.559295454566   0.542693573372
3.944   0.559295454566   0.542693573373
4.04   0.559295454566   0.542693573374
4.136   0.559295454566   0.542693573374
4.232   0.559295454566   0.542693573374
4.328   0.559295454566   0.542693573375
4.424   0.559295454566   0.542693573375
4.52   0.559295454566   0.542693573375
4.616   0.559295454566   0.542693573375
4.712   0.559295454566   0.542693573375
4.808   0.559295454566   0.542693573375
4.904   0.559295454566   0.542693573375
5.0   0.559295454566   0.542693573375
5.096   0.559295454566   0.542693573375
5.192   0.559295454566   0.542693573375
5.288   0.559295454566   0.542693573375
5.384   0.559295454566   0.542693573375
5.48   0.559295454566   0.542693573375
5.576   0.559295454566   0.542693573375
5.672   0.559295454566   0.542693573375
5.768   0.559295454566   0.542693573375
5.864   0.559295454566   0.542693573375
5.96   0.559295454566   0.542693573375
6.056   0.559295454566   0.542693573375
6.152   0.559295454566   0.542693573375
6.248   0.559295454566   0.542693573375
6.344   0.559295454566   0.542693573375
6.44   0.559295454566   0.542693573375
6.536   0.559295454566   0.542693573375
6.632   0.559295454566   0.542693573375
6.728   0.559295454566   0.542693573375
6.824   0.559295454566   0.542693573375
6.92   0.559295454566   0.542693573375
7.016   0.559295454566   0.542693573375
7.112   0.559295454566   0.542693573375
7.208   0.559295454566   0.542693573375
7.304   0.559295454566   0.542693573375
7.4   0.559295454566   0.542693573375
7.496   0.559295454566   0.542693573375
7.592   0.559295454566   0.542693573375
7.688   0.559295454566   0.542693573375
7.784   0.559295454566   0.542693573375
7.88   0.559295454566   0.542693573375
7.976   0.559295454566   0.542693573375
8.072   0.559295454566   0.542693573375
8.168   0.559295454566   0.542693573375
8.264   0.559295454566   0.542693573375
8.36   0.559295454566   0.542693573375
8.456   0.559295454566   0.542693573375
8.552   0.559295454566   0.542693573375
8.648   0.559295454566   0.542693573375
8.744   0.559295454566   0.542693573375
8.84   0.559295454566   0.542693573375
8.936   0.559295454566   0.542693573375
9.032   0.559295454566   0.542693573375
9.128   0.559295454566   0.542693573375
9.224   0.559295454566   0.542693573375
9.32   0.559295454566   0.542693573375
9.416   0.559295454566   0.542693573375
9.512   0.559295454566   0.542693573375
9.608   0.559295454566   0.542693573375
9.704   0.559295454566   0.542693573375
