0.2   0.565745455695   0.443921167975
0.296   0.562832115033   0.482643864241
0.392   0.560505355812   0.507461686913
0.488   0.558753363045   0.522990009277
0.584   0.557534995035   0.532106511518
0.68   0.556767326394   0.537134498538
0.776   0.556331637685   0.539802765701
0.872   0.55610605067   0.541193524162
0.968   0.555996762809   0.541914012151
1.064   0.555945649097   0.542287339543
1.16   0.55592234938   0.542481367821
1.256   0.555911840841   0.542582496048
1.352   0.555907126263   0.542635349016
1.448   0.555905016512   0.542663025283
1.544   0.555904073567   0.54267753662
1.64   0.555903652366   0.542685151578
1.736   0.555903464274   0.542689149661
1.832   0.555903380289   0.542691249434
1.928   0.555903342792   0.54269235243
2.024   0.555903326051   0.542692931891
2.12   0.555903318577   0.542693236331
2.216   0.55590331524   0.542693396285
2.312   0.55590331375   0.542693480327
2.408   0.555903313085   0.542693524485
2.504   0.555903312788   0.542693547687
2.6   0.555903312655   0.542693559877
2.696   0.555903312596   0.542693566283
2.792   0.55590331257   0.542693569648
2.888   0.555903312558   0.542693571417
2.984   0.555903312553   0.542693572346
3.08   0.55590331255   0.542693572834
3.176   0.555903312549   0.542693573091
3.272   0.555903312549   0.542693573225
3.368   0.555903312549   0.542693573296
3.464   0.555903312549   0.542693573333
3.56   0.555903312548   0.542693573353
3.656   0.555903312548   0.542693573363
3.752   0.555903312548   0.542693573369
3.848   0.555903312548   0.542693573372
3.944   0.555903312548   0.542693573373
4.04   0.555903312548   0.542693573374
4.136   0.555903312548   0.542693573374
4.232   0.555903312548   0.542693573374
4.328   0.555903312548   0.542693573375
4.424   0.555903312548   0.542693573375
4.52   0.555903312548   0.542693573375
4.616   0.555903312548   0.542693573375
4.712   0.555903312548   0.542693573375
4.808   0.555903312548   0.542693573375
4.904   0.555903312548   0.542693573375
5.0   0.555903312548   0.542693573375
5.096   0.555903312548   0.542693573375
5.192   0.555903312548   0.542693573375
5.288   0.555903312548   0.542693573375
5.384   0.555903312548   0.542693573375
5.48   0.555903312548   0.542693573375
5.576   0.555903312548   0.542693573375
5.672   0.555903312548   0.542693573375
5.768   0.555903312548   0.542693573375
5.864   0.555903312548   0.542693573375
5.96   0.555903312548   0.542693573375
6.056   0.555903312548   0.542693573375
6.152   0.555903312548   0.542693573375
6.248   0.555903312548   0.542693573375
6.344   0.555903312548   0.542693573375
6.44   0.555903312548   0.542693573375
6.536   0.555903312548   0.542693573375
6.632   0.555903312548   0.542693573375
6.728   0.555903312548   0.542693573375
6.824   0.555903312548   0.542693573375
6.92   0.555903312548   0.542693573375
7.016   0.555903312548   0.542693573375
7.112   0.555903312548   0.542693573375
7.208   0.555903312548   0.542693573375
7.304   0.555903312548   0.542693573375
7.4   0.555903312548   0.542693573375
7.496   0.555903312548   0.542693573375
7.592   0.555903312548   0.542693573375
7.688   0.555903312548   0.542693573375
7.784   0.555903312548   0.542693573375
7.88   0.555903312548   0.542693573375
7.976   0.555903312548   0.542693573375
8.072   0.555903312548   0.542693573375
8.168   0.555903312548   0.542693573375
8.264   0.555903312548   0.542693573375
8.36   0.555903312548   0.542693573375
8.456   0.555903312548   0.542693573375
8.552   0.555903312548   0.542693573375
8.648   0.555903312548   0.542693573375
8.744   0.555903312548   0.542693573375
8.84   0.555903312548   0.542693573375
8.936   0.555903312548   0.542693573375
9.032   0.555903312548   0.542693573375
9.128   0.555903312548   0.542693573375
9.224   0.555903312548   0.542693573375
9.32   0.555903312548   0.542693573375
9.416   0.555903312548   0.542693573375
9.512   0.555903312548   0.542693573375
9.608   0.555903312548   0.542693573375
9.704   0.555903312548   0.542693573375
