0.2   0.564887209457   0.41998700794
0.296   0.561472024932   0.466505843724
0.392   0.558581408513   0.496033500021
0.488   0.556201331448   0.514919260827
0.584   0.554306694354   0.526599822811
0.68   0.552861894273   0.533541005716
0.776   0.551820310828   0.537566309606
0.872   0.551120816874   0.539867633483
0.968   0.550687088722   0.541161686414
1.064   0.550438255919   0.541874457542
1.16   0.550304426571   0.542259347366
1.256   0.550234936388   0.542464668234
1.352   0.550200001979   0.542573150463
1.448   0.550182684574   0.542630279126
1.544   0.550174164472   0.542660317693
1.64   0.550169989103   0.542676102111
1.736   0.550167947074   0.542684394647
1.832   0.550166949426   0.542688751088
1.928   0.550166462275   0.542691039781
2.024   0.550166224463   0.542692242211
2.12   0.550166108386   0.542692873962
2.216   0.550166051733   0.542693205889
2.312   0.550166024083   0.542693380289
2.408   0.550166010589   0.542693471922
2.504   0.550166004003   0.542693520069
2.6   0.550166000789   0.542693545366
2.696   0.55016599922   0.542693558658
2.792   0.550165998455   0.542693565642
2.888   0.550165998081   0.542693569312
2.984   0.550165997899   0.54269357124
3.08   0.55016599781   0.542693572253
3.176   0.550165997767   0.542693572785
3.272   0.550165997745   0.542693573065
3.368   0.550165997735   0.542693573212
3.464   0.55016599773   0.542693573289
3.56   0.550165997727   0.54269357333
3.656   0.550165997726   0.542693573351
3.752   0.550165997726   0.542693573362
3.848   0.550165997725   0.542693573368
3.944   0.550165997725   0.542693573371
4.04   0.550165997725   0.542693573373
4.136   0.550165997725   0.542693573374
4.232   0.550165997725   0.542693573374
4.328   0.550165997725   0.542693573374
4.424   0.550165997725   0.542693573375
4.52   0.550165997725   0.542693573375
4.616   0.550165997725   0.542693573375
4.712   0.550165997725   0.542693573375
4.808   0.550165997725   0.542693573375
4.904   0.550165997725   0.542693573375
5.0   0.550165997725   0.542693573375
5.096   0.550165997725   0.542693573375
5.192   0.550165997725   0.542693573375
5.288   0.550165997725   0.542693573375
5.384   0.550165997725   0.542693573375
5.48   0.550165997725   0.542693573375
5.576   0.550165997725   0.542693573375
5.672   0.550165997725   0.542693573375
5.768   0.550165997725   0.542693573375
5.864   0.550165997725   0.542693573375
5.96   0.550165997725   0.542693573375
6.056   0.550165997725   0.542693573375
6.152   0.550165997725   0.542693573375
6.248   0.550165997725   0.542693573375
6.344   0.550165997725   0.542693573375
6.44   0.550165997725   0.542693573375
6.536   0.550165997725   0.542693573375
6.632   0.550165997725   0.542693573375
6.728   0.550165997725   0.542693573375
6.824   0.550165997725   0.542693573375
6.92   0.550165997725   0.542693573375
7.016   0.550165997725   0.542693573375
7.112   0.550165997725   0.542693573375
7.208   0.550165997725   0.542693573375
7.304   0.550165997725   0.542693573375
7.4   0.550165997725   0.542693573375
7.496   0.550165997725   0.542693573375
7.592   0.550165997725   0.542693573375
7.688   0.550165997725   0.542693573375
7.784   0.550165997725   0.542693573375
7.88   0.550165997725   0.542693573375
7.976   0.550165997725   0.542693573375
8.072   0.550165997725   0.542693573375
8.168   0.550165997725   0.542693573375
8.264   0.550165997725   0.542693573375
8.36   0.550165997725   0.542693573375
8.456   0.550165997725   0.542693573375
8.552   0.550165997725   0.542693573375
8.648   0.550165997725   0.542693573375
8.744   0.550165997725   0.542693573375
8.84   0.550165997725   0.542693573375
8.936   0.550165997725   0.542693573375
9.032   0.550165997725   0.542693573375
9.128   0.550165997725   0.542693573375
9.224   0.550165997725   0.542693573375
9.32   0.550165997725   0.542693573375
9.416   0.550165997725   0.542693573375
9.512   0.550165997725   0.542693573375
9.608   0.550165997725   0.542693573375
9.704   0.550165997725   0.542693573375
