0.2   0.561755546142   0.378901314399
0.296   0.557069284519   0.424769474079
0.392   0.553127292523   0.455467346065
0.488   0.549939033296   0.476463939343
0.584   0.547483893318   0.490701806888
0.68   0.545702174566   0.500115204246
0.776   0.54449283242   0.506150080237
0.872   0.543725453613   0.509911095648
0.968   0.54326679866   0.512204791037
1.064   0.543005294806   0.513583831551
1.16   0.542860576809   0.514406372814
1.256   0.542782305435   0.514895147222
1.352   0.542740490017   0.515185268659
1.448   0.542718311531   0.515357437082
1.544   0.542706596895   0.515459654572
1.64   0.542700423688   0.515520374665
1.736   0.542697174866   0.5155564618
1.832   0.542695466321   0.515577917522
1.928   0.542694568163   0.515590677856
2.024   0.542694096117   0.515598268405
2.12   0.542693848054   0.515602784352
2.216   0.542693717704   0.515605471356
2.312   0.542693649211   0.515607070243
2.408   0.542693613222   0.515608021694
2.504   0.542693594311   0.515608587892
2.6   0.542693584376   0.515608924836
2.696   0.542693579155   0.515609125354
2.792   0.542693576412   0.515609244685
2.888   0.54269357497   0.515609315701
2.984   0.542693574213   0.515609357963
3.08   0.542693573815   0.515609383115
3.176   0.542693573606   0.515609398083
3.272   0.542693573496   0.51560940699
3.368   0.542693573439   0.515609412292
3.464   0.542693573408   0.515609415446
3.56   0.542693573392   0.515609417324
3.656   0.542693573384   0.515609418441
3.752   0.54269357338   0.515609419106
3.848   0.542693573377   0.515609419502
3.944   0.542693573376   0.515609419737
4.04   0.542693573375   0.515609419878
4.136   0.542693573375   0.515609419961
4.232   0.542693573375   0.515609420011
4.328   0.542693573375   0.51560942004
4.424   0.542693573375   0.515609420058
4.52   0.542693573375   0.515609420068
4.616   0.542693573375   0.515609420074
4.712   0.542693573375   0.515609420078
4.808   0.542693573375   0.51560942008
4.904   0.542693573375   0.515609420082
5.0   0.542693573375   0.515609420082
5.096   0.542693573375   0.515609420083
5.192   0.542693573375   0.515609420083
5.288   0.542693573375   0.515609420083
5.384   0.542693573375   0.515609420083
5.48   0.542693573375   0.515609420084
5.576   0.542693573375   0.515609420084
5.672   0.542693573375   0.515609420084
5.768   0.542693573375   0.515609420084
5.864   0.542693573375   0.515609420084
5.96   0.542693573375   0.515609420084
6.056   0.542693573375   0.515609420084
6.152   0.542693573375   0.515609420084
6.248   0.542693573375   0.515609420084
6.344   0.542693573375   0.515609420084
6.44   0.542693573375   0.515609420084
6.536   0.542693573375   0.515609420084
6.632   0.542693573375   0.515609420084
6.728   0.542693573375   0.515609420084
6.824   0.542693573375   0.515609420084
6.92   0.542693573375   0.515609420084
7.016   0.542693573375   0.515609420084
7.112   0.542693573375   0.515609420084
7.208   0.542693573375   0.515609420084
7.304   0.542693573375   0.515609420084
7.4   0.542693573375   0.515609420084
7.496   0.542693573375   0.515609420084
7.592   0.542693573375   0.515609420084
7.688   0.542693573375   0.515609420084
7.784   0.542693573375   0.515609420084
7.88   0.542693573375   0.515609420084
7.976   0.542693573375   0.515609420084
8.072   0.542693573375   0.515609420084
8.168   0.542693573375   0.515609420084
8.264   0.542693573375   0.515609420084
8.36   0.542693573375   0.515609420084
8.456   0.542693573375   0.515609420084
8.552   0.542693573375   0.515609420084
8.648   0.542693573375   0.515609420084
8.744   0.542693573375   0.515609420084
8.84   0.542693573375   0.515609420084
8.936   0.542693573375   0.515609420084
9.032   0.542693573375   0.515609420084
9.128   0.542693573375   0.515609420084
9.224   0.542693573375   0.515609420084
9.32   0.542693573375   0.515609420084
9.416   0.542693573375   0.515609420084
9.512   0.542693573375   0.515609420084
9.608   0.542693573375   0.515609420084
9.704   0.542693573375   0.515609420084
