0.2   0.565223324537   0.44550538276
0.296   0.562042804601   0.481872662582
0.392   0.559430577261   0.505788835104
0.488   0.557371610105   0.521220003441
0.584   0.555835574891   0.530662042383
0.68   0.554769511241   0.536130516443
0.776   0.554091900809   0.539177570343
0.872   0.553698976657   0.5408323108
0.968   0.553489233805   0.541714931559
1.064   0.553382644287   0.542180335411
1.16   0.553330788706   0.542424686461
1.256   0.553306045804   0.54255262367
1.352   0.553294360496   0.542619640161
1.448   0.55328887098   0.542654771422
1.544   0.553286298967   0.542673200863
1.64   0.553285095489   0.542682874036
1.736   0.553284532733   0.54268795322
1.832   0.553284269668   0.542690620879
1.928   0.553284146716   0.542692022201
2.024   0.553284089254   0.542692758389
2.12   0.5532840624   0.542693145171
2.216   0.55328404985   0.542693348388
2.312   0.553284043986   0.542693455161
2.408   0.553284041245   0.542693511262
2.504   0.553284039965   0.542693540739
2.6   0.553284039366   0.542693556227
2.696   0.553284039086   0.542693564365
2.792   0.553284038956   0.542693568641
2.888   0.553284038895   0.542693570887
2.984   0.553284038866   0.542693572068
3.08   0.553284038853   0.542693572688
3.176   0.553284038846   0.542693573014
3.272   0.553284038844   0.542693573185
3.368   0.553284038842   0.542693573275
3.464   0.553284038842   0.542693573322
3.56   0.553284038841   0.542693573347
3.656   0.553284038841   0.54269357336
3.752   0.553284038841   0.542693573367
3.848   0.553284038841   0.542693573371
3.944   0.553284038841   0.542693573373
4.04   0.553284038841   0.542693573374
4.136   0.553284038841   0.542693573374
4.232   0.553284038841   0.542693573374
4.328   0.553284038841   0.542693573374
4.424   0.553284038841   0.542693573375
4.52   0.553284038841   0.542693573375
4.616   0.553284038841   0.542693573375
4.712   0.553284038841   0.542693573375
4.808   0.553284038841   0.542693573375
4.904   0.553284038841   0.542693573375
5.0   0.553284038841   0.542693573375
5.096   0.553284038841   0.542693573375
5.192   0.553284038841   0.542693573375
5.288   0.553284038841   0.542693573375
5.384   0.553284038841   0.542693573375
5.48   0.553284038841   0.542693573375
5.576   0.553284038841   0.542693573375
5.672   0.553284038841   0.542693573375
5.768   0.553284038841   0.542693573375
5.864   0.553284038841   0.542693573375
5.96   0.553284038841   0.542693573375
6.056   0.553284038841   0.542693573375
6.152   0.553284038841   0.542693573375
6.248   0.553284038841   0.542693573375
6.344   0.553284038841   0.542693573375
6.44   0.553284038841   0.542693573375
6.536   0.553284038841   0.542693573375
6.632   0.553284038841   0.542693573375
6.728   0.553284038841   0.542693573375
6.824   0.553284038841   0.542693573375
6.92   0.553284038841   0.542693573375
7.016   0.553284038841   0.542693573375
7.112   0.553284038841   0.542693573375
7.208   0.553284038841   0.542693573375
7.304   0.553284038841   0.542693573375
7.4   0.553284038841   0.542693573375
7.496   0.553284038841   0.542693573375
7.592   0.553284038841   0.542693573375
7.688   0.553284038841   0.542693573375
7.784   0.553284038841   0.542693573375
7.88   0.553284038841   0.542693573375
7.976   0.553284038841   0.542693573375
8.072   0.553284038841   0.542693573375
8.168   0.553284038841   0.542693573375
8.264   0.553284038841   0.542693573375
8.36   0.553284038841   0.542693573375
8.456   0.553284038841   0.542693573375
8.552   0.553284038841   0.542693573375
8.648   0.553284038841   0.542693573375
8.744   0.553284038841   0.542693573375
8.84   0.553284038841   0.542693573375
8.936   0.553284038841   0.542693573375
9.032   0.553284038841   0.542693573375
9.128   0.553284038841   0.542693573375
9.224   0.553284038841   0.542693573375
9.32   0.553284038841   0.542693573375
9.416   0.553284038841   0.542693573375
9.512   0.553284038841   0.542693573375
9.608   0.553284038841   0.542693573375
9.704   0.553284038841   0.542693573375
