0.2   0.565002835438   0.44513226634
0.296   0.561710331874   0.480955812485
0.392   0.558979286086   0.504714454513
0.488   0.556791803956   0.520214929808
0.584   0.555117907325   0.529851364505
0.68   0.553911861702   0.53554746492
0.776   0.553107009195   0.538795881649
0.872   0.552614332633   0.540601326527
0.968   0.552336951385   0.541583284493
1.064   0.552191072682   0.542108280172
1.16   0.55211721687   0.542385964746
1.256   0.552081016823   0.542532176775
1.352   0.552063522329   0.54260881134
1.448   0.552055130422   0.542649072452
1.544   0.552051120323   0.54267020474
1.64   0.552049207803   0.542681299552
1.736   0.552048296562   0.542687125943
1.832   0.552047862603   0.542690186224
1.928   0.552047655989   0.542691793831
2.024   0.552047557629   0.542692638401
2.12   0.552047510807   0.542693082127
2.216   0.552047488519   0.542693315263
2.312   0.552047477909   0.542693437757
2.408   0.552047472859   0.542693502117
2.504   0.552047470456   0.542693535934
2.6   0.552047469311   0.542693553702
2.696   0.552047468767   0.542693563038
2.792   0.552047468507   0.542693567944
2.888   0.552047468384   0.542693570521
2.984   0.552047468325   0.542693571875
3.08   0.552047468297   0.542693572587
3.176   0.552047468284   0.542693572961
3.272   0.552047468278   0.542693573157
3.368   0.552047468275   0.54269357326
3.464   0.552047468273   0.542693573315
3.56   0.552047468273   0.542693573343
3.656   0.552047468272   0.542693573358
3.752   0.552047468272   0.542693573366
3.848   0.552047468272   0.54269357337
3.944   0.552047468272   0.542693573372
4.04   0.552047468272   0.542693573373
4.136   0.552047468272   0.542693573374
4.232   0.552047468272   0.542693573374
4.328   0.552047468272   0.542693573374
4.424   0.552047468272   0.542693573375
4.52   0.552047468272   0.542693573375
4.616   0.552047468272   0.542693573375
4.712   0.552047468272   0.542693573375
4.808   0.552047468272   0.542693573375
4.904   0.552047468272   0.542693573375
5.0   0.552047468272   0.542693573375
5.096   0.552047468272   0.542693573375
5.192   0.552047468272   0.542693573375
5.288   0.552047468272   0.542693573375
5.384   0.552047468272   0.542693573375
5.48   0.552047468272   0.542693573375
5.576   0.552047468272   0.542693573375
5.672   0.552047468272   0.542693573375
5.768   0.552047468272   0.542693573375
5.864   0.552047468272   0.542693573375
5.96   0.552047468272   0.542693573375
6.056   0.552047468272   0.542693573375
6.152   0.552047468272   0.542693573375
6.248   0.552047468272   0.542693573375
6.344   0.552047468272   0.542693573375
6.44   0.552047468272   0.542693573375
6.536   0.552047468272   0.542693573375
6.632   0.552047468272   0.542693573375
6.728   0.552047468272   0.542693573375
6.824   0.552047468272   0.542693573375
6.92   0.552047468272   0.542693573375
7.016   0.552047468272   0.542693573375
7.112   0.552047468272   0.542693573375
7.208   0.552047468272   0.542693573375
7.304   0.552047468272   0.542693573375
7.4   0.552047468272   0.542693573375
7.496   0.552047468272   0.542693573375
7.592   0.552047468272   0.542693573375
7.688   0.552047468272   0.542693573375
7.784   0.552047468272   0.542693573375
7.88   0.552047468272   0.542693573375
7.976   0.552047468272   0.542693573375
8.072   0.552047468272   0.542693573375
8.168   0.552047468272   0.542693573375
8.264   0.552047468272   0.542693573375
8.36   0.552047468272   0.542693573375
8.456   0.552047468272   0.542693573375
8.552   0.552047468272   0.542693573375
8.648   0.552047468272   0.542693573375
8.744   0.552047468272   0.542693573375
8.84   0.552047468272   0.542693573375
8.936   0.552047468272   0.542693573375
9.032   0.552047468272   0.542693573375
9.128   0.552047468272   0.542693573375
9.224   0.552047468272   0.542693573375
9.32   0.552047468272   0.542693573375
9.416   0.552047468272   0.542693573375
9.512   0.552047468272   0.542693573375
9.608   0.552047468272   0.542693573375
9.704   0.552047468272   0.542693573375
