0.2   0.564708011725   0.42824486038
0.296   0.561224474854   0.470325864732
0.392   0.558272964409   0.497670029587
0.488   0.555835566767   0.515459242668
0.584   0.553882678383   0.526642823988
0.68   0.552376153182   0.533406493447
0.776   0.551269747316   0.537402226348
0.872   0.550506974024   0.539731362391
0.968   0.550019128226   0.541066932136
1.064   0.549730210523   0.541815650205
1.16   0.549570630332   0.542225319562
1.256   0.549485831008   0.542445920248
1.352   0.549442491088   0.542563046904
1.448   0.549420718205   0.542624899916
1.544   0.549409882093   0.542657472291
1.64   0.54940451588   0.54267460205
1.736   0.549401865342   0.542683605175
1.832   0.549400557914   0.542688335945
1.928   0.549399913443   0.542690821569
2.024   0.549399595875   0.542692127535
2.12   0.549399439419   0.542692813702
2.216   0.549399362345   0.542693174225
2.312   0.549399324378   0.542693363651
2.408   0.549399305676   0.54269346318
2.504   0.549399296464   0.542693515475
2.6   0.549399291926   0.542693542953
2.696   0.549399289691   0.54269355739
2.792   0.54939928859   0.542693564976
2.888   0.549399288048   0.542693568962
2.984   0.549399287781   0.542693571056
3.08   0.549399287649   0.542693572156
3.176   0.549399287584   0.542693572735
3.272   0.549399287552   0.542693573038
3.368   0.549399287537   0.542693573198
3.464   0.549399287529   0.542693573282
3.56   0.549399287525   0.542693573326
3.656   0.549399287523   0.542693573349
3.752   0.549399287522   0.542693573361
3.848   0.549399287522   0.542693573368
3.944   0.549399287521   0.542693573371
4.04   0.549399287521   0.542693573373
4.136   0.549399287521   0.542693573374
4.232   0.549399287521   0.542693573374
4.328   0.549399287521   0.542693573374
4.424   0.549399287521   0.542693573375
4.52   0.549399287521   0.542693573375
4.616   0.549399287521   0.542693573375
4.712   0.549399287521   0.542693573375
4.808   0.549399287521   0.542693573375
4.904   0.549399287521   0.542693573375
5.0   0.549399287521   0.542693573375
5.096   0.549399287521   0.542693573375
5.192   0.549399287521   0.542693573375
5.288   0.549399287521   0.542693573375
5.384   0.549399287521   0.542693573375
5.48   0.549399287521   0.542693573375
5.576   0.549399287521   0.542693573375
5.672   0.549399287521   0.542693573375
5.768   0.549399287521   0.542693573375
5.864   0.549399287521   0.542693573375
5.96   0.549399287521   0.542693573375
6.056   0.549399287521   0.542693573375
6.152   0.549399287521   0.542693573375
6.248   0.549399287521   0.542693573375
6.344   0.549399287521   0.542693573375
6.44   0.549399287521   0.542693573375
6.536   0.549399287521   0.542693573375
6.632   0.549399287521   0.542693573375
6.728   0.549399287521   0.542693573375
6.824   0.549399287521   0.542693573375
6.92   0.549399287521   0.542693573375
7.016   0.549399287521   0.542693573375
7.112   0.549399287521   0.542693573375
7.208   0.549399287521   0.542693573375
7.304   0.549399287521   0.542693573375
7.4   0.549399287521   0.542693573375
7.496   0.549399287521   0.542693573375
7.592   0.549399287521   0.542693573375
7.688   0.549399287521   0.542693573375
7.784   0.549399287521   0.542693573375
7.88   0.549399287521   0.542693573375
7.976   0.549399287521   0.542693573375
8.072   0.549399287521   0.542693573375
8.168   0.549399287521   0.542693573375
8.264   0.549399287521   0.542693573375
8.36   0.549399287521   0.542693573375
8.456   0.549399287521   0.542693573375
8.552   0.549399287521   0.542693573375
8.648   0.549399287521   0.542693573375
8.744   0.549399287521   0.542693573375
8.84   0.549399287521   0.542693573375
8.936   0.549399287521   0.542693573375
9.032   0.549399287521   0.542693573375
9.128   0.549399287521   0.542693573375
9.224   0.549399287521   0.542693573375
9.32   0.549399287521   0.542693573375
9.416   0.549399287521   0.542693573375
9.512   0.549399287521   0.542693573375
9.608   0.549399287521   0.542693573375
9.704   0.549399287521   0.542693573375
