0.2   0.566365857374   0.458053870342
0.296   0.56383624654   0.492024831115
0.392   0.561945387308   0.513810716712
0.488   0.560658112782   0.527125995804
0.584   0.559879176397   0.534622543169
0.68   0.559462528375   0.538569729029
0.776   0.559262289339   0.540585316864
0.872   0.559171819934   0.541609267228
0.968   0.559132875267   0.542132269285
1.064   0.559116430986   0.542401547286
1.16   0.559109551894   0.542541083627
1.256   0.559106686684   0.542613754882
1.352   0.559105495661   0.542651730154
1.448   0.559105001013   0.542671617453
1.544   0.559104795661   0.542682046214
1.64   0.559104710425   0.542687519438
1.736   0.559104675048   0.542690393293
1.832   0.559104660365   0.542691902715
1.928   0.559104654272   0.542692695635
2.024   0.559104651743   0.542693112206
2.12   0.559104650693   0.542693331069
2.216   0.559104650258   0.542693446062
2.312   0.559104650077   0.542693506481
2.408   0.559104650002   0.542693538227
2.504   0.559104649971   0.542693554907
2.6   0.559104649958   0.542693563671
2.696   0.559104649953   0.542693568276
2.792   0.55910464995   0.542693570696
2.888   0.559104649949   0.542693571967
2.984   0.559104649949   0.542693572635
3.08   0.559104649949   0.542693572986
3.176   0.559104649949   0.54269357317
3.272   0.559104649949   0.542693573267
3.368   0.559104649949   0.542693573318
3.464   0.559104649949   0.542693573345
3.56   0.559104649949   0.542693573359
3.656   0.559104649949   0.542693573366
3.752   0.559104649949   0.54269357337
3.848   0.559104649949   0.542693573372
3.944   0.559104649949   0.542693573373
4.04   0.559104649949   0.542693573374
4.136   0.559104649949   0.542693573374
4.232   0.559104649949   0.542693573374
4.328   0.559104649949   0.542693573375
4.424   0.559104649949   0.542693573375
4.52   0.559104649949   0.542693573375
4.616   0.559104649949   0.542693573375
4.712   0.559104649949   0.542693573375
4.808   0.559104649949   0.542693573375
4.904   0.559104649949   0.542693573375
5.0   0.559104649949   0.542693573375
5.096   0.559104649949   0.542693573375
5.192   0.559104649949   0.542693573375
5.288   0.559104649949   0.542693573375
5.384   0.559104649949   0.542693573375
5.48   0.559104649949   0.542693573375
5.576   0.559104649949   0.542693573375
5.672   0.559104649949   0.542693573375
5.768   0.559104649949   0.542693573375
5.864   0.559104649949   0.542693573375
5.96   0.559104649949   0.542693573375
6.056   0.559104649949   0.542693573375
6.152   0.559104649949   0.542693573375
6.248   0.559104649949   0.542693573375
6.344   0.559104649949   0.542693573375
6.44   0.559104649949   0.542693573375
6.536   0.559104649949   0.542693573375
6.632   0.559104649949   0.542693573375
6.728   0.559104649949   0.542693573375
6.824   0.559104649949   0.542693573375
6.92   0.559104649949   0.542693573375
7.016   0.559104649949   0.542693573375
7.112   0.559104649949   0.542693573375
7.208   0.559104649949   0.542693573375
7.304   0.559104649949   0.542693573375
7.4   0.559104649949   0.542693573375
7.496   0.559104649949   0.542693573375
7.592   0.559104649949   0.542693573375
7.688   0.559104649949   0.542693573375
7.784   0.559104649949   0.542693573375
7.88   0.559104649949   0.542693573375
7.976   0.559104649949   0.542693573375
8.072   0.559104649949   0.542693573375
8.168   0.559104649949   0.542693573375
8.264   0.559104649949   0.542693573375
8.36   0.559104649949   0.542693573375
8.456   0.559104649949   0.542693573375
8.552   0.559104649949   0.542693573375
8.648   0.559104649949   0.542693573375
8.744   0.559104649949   0.542693573375
8.84   0.559104649949   0.542693573375
8.936   0.559104649949   0.542693573375
9.032   0.559104649949   0.542693573375
9.128   0.559104649949   0.542693573375
9.224   0.559104649949   0.542693573375
9.32   0.559104649949   0.542693573375
9.416   0.559104649949   0.542693573375
9.512   0.559104649949   0.542693573375
9.608   0.559104649949   0.542693573375
9.704   0.559104649949   0.542693573375
