0.2   0.561760319466   0.390946198087
0.296   0.557088151381   0.432592277427
0.392   0.553160177278   0.460968359769
0.488   0.549980992765   0.480580122322
0.584   0.547527419863   0.493962441558
0.68   0.545740311425   0.502843501398
0.776   0.544521738716   0.508549008174
0.872   0.543744884902   0.512107120537
0.968   0.543278732635   0.514275455122
1.064   0.543012206069   0.515576448284
1.16   0.542864405658   0.51634990689
1.256   0.542784378709   0.516807961848
1.352   0.542741597876   0.517078600714
1.448   0.54271889908   0.517238436634
1.544   0.542706907194   0.51733292328
1.64   0.542700587186   0.517388757483
1.736   0.542697260904   0.51742177508
1.832   0.542695511566   0.517441306793
1.928   0.542694591946   0.517452863916
2.024   0.542694108617   0.5174597037
2.12   0.542693854622   0.517463752194
2.216   0.542693721155   0.517466148734
2.312   0.542693651024   0.517467567474
2.408   0.542693614174   0.517468407396
2.504   0.542693594812   0.51746890466
2.6   0.542693584639   0.517469199063
2.696   0.542693579293   0.517469373365
2.792   0.542693576484   0.517469476562
2.888   0.542693575009   0.517469537661
2.984   0.542693574233   0.517469573835
3.08   0.542693573826   0.517469595252
3.176   0.542693573612   0.517469607933
3.272   0.542693573499   0.51746961544
3.368   0.54269357344   0.517469619885
3.464   0.542693573409   0.517469622517
3.56   0.542693573393   0.517469624075
3.656   0.542693573384   0.517469624998
3.752   0.54269357338   0.517469625544
3.848   0.542693573377   0.517469625867
3.944   0.542693573376   0.517469626059
4.04   0.542693573375   0.517469626172
4.136   0.542693573375   0.517469626239
4.232   0.542693573375   0.517469626279
4.328   0.542693573375   0.517469626302
4.424   0.542693573375   0.517469626316
4.52   0.542693573375   0.517469626325
4.616   0.542693573375   0.517469626329
4.712   0.542693573375   0.517469626332
4.808   0.542693573375   0.517469626334
4.904   0.542693573375   0.517469626335
5.0   0.542693573375   0.517469626336
5.096   0.542693573375   0.517469626336
5.192   0.542693573375   0.517469626336
5.288   0.542693573375   0.517469626336
5.384   0.542693573375   0.517469626336
5.48   0.542693573375   0.517469626336
5.576   0.542693573375   0.517469626336
5.672   0.542693573375   0.517469626336
5.768   0.542693573375   0.517469626336
5.864   0.542693573375   0.517469626336
5.96   0.542693573375   0.517469626336
6.056   0.542693573375   0.517469626336
6.152   0.542693573375   0.517469626336
6.248   0.542693573375   0.517469626336
6.344   0.542693573375   0.517469626336
6.44   0.542693573375   0.517469626336
6.536   0.542693573375   0.517469626336
6.632   0.542693573375   0.517469626336
6.728   0.542693573375   0.517469626336
6.824   0.542693573375   0.517469626336
6.92   0.542693573375   0.517469626336
7.016   0.542693573375   0.517469626336
7.112   0.542693573375   0.517469626336
7.208   0.542693573375   0.517469626336
7.304   0.542693573375   0.517469626336
7.4   0.542693573375   0.517469626336
7.496   0.542693573375   0.517469626336
7.592   0.542693573375   0.517469626336
7.688   0.542693573375   0.517469626336
7.784   0.542693573375   0.517469626336
7.88   0.542693573375   0.517469626336
7.976   0.542693573375   0.517469626336
8.072   0.542693573375   0.517469626336
8.168   0.542693573375   0.517469626336
8.264   0.542693573375   0.517469626336
8.36   0.542693573375   0.517469626336
8.456   0.542693573375   0.517469626336
8.552   0.542693573375   0.517469626336
8.648   0.542693573375   0.517469626336
8.744   0.542693573375   0.517469626336
8.84   0.542693573375   0.517469626336
8.936   0.542693573375   0.517469626336
9.032   0.542693573375   0.517469626336
9.128   0.542693573375   0.517469626336
9.224   0.542693573375   0.517469626336
9.32   0.542693573375   0.517469626336
9.416   0.542693573375   0.517469626336
9.512   0.542693573375   0.517469626336
9.608   0.542693573375   0.517469626336
9.704   0.542693573375   0.517469626336
