0.2   0.563275908229   0.422883644029
0.296   0.559156548655   0.461107596148
0.392   0.555610816416   0.487099024368
0.488   0.552615976808   0.504885282239
0.584   0.550135584854   0.516827790764
0.68   0.54812429314   0.524643995179
0.776   0.546531933641   0.529672930742
0.872   0.545307061133   0.532888546361
0.968   0.544398626902   0.534938319707
1.064   0.543755645989   0.536233030457
1.16   0.543325287337   0.537034651756
1.256   0.543054409138   0.53751690421
1.352   0.542894081855   0.537797982883
1.448   0.542802128364   0.537957603296
1.544   0.542751586557   0.538046719684
1.64   0.54272434327   0.538095695473
1.736   0.542709824186   0.538122482783
1.832   0.542702135897   0.538137078623
1.928   0.542698079162   0.538145015006
2.024   0.54269594277   0.538149325544
2.12   0.542694818869   0.538151665383
2.216   0.542694227948   0.538152935106
2.312   0.54269391735   0.538153624019
2.408   0.542693754122   0.538153997772
2.504   0.542693668348   0.538154200536
2.6   0.542693623278   0.538154310534
2.696   0.542693599595   0.538154370206
2.792   0.542693587152   0.538154402578
2.888   0.542693580614   0.538154420139
2.984   0.542693577178   0.538154429666
3.08   0.542693575373   0.538154434834
3.176   0.542693574425   0.538154437637
3.272   0.542693573926   0.538154439158
3.368   0.542693573665   0.538154439983
3.464   0.542693573527   0.538154440431
3.56   0.542693573455   0.538154440673
3.656   0.542693573417   0.538154440805
3.752   0.542693573397   0.538154440877
3.848   0.542693573386   0.538154440915
3.944   0.542693573381   0.538154440936
4.04   0.542693573378   0.538154440948
4.136   0.542693573376   0.538154440954
4.232   0.542693573376   0.538154440957
4.328   0.542693573375   0.538154440959
4.424   0.542693573375   0.53815444096
4.52   0.542693573375   0.538154440961
4.616   0.542693573375   0.538154440961
4.712   0.542693573375   0.538154440961
4.808   0.542693573375   0.538154440961
4.904   0.542693573375   0.538154440961
5.0   0.542693573375   0.538154440961
5.096   0.542693573375   0.538154440961
5.192   0.542693573375   0.538154440961
5.288   0.542693573375   0.538154440961
5.384   0.542693573375   0.538154440961
5.48   0.542693573375   0.538154440961
5.576   0.542693573375   0.538154440961
5.672   0.542693573375   0.538154440961
5.768   0.542693573375   0.538154440961
5.864   0.542693573375   0.538154440961
5.96   0.542693573375   0.538154440961
6.056   0.542693573375   0.538154440961
6.152   0.542693573375   0.538154440961
6.248   0.542693573375   0.538154440961
6.344   0.542693573375   0.538154440961
6.44   0.542693573375   0.538154440961
6.536   0.542693573375   0.538154440961
6.632   0.542693573375   0.538154440961
6.728   0.542693573375   0.538154440961
6.824   0.542693573375   0.538154440961
6.92   0.542693573375   0.538154440961
7.016   0.542693573375   0.538154440961
7.112   0.542693573375   0.538154440961
7.208   0.542693573375   0.538154440961
7.304   0.542693573375   0.538154440961
7.4   0.542693573375   0.538154440961
7.496   0.542693573375   0.538154440961
7.592   0.542693573375   0.538154440961
7.688   0.542693573375   0.538154440961
7.784   0.542693573375   0.538154440961
7.88   0.542693573375   0.538154440961
7.976   0.542693573375   0.538154440961
8.072   0.542693573375   0.538154440961
8.168   0.542693573375   0.538154440961
8.264   0.542693573375   0.538154440961
8.36   0.542693573375   0.538154440961
8.456   0.542693573375   0.538154440961
8.552   0.542693573375   0.538154440961
8.648   0.542693573375   0.538154440961
8.744   0.542693573375   0.538154440961
8.84   0.542693573375   0.538154440961
8.936   0.542693573375   0.538154440961
9.032   0.542693573375   0.538154440961
9.128   0.542693573375   0.538154440961
9.224   0.542693573375   0.538154440961
9.32   0.542693573375   0.538154440961
9.416   0.542693573375   0.538154440961
9.512   0.542693573375   0.538154440961
9.608   0.542693573375   0.538154440961
9.704   0.542693573375   0.538154440961
