0.2   0.562452672964   0.415286323789
0.296   0.558023771164   0.452379139014
0.392   0.554246017844   0.478007264063
0.488   0.551108658381   0.495825179575
0.584   0.548585792782   0.507995746802
0.68   0.546637368118   0.51607107674
0.776   0.545206829083   0.521269435145
0.872   0.544218248603   0.524523570933
0.968   0.543578335754   0.526508122668
1.064   0.543189187053   0.527690190009
1.16   0.542964647629   0.528380964659
1.256   0.542839211905   0.528779310705
1.352   0.542771072766   0.529007323236
1.448   0.542734583888   0.529137209633
1.544   0.542715206326   0.529211058664
1.64   0.542704964538   0.529253011371
1.736   0.542699565707   0.529276836696
1.832   0.542696723955   0.529290366326
1.928   0.542695229365   0.529298049537
2.024   0.542694443648   0.529302412902
2.12   0.54269403069   0.52930489102
2.216   0.542693813675   0.529306298495
2.312   0.54269369964   0.52930709791
2.408   0.542693639719   0.52930755197
2.504   0.542693608234   0.529307809876
2.6   0.542693591691   0.529307956367
2.696   0.542693582999   0.529308039576
2.792   0.542693578431   0.529308086839
2.888   0.542693576032   0.529308113685
2.984   0.542693574771   0.529308128934
3.08   0.542693574108   0.529308137595
3.176   0.54269357376   0.529308142515
3.272   0.542693573577   0.52930814531
3.368   0.542693573481   0.529308146897
3.464   0.542693573431   0.529308147799
3.56   0.542693573404   0.529308148311
3.656   0.54269357339   0.529308148602
3.752   0.542693573383   0.529308148767
3.848   0.542693573379   0.529308148861
3.944   0.542693573377   0.529308148914
4.04   0.542693573376   0.529308148944
4.136   0.542693573375   0.529308148962
4.232   0.542693573375   0.529308148971
4.328   0.542693573375   0.529308148977
4.424   0.542693573375   0.52930814898
4.52   0.542693573375   0.529308148982
4.616   0.542693573375   0.529308148983
4.712   0.542693573375   0.529308148983
4.808   0.542693573375   0.529308148984
4.904   0.542693573375   0.529308148984
5.0   0.542693573375   0.529308148984
5.096   0.542693573375   0.529308148984
5.192   0.542693573375   0.529308148984
5.288   0.542693573375   0.529308148984
5.384   0.542693573375   0.529308148984
5.48   0.542693573375   0.529308148984
5.576   0.542693573375   0.529308148984
5.672   0.542693573375   0.529308148984
5.768   0.542693573375   0.529308148984
5.864   0.542693573375   0.529308148984
5.96   0.542693573375   0.529308148984
6.056   0.542693573375   0.529308148984
6.152   0.542693573375   0.529308148984
6.248   0.542693573375   0.529308148984
6.344   0.542693573375   0.529308148984
6.44   0.542693573375   0.529308148984
6.536   0.542693573375   0.529308148984
6.632   0.542693573375   0.529308148984
6.728   0.542693573375   0.529308148984
6.824   0.542693573375   0.529308148984
6.92   0.542693573375   0.529308148984
7.016   0.542693573375   0.529308148984
7.112   0.542693573375   0.529308148984
7.208   0.542693573375   0.529308148984
7.304   0.542693573375   0.529308148984
7.4   0.542693573375   0.529308148984
7.496   0.542693573375   0.529308148984
7.592   0.542693573375   0.529308148984
7.688   0.542693573375   0.529308148984
7.784   0.542693573375   0.529308148984
7.88   0.542693573375   0.529308148984
7.976   0.542693573375   0.529308148984
8.072   0.542693573375   0.529308148984
8.168   0.542693573375   0.529308148984
8.264   0.542693573375   0.529308148984
8.36   0.542693573375   0.529308148984
8.456   0.542693573375   0.529308148984
8.552   0.542693573375   0.529308148984
8.648   0.542693573375   0.529308148984
8.744   0.542693573375   0.529308148984
8.84   0.542693573375   0.529308148984
8.936   0.542693573375   0.529308148984
9.032   0.542693573375   0.529308148984
9.128   0.542693573375   0.529308148984
9.224   0.542693573375   0.529308148984
9.32   0.542693573375   0.529308148984
9.416   0.542693573375   0.529308148984
9.512   0.542693573375   0.529308148984
9.608   0.542693573375   0.529308148984
9.704   0.542693573375   0.529308148984
