0.2   0.562761131254   0.393665830279
0.296   0.558403009785   0.440552680472
0.392   0.554652663309   0.471472717894
0.488   0.551506783545   0.492349069403
0.584   0.548947054814   0.506317884893
0.68   0.546941520778   0.515443249055
0.776   0.545443106127   0.521253048695
0.872   0.544386714567   0.524867714962
0.968   0.543688700471   0.527067650348
1.064   0.543256389976   0.528378006821
1.16   0.543003042275   0.529143717283
1.256   0.542860732768   0.529584788423
1.352   0.542782730652   0.529836779487
1.448   0.542740814906   0.529979979833
1.544   0.542718511416   0.530061006124
1.64   0.542706710172   0.530106916449
1.736   0.542700485518   0.530132893784
1.832   0.542697207998   0.530147590608
1.928   0.542695483909   0.530155905406
2.024   0.542694577453   0.530160609736
2.12   0.542694101012   0.530163271469
2.216   0.54269385063   0.530164777552
2.312   0.542693719058   0.530165629762
2.408   0.542693649923   0.530166111993
2.504   0.542693613596   0.530166384871
2.6   0.542693594508   0.530166539285
2.696   0.542693584479   0.530166626664
2.792   0.542693579209   0.53016667611
2.888   0.54269357644   0.53016670409
2.984   0.542693574985   0.530166719924
3.08   0.542693574221   0.530166728884
3.176   0.542693573819   0.530166733954
3.272   0.542693573608   0.530166736824
3.368   0.542693573497   0.530166738447
3.464   0.542693573439   0.530166739366
3.56   0.542693573409   0.530166739886
3.656   0.542693573392   0.53016674018
3.752   0.542693573384   0.530166740347
3.848   0.54269357338   0.530166740441
3.944   0.542693573377   0.530166740494
4.04   0.542693573376   0.530166740524
4.136   0.542693573375   0.530166740541
4.232   0.542693573375   0.530166740551
4.328   0.542693573375   0.530166740556
4.424   0.542693573375   0.53016674056
4.52   0.542693573375   0.530166740561
4.616   0.542693573375   0.530166740562
4.712   0.542693573375   0.530166740563
4.808   0.542693573375   0.530166740563
4.904   0.542693573375   0.530166740563
5.0   0.542693573375   0.530166740563
5.096   0.542693573375   0.530166740563
5.192   0.542693573375   0.530166740564
5.288   0.542693573375   0.530166740564
5.384   0.542693573375   0.530166740564
5.48   0.542693573375   0.530166740564
5.576   0.542693573375   0.530166740564
5.672   0.542693573375   0.530166740564
5.768   0.542693573375   0.530166740564
5.864   0.542693573375   0.530166740564
5.96   0.542693573375   0.530166740564
6.056   0.542693573375   0.530166740564
6.152   0.542693573375   0.530166740564
6.248   0.542693573375   0.530166740564
6.344   0.542693573375   0.530166740564
6.44   0.542693573375   0.530166740564
6.536   0.542693573375   0.530166740564
6.632   0.542693573375   0.530166740564
6.728   0.542693573375   0.530166740564
6.824   0.542693573375   0.530166740564
6.92   0.542693573375   0.530166740564
7.016   0.542693573375   0.530166740564
7.112   0.542693573375   0.530166740564
7.208   0.542693573375   0.530166740564
7.304   0.542693573375   0.530166740564
7.4   0.542693573375   0.530166740564
7.496   0.542693573375   0.530166740564
7.592   0.542693573375   0.530166740564
7.688   0.542693573375   0.530166740564
7.784   0.542693573375   0.530166740564
7.88   0.542693573375   0.530166740564
7.976   0.542693573375   0.530166740564
8.072   0.542693573375   0.530166740564
8.168   0.542693573375   0.530166740564
8.264   0.542693573375   0.530166740564
8.36   0.542693573375   0.530166740564
8.456   0.542693573375   0.530166740564
8.552   0.542693573375   0.530166740564
8.648   0.542693573375   0.530166740564
8.744   0.542693573375   0.530166740564
8.84   0.542693573375   0.530166740564
8.936   0.542693573375   0.530166740564
9.032   0.542693573375   0.530166740564
9.128   0.542693573375   0.530166740564
9.224   0.542693573375   0.530166740564
9.32   0.542693573375   0.530166740564
9.416   0.542693573375   0.530166740564
9.512   0.542693573375   0.530166740564
9.608   0.542693573375   0.530166740564
9.704   0.542693573375   0.530166740564
