0.2   0.563545592489   0.405853309465
0.296   0.55950074626   0.452201232186
0.392   0.55599908431   0.482479280436
0.488   0.553023511635   0.502662330392
0.584   0.550542418514   0.515940514125
0.68   0.548514119838   0.524479079905
0.776   0.546890914012   0.529896090089
0.872   0.545623109457   0.533332168651
0.968   0.544661808725   0.535523155085
1.064   0.543959962926   0.536921029216
1.16   0.543471694483   0.537803212841
1.256   0.543150743511   0.538347069351
1.352   0.542952155896   0.538671351053
1.448   0.542836334042   0.538859266847
1.544   0.542770520326   0.538964856848
1.64   0.542734584042   0.539023209807
1.736   0.542715291257   0.539055121612
1.832   0.542705033349   0.539072464084
1.928   0.54269960866   0.539081855051
2.024   0.54269674842   0.53908693021
2.12   0.542695242746   0.539089670063
2.216   0.542694450825   0.539091148356
2.312   0.542694034501   0.539091945738
2.408   0.542693815689   0.539092375775
2.504   0.542693700701   0.539092607681
2.6   0.542693640278   0.539092732735
2.696   0.542693608528   0.539092800169
2.792   0.542693591845   0.539092836531
2.888   0.54269358308   0.539092856139
2.984   0.542693578474   0.539092866712
3.08   0.542693576054   0.539092872413
3.176   0.542693574782   0.539092875487
3.272   0.542693574114   0.539092877145
3.368   0.542693573763   0.539092878038
3.464   0.542693573579   0.53909287852
3.56   0.542693573482   0.53909287878
3.656   0.542693573431   0.53909287892
3.752   0.542693573404   0.539092878996
3.848   0.54269357339   0.539092879037
3.944   0.542693573383   0.539092879059
4.04   0.542693573379   0.539092879071
4.136   0.542693573377   0.539092879077
4.232   0.542693573376   0.53909287908
4.328   0.542693573375   0.539092879082
4.424   0.542693573375   0.539092879083
4.52   0.542693573375   0.539092879084
4.616   0.542693573375   0.539092879084
4.712   0.542693573375   0.539092879084
4.808   0.542693573375   0.539092879084
4.904   0.542693573375   0.539092879084
5.0   0.542693573375   0.539092879084
5.096   0.542693573375   0.539092879084
5.192   0.542693573375   0.539092879084
5.288   0.542693573375   0.539092879084
5.384   0.542693573375   0.539092879084
5.48   0.542693573375   0.539092879084
5.576   0.542693573375   0.539092879084
5.672   0.542693573375   0.539092879084
5.768   0.542693573375   0.539092879084
5.864   0.542693573375   0.539092879084
5.96   0.542693573375   0.539092879084
6.056   0.542693573375   0.539092879084
6.152   0.542693573375   0.539092879084
6.248   0.542693573375   0.539092879084
6.344   0.542693573375   0.539092879084
6.44   0.542693573375   0.539092879084
6.536   0.542693573375   0.539092879084
6.632   0.542693573375   0.539092879084
6.728   0.542693573375   0.539092879084
6.824   0.542693573375   0.539092879084
6.92   0.542693573375   0.539092879084
7.016   0.542693573375   0.539092879084
7.112   0.542693573375   0.539092879084
7.208   0.542693573375   0.539092879084
7.304   0.542693573375   0.539092879084
7.4   0.542693573375   0.539092879084
7.496   0.542693573375   0.539092879084
7.592   0.542693573375   0.539092879084
7.688   0.542693573375   0.539092879084
7.784   0.542693573375   0.539092879084
7.88   0.542693573375   0.539092879084
7.976   0.542693573375   0.539092879084
8.072   0.542693573375   0.539092879084
8.168   0.542693573375   0.539092879084
8.264   0.542693573375   0.539092879084
8.36   0.542693573375   0.539092879084
8.456   0.542693573375   0.539092879084
8.552   0.542693573375   0.539092879084
8.648   0.542693573375   0.539092879084
8.744   0.542693573375   0.539092879084
8.84   0.542693573375   0.539092879084
8.936   0.542693573375   0.539092879084
9.032   0.542693573375   0.539092879084
9.128   0.542693573375   0.539092879084
9.224   0.542693573375   0.539092879084
9.32   0.542693573375   0.539092879084
9.416   0.542693573375   0.539092879084
9.512   0.542693573375   0.539092879084
9.608   0.542693573375   0.539092879084
9.704   0.542693573375   0.539092879084
