0.2   0.565104687227   0.433674435966
0.296   0.561830059248   0.474862041654
0.392   0.559101981155   0.501461853505
0.488   0.556907044121   0.518525704911
0.584   0.555219407899   0.528995671012
0.68   0.553997148424   0.535114625713
0.776   0.55317701347   0.53857412196
0.872   0.552672368944   0.54048651546
0.968   0.552387069455   0.541523605436
1.064   0.552236626024   0.542077210542
1.16   0.552160341138   0.54236976041
1.256   0.552122931953   0.542523638649
1.352   0.55210485342   0.542604384718
1.448   0.552096183904   0.542646753099
1.544   0.552092042959   0.542668988265
1.64   0.552090069043   0.542680661091
1.736   0.552089129062   0.542686790704
1.832   0.552088681668   0.54269001015
1.928   0.552088468779   0.542691701338
2.024   0.55208836749   0.542692589809
2.12   0.552088319302   0.542693056598
2.216   0.552088296377   0.54269330185
2.312   0.552088285471   0.542693430709
2.408   0.552088280282   0.542693498414
2.504   0.552088277814   0.542693533988
2.6   0.55208827664   0.54269355268
2.696   0.552088276081   0.542693562501
2.792   0.552088275816   0.542693567661
2.888   0.552088275689   0.542693570373
2.984   0.552088275629   0.542693571797
3.08   0.5520882756   0.542693572546
3.176   0.552088275587   0.542693572939
3.272   0.55208827558   0.542693573146
3.368   0.552088275577   0.542693573254
3.464   0.552088275576   0.542693573311
3.56   0.552088275575   0.542693573341
3.656   0.552088275575   0.542693573357
3.752   0.552088275575   0.542693573365
3.848   0.552088275574   0.54269357337
3.944   0.552088275574   0.542693573372
4.04   0.552088275574   0.542693573373
4.136   0.552088275574   0.542693573374
4.232   0.552088275574   0.542693573374
4.328   0.552088275574   0.542693573374
4.424   0.552088275574   0.542693573375
4.52   0.552088275574   0.542693573375
4.616   0.552088275574   0.542693573375
4.712   0.552088275574   0.542693573375
4.808   0.552088275574   0.542693573375
4.904   0.552088275574   0.542693573375
5.0   0.552088275574   0.542693573375
5.096   0.552088275574   0.542693573375
5.192   0.552088275574   0.542693573375
5.288   0.552088275574   0.542693573375
5.384   0.552088275574   0.542693573375
5.48   0.552088275574   0.542693573375
5.576   0.552088275574   0.542693573375
5.672   0.552088275574   0.542693573375
5.768   0.552088275574   0.542693573375
5.864   0.552088275574   0.542693573375
5.96   0.552088275574   0.542693573375
6.056   0.552088275574   0.542693573375
6.152   0.552088275574   0.542693573375
6.248   0.552088275574   0.542693573375
6.344   0.552088275574   0.542693573375
6.44   0.552088275574   0.542693573375
6.536   0.552088275574   0.542693573375
6.632   0.552088275574   0.542693573375
6.728   0.552088275574   0.542693573375
6.824   0.552088275574   0.542693573375
6.92   0.552088275574   0.542693573375
7.016   0.552088275574   0.542693573375
7.112   0.552088275574   0.542693573375
7.208   0.552088275574   0.542693573375
7.304   0.552088275574   0.542693573375
7.4   0.552088275574   0.542693573375
7.496   0.552088275574   0.542693573375
7.592   0.552088275574   0.542693573375
7.688   0.552088275574   0.542693573375
7.784   0.552088275574   0.542693573375
7.88   0.552088275574   0.542693573375
7.976   0.552088275574   0.542693573375
8.072   0.552088275574   0.542693573375
8.168   0.552088275574   0.542693573375
8.264   0.552088275574   0.542693573375
8.36   0.552088275574   0.542693573375
8.456   0.552088275574   0.542693573375
8.552   0.552088275574   0.542693573375
8.648   0.552088275574   0.542693573375
8.744   0.552088275574   0.542693573375
8.84   0.552088275574   0.542693573375
8.936   0.552088275574   0.542693573375
9.032   0.552088275574   0.542693573375
9.128   0.552088275574   0.542693573375
9.224   0.552088275574   0.542693573375
9.32   0.552088275574   0.542693573375
9.416   0.552088275574   0.542693573375
9.512   0.552088275574   0.542693573375
9.608   0.552088275574   0.542693573375
9.704   0.552088275574   0.542693573375
