0.2   0.561961214153   0.380419451524
0.296   0.55733392673   0.427180968687
0.392   0.55341867528   0.458305544698
0.488   0.550224811183   0.479514487464
0.584   0.547735564015   0.493851995937
0.68   0.545901328527   0.503304596795
0.776   0.544634821145   0.509348491515
0.872   0.543817629555   0.513104157056
0.968   0.543322339338   0.515385698603
1.064   0.543037102211   0.516750292743
1.16   0.54287811315   0.517558929726
1.256   0.542791777184   0.518035866466
1.352   0.542745544626   0.518316701737
1.448   0.542720990407   0.518481966263
1.544   0.542708011182   0.51857924837
1.64   0.542701168744   0.5186365388
1.736   0.542697566902   0.518670292567
1.832   0.54269567247   0.518690186515
1.928   0.542694676526   0.51870191497
2.024   0.542694153068   0.518708830866
2.12   0.542693877981   0.518712909527
2.216   0.542693733429   0.518715315157
2.312   0.542693657474   0.518716734111
2.408   0.542693617563   0.518717571113
2.504   0.542693596593   0.518718064851
2.6   0.542693585574   0.518718356107
2.696   0.542693579785   0.518718527921
2.792   0.542693576743   0.518718629276
2.888   0.542693575144   0.518718689067
2.984   0.542693574304   0.518718724338
3.08   0.542693573863   0.518718745146
3.176   0.542693573631   0.51871875742
3.272   0.54269357351   0.518718764661
3.368   0.542693573446   0.518718768933
3.464   0.542693573412   0.518718771452
3.56   0.542693573394   0.518718772939
3.656   0.542693573385   0.518718773816
3.752   0.54269357338   0.518718774333
3.848   0.542693573377   0.518718774638
3.944   0.542693573376   0.518718774818
4.04   0.542693573375   0.518718774925
4.136   0.542693573375   0.518718774987
4.232   0.542693573375   0.518718775024
4.328   0.542693573375   0.518718775046
4.424   0.542693573375   0.518718775059
4.52   0.542693573375   0.518718775067
4.616   0.542693573375   0.518718775071
4.712   0.542693573375   0.518718775074
4.808   0.542693573375   0.518718775075
4.904   0.542693573375   0.518718775076
5.0   0.542693573375   0.518718775077
5.096   0.542693573375   0.518718775077
5.192   0.542693573375   0.518718775077
5.288   0.542693573375   0.518718775077
5.384   0.542693573375   0.518718775077
5.48   0.542693573375   0.518718775077
5.576   0.542693573375   0.518718775077
5.672   0.542693573375   0.518718775077
5.768   0.542693573375   0.518718775077
5.864   0.542693573375   0.518718775077
5.96   0.542693573375   0.518718775077
6.056   0.542693573375   0.518718775077
6.152   0.542693573375   0.518718775077
6.248   0.542693573375   0.518718775077
6.344   0.542693573375   0.518718775077
6.44   0.542693573375   0.518718775077
6.536   0.542693573375   0.518718775077
6.632   0.542693573375   0.518718775077
6.728   0.542693573375   0.518718775077
6.824   0.542693573375   0.518718775077
6.92   0.542693573375   0.518718775077
7.016   0.542693573375   0.518718775077
7.112   0.542693573375   0.518718775077
7.208   0.542693573375   0.518718775077
7.304   0.542693573375   0.518718775077
7.4   0.542693573375   0.518718775077
7.496   0.542693573375   0.518718775077
7.592   0.542693573375   0.518718775077
7.688   0.542693573375   0.518718775077
7.784   0.542693573375   0.518718775077
7.88   0.542693573375   0.518718775077
7.976   0.542693573375   0.518718775077
8.072   0.542693573375   0.518718775077
8.168   0.542693573375   0.518718775077
8.264   0.542693573375   0.518718775077
8.36   0.542693573375   0.518718775077
8.456   0.542693573375   0.518718775077
8.552   0.542693573375   0.518718775077
8.648   0.542693573375   0.518718775077
8.744   0.542693573375   0.518718775077
8.84   0.542693573375   0.518718775077
8.936   0.542693573375   0.518718775077
9.032   0.542693573375   0.518718775077
9.128   0.542693573375   0.518718775077
9.224   0.542693573375   0.518718775077
9.32   0.542693573375   0.518718775077
9.416   0.542693573375   0.518718775077
9.512   0.542693573375   0.518718775077
9.608   0.542693573375   0.518718775077
9.704   0.542693573375   0.518718775077
