0.2   0.562709965728   0.391927927571
0.296   0.558331878031   0.439189283978
0.392   0.554566892771   0.470327571032
0.488   0.551413105456   0.491347405672
0.584   0.548853253268   0.505416083818
0.68   0.54685553584   0.514609361024
0.776   0.545371481671   0.520460739507
0.872   0.544332821239   0.52409709125
0.968   0.543652010816   0.526306552283
1.064   0.543233472882   0.527620749704
1.16   0.542990013897   0.528388375342
1.256   0.542853202918   0.528830876111
1.352   0.542778631526   0.529084090414
1.448   0.542738618082   0.529228314101
1.544   0.542717344467   0.529310165987
1.64   0.542706093347   0.529356674765
1.736   0.542700160364   0.529383072807
1.832   0.54269703685   0.529398055356
1.928   0.542695393897   0.529406559239
2.024   0.542694530134   0.529411386236
2.12   0.542694076142   0.529414126315
2.216   0.54269383756   0.529415681817
2.312   0.54269371219   0.529416564882
2.408   0.542693646314   0.529417066215
2.504   0.5426936117   0.529417350836
2.6   0.542693593512   0.529417512425
2.696   0.542693583955   0.529417604166
2.792   0.542693578934   0.52941765625
2.888   0.542693576296   0.529417685821
2.984   0.542693574909   0.52941770261
3.08   0.542693574181   0.529417712141
3.176   0.542693573798   0.529417717553
3.272   0.542693573597   0.529417720625
3.368   0.542693573492   0.52941772237
3.464   0.542693573436   0.52941772336
3.56   0.542693573407   0.529417723922
3.656   0.542693573392   0.529417724241
3.752   0.542693573384   0.529417724423
3.848   0.542693573379   0.529417724526
3.944   0.542693573377   0.529417724584
4.04   0.542693573376   0.529417724617
4.136   0.542693573375   0.529417724636
4.232   0.542693573375   0.529417724647
4.328   0.542693573375   0.529417724653
4.424   0.542693573375   0.529417724656
4.52   0.542693573375   0.529417724658
4.616   0.542693573375   0.529417724659
4.712   0.542693573375   0.52941772466
4.808   0.542693573375   0.52941772466
4.904   0.542693573375   0.52941772466
5.0   0.542693573375   0.529417724661
5.096   0.542693573375   0.529417724661
5.192   0.542693573375   0.529417724661
5.288   0.542693573375   0.529417724661
5.384   0.542693573375   0.529417724661
5.48   0.542693573375   0.529417724661
5.576   0.542693573375   0.529417724661
5.672   0.542693573375   0.529417724661
5.768   0.542693573375   0.529417724661
5.864   0.542693573375   0.529417724661
5.96   0.542693573375   0.529417724661
6.056   0.542693573375   0.529417724661
6.152   0.542693573375   0.529417724661
6.248   0.542693573375   0.529417724661
6.344   0.542693573375   0.529417724661
6.44   0.542693573375   0.529417724661
6.536   0.542693573375   0.529417724661
6.632   0.542693573375   0.529417724661
6.728   0.542693573375   0.529417724661
6.824   0.542693573375   0.529417724661
6.92   0.542693573375   0.529417724661
7.016   0.542693573375   0.529417724661
7.112   0.542693573375   0.529417724661
7.208   0.542693573375   0.529417724661
7.304   0.542693573375   0.529417724661
7.4   0.542693573375   0.529417724661
7.496   0.542693573375   0.529417724661
7.592   0.542693573375   0.529417724661
7.688   0.542693573375   0.529417724661
7.784   0.542693573375   0.529417724661
7.88   0.542693573375   0.529417724661
7.976   0.542693573375   0.529417724661
8.072   0.542693573375   0.529417724661
8.168   0.542693573375   0.529417724661
8.264   0.542693573375   0.529417724661
8.36   0.542693573375   0.529417724661
8.456   0.542693573375   0.529417724661
8.552   0.542693573375   0.529417724661
8.648   0.542693573375   0.529417724661
8.744   0.542693573375   0.529417724661
8.84   0.542693573375   0.529417724661
8.936   0.542693573375   0.529417724661
9.032   0.542693573375   0.529417724661
9.128   0.542693573375   0.529417724661
9.224   0.542693573375   0.529417724661
9.32   0.542693573375   0.529417724661
9.416   0.542693573375   0.529417724661
9.512   0.542693573375   0.529417724661
9.608   0.542693573375   0.529417724661
9.704   0.542693573375   0.529417724661
