0.2   0.562104056238   0.4060228171
0.296   0.557550419089   0.444508665731
0.392   0.553691293806   0.471022929421
0.488   0.550523764466   0.48945149712
0.584   0.548025116437   0.502055421152
0.68   0.546149686885   0.510425722565
0.776   0.544823872755   0.515804523937
0.872   0.543946770544   0.519156462986
0.968   0.543402949877   0.521191670008
1.064   0.543083944894   0.522403086745
1.16   0.542904532703   0.523114582357
1.256   0.54280615515   0.523529186387
1.352   0.542753249962   0.523769890426
1.448   0.542725083665   0.523909356517
1.544   0.542710174922   0.523990126208
1.64   0.5427023094   0.524036902366
1.736   0.542698167318   0.524063996273
1.832   0.542695988256   0.524079692832
1.928   0.542694842538   0.524088788059
2.024   0.54269424032   0.524094058933
2.12   0.542693923834   0.524097113823
2.216   0.542693757524   0.5240988845
2.312   0.542693670134   0.524099910871
2.408   0.542693624216   0.524100505824
2.504   0.542693600088   0.524100850707
2.6   0.542693587411   0.52410105063
2.696   0.54269358075   0.524101166525
2.792   0.54269357725   0.524101233708
2.888   0.542693575411   0.524101272654
2.984   0.542693574444   0.524101295231
3.08   0.542693573937   0.524101308319
3.176   0.54269357367   0.524101315906
3.272   0.54269357353   0.524101320304
3.368   0.542693573456   0.524101322854
3.464   0.542693573417   0.524101324332
3.56   0.542693573397   0.524101325189
3.656   0.542693573386   0.524101325685
3.752   0.542693573381   0.524101325973
3.848   0.542693573378   0.52410132614
3.944   0.542693573376   0.524101326237
4.04   0.542693573376   0.524101326293
4.136   0.542693573375   0.524101326326
4.232   0.542693573375   0.524101326345
4.328   0.542693573375   0.524101326355
4.424   0.542693573375   0.524101326362
4.52   0.542693573375   0.524101326365
4.616   0.542693573375   0.524101326368
4.712   0.542693573375   0.524101326369
4.808   0.542693573375   0.52410132637
4.904   0.542693573375   0.52410132637
5.0   0.542693573375   0.52410132637
5.096   0.542693573375   0.52410132637
5.192   0.542693573375   0.52410132637
5.288   0.542693573375   0.52410132637
5.384   0.542693573375   0.52410132637
5.48   0.542693573375   0.52410132637
5.576   0.542693573375   0.524101326371
5.672   0.542693573375   0.524101326371
5.768   0.542693573375   0.524101326371
5.864   0.542693573375   0.524101326371
5.96   0.542693573375   0.524101326371
6.056   0.542693573375   0.524101326371
6.152   0.542693573375   0.524101326371
6.248   0.542693573375   0.524101326371
6.344   0.542693573375   0.524101326371
6.44   0.542693573375   0.524101326371
6.536   0.542693573375   0.524101326371
6.632   0.542693573375   0.524101326371
6.728   0.542693573375   0.524101326371
6.824   0.542693573375   0.524101326371
6.92   0.542693573375   0.524101326371
7.016   0.542693573375   0.524101326371
7.112   0.542693573375   0.524101326371
7.208   0.542693573375   0.524101326371
7.304   0.542693573375   0.524101326371
7.4   0.542693573375   0.524101326371
7.496   0.542693573375   0.524101326371
7.592   0.542693573375   0.524101326371
7.688   0.542693573375   0.524101326371
7.784   0.542693573375   0.524101326371
7.88   0.542693573375   0.524101326371
7.976   0.542693573375   0.524101326371
8.072   0.542693573375   0.524101326371
8.168   0.542693573375   0.524101326371
8.264   0.542693573375   0.524101326371
8.36   0.542693573375   0.524101326371
8.456   0.542693573375   0.524101326371
8.552   0.542693573375   0.524101326371
8.648   0.542693573375   0.524101326371
8.744   0.542693573375   0.524101326371
8.84   0.542693573375   0.524101326371
8.936   0.542693573375   0.524101326371
9.032   0.542693573375   0.524101326371
9.128   0.542693573375   0.524101326371
9.224   0.542693573375   0.524101326371
9.32   0.542693573375   0.524101326371
9.416   0.542693573375   0.524101326371
9.512   0.542693573375   0.524101326371
9.608   0.542693573375   0.524101326371
9.704   0.542693573375   0.524101326371
