0.2   0.561532328768   0.373475502639
0.296   0.556782253852   0.41965224518
0.392   0.552813098532   0.450568827965
0.488   0.549634835654   0.471730700812
0.584   0.547220890208   0.486099116636
0.68   0.545498657434   0.495617464379
0.776   0.544351013116   0.501736398788
0.872   0.543635187766   0.505564661876
0.968   0.5432132068   0.507912100797
1.064   0.542974917883   0.509333474891
1.16   0.542843927388   0.510188306143
1.256   0.542773343715   0.510701181267
1.352   0.542735716975   0.511008538514
1.448   0.542715784652   0.511192789778
1.544   0.542705263659   0.511303309214
1.64   0.542699721562   0.511369643314
1.736   0.542696805485   0.511409478517
1.832   0.542695272105   0.511433410533
1.928   0.542694466077   0.51144779278
2.024   0.542694042467   0.511456437902
2.12   0.542693819862   0.511461635266
2.216   0.54269370289   0.511464760205
2.312   0.542693641427   0.511466639224
2.408   0.542693609132   0.511467769129
2.504   0.542693592162   0.511468448592
2.6   0.542693583246   0.511468857193
2.696   0.542693578562   0.511469102912
2.792   0.5426935761   0.511469250681
2.888   0.542693574807   0.511469339545
2.984   0.542693574127   0.511469392986
3.08   0.54269357377   0.511469425124
3.176   0.542693573582   0.511469444452
3.272   0.542693573484   0.511469456075
3.368   0.542693573432   0.511469463065
3.464   0.542693573405   0.511469467268
3.56   0.54269357339   0.511469469796
3.656   0.542693573383   0.511469471317
3.752   0.542693573379   0.511469472231
3.848   0.542693573377   0.511469472781
3.944   0.542693573376   0.511469473111
4.04   0.542693573375   0.51146947331
4.136   0.542693573375   0.51146947343
4.232   0.542693573375   0.511469473502
4.328   0.542693573375   0.511469473545
4.424   0.542693573375   0.511469473571
4.52   0.542693573375   0.511469473586
4.616   0.542693573375   0.511469473596
4.712   0.542693573375   0.511469473602
4.808   0.542693573375   0.511469473605
4.904   0.542693573375   0.511469473607
5.0   0.542693573375   0.511469473608
5.096   0.542693573375   0.511469473609
5.192   0.542693573375   0.511469473609
5.288   0.542693573375   0.51146947361
5.384   0.542693573375   0.51146947361
5.48   0.542693573375   0.51146947361
5.576   0.542693573375   0.51146947361
5.672   0.542693573375   0.51146947361
5.768   0.542693573375   0.51146947361
5.864   0.542693573375   0.51146947361
5.96   0.542693573375   0.51146947361
6.056   0.542693573375   0.51146947361
6.152   0.542693573375   0.51146947361
6.248   0.542693573375   0.51146947361
6.344   0.542693573375   0.51146947361
6.44   0.542693573375   0.51146947361
6.536   0.542693573375   0.51146947361
6.632   0.542693573375   0.51146947361
6.728   0.542693573375   0.51146947361
6.824   0.542693573375   0.51146947361
6.92   0.542693573375   0.51146947361
7.016   0.542693573375   0.51146947361
7.112   0.542693573375   0.51146947361
7.208   0.542693573375   0.51146947361
7.304   0.542693573375   0.51146947361
7.4   0.542693573375   0.51146947361
7.496   0.542693573375   0.51146947361
7.592   0.542693573375   0.51146947361
7.688   0.542693573375   0.51146947361
7.784   0.542693573375   0.51146947361
7.88   0.542693573375   0.51146947361
7.976   0.542693573375   0.51146947361
8.072   0.542693573375   0.51146947361
8.168   0.542693573375   0.51146947361
8.264   0.542693573375   0.51146947361
8.36   0.542693573375   0.51146947361
8.456   0.542693573375   0.51146947361
8.552   0.542693573375   0.51146947361
8.648   0.542693573375   0.51146947361
8.744   0.542693573375   0.51146947361
8.84   0.542693573375   0.51146947361
8.936   0.542693573375   0.51146947361
9.032   0.542693573375   0.51146947361
9.128   0.542693573375   0.51146947361
9.224   0.542693573375   0.51146947361
9.32   0.542693573375   0.51146947361
9.416   0.542693573375   0.51146947361
9.512   0.542693573375   0.51146947361
9.608   0.542693573375   0.51146947361
9.704   0.542693573375   0.51146947361
