0.2   0.562499295965   0.404950065799
0.296   0.558068669224   0.446018611088
0.392   0.554280261451   0.473876457381
0.488   0.551128420987   0.493027352927
0.584   0.548591793639   0.506010576016
0.68   0.546633501653   0.514576667845
0.776   0.545198209116   0.520065053369
0.872   0.544209171081   0.523487300644
0.968   0.543571127071   0.525568415368
1.064   0.54318433345   0.526806133136
1.16   0.542961673121   0.527529362715
1.256   0.542837521211   0.527946884995
1.352   0.542770144628   0.528186344913
1.448   0.542734084307   0.528323099821
1.544   0.542714940356   0.528401078822
1.64   0.54270482379   0.528445515036
1.736   0.542699491469   0.528470832166
1.832   0.542696684868   0.528485256396
1.928   0.542695208805   0.528493475036
2.024   0.542694432838   0.528498158215
2.12   0.542694025008   0.528500826981
2.216   0.54269381069   0.528502347887
2.312   0.542693698071   0.52850321467
2.408   0.542693638895   0.528503708672
2.504   0.542693607801   0.528503990221
2.6   0.542693591463   0.528504150688
2.696   0.542693582879   0.528504242146
2.792   0.542693578369   0.528504294272
2.888   0.542693575999   0.528504323981
2.984   0.542693574753   0.528504340914
3.08   0.542693574099   0.528504350565
3.176   0.542693573755   0.528504356065
3.272   0.542693573575   0.5285043592
3.368   0.54269357348   0.528504360987
3.464   0.54269357343   0.528504362005
3.56   0.542693573404   0.528504362586
3.656   0.54269357339   0.528504362917
3.752   0.542693573383   0.528504363105
3.848   0.542693573379   0.528504363213
3.944   0.542693573377   0.528504363274
4.04   0.542693573376   0.528504363309
4.136   0.542693573375   0.528504363329
4.232   0.542693573375   0.52850436334
4.328   0.542693573375   0.528504363347
4.424   0.542693573375   0.52850436335
4.52   0.542693573375   0.528504363352
4.616   0.542693573375   0.528504363354
4.712   0.542693573375   0.528504363354
4.808   0.542693573375   0.528504363355
4.904   0.542693573375   0.528504363355
5.0   0.542693573375   0.528504363355
5.096   0.542693573375   0.528504363355
5.192   0.542693573375   0.528504363355
5.288   0.542693573375   0.528504363355
5.384   0.542693573375   0.528504363355
5.48   0.542693573375   0.528504363355
5.576   0.542693573375   0.528504363355
5.672   0.542693573375   0.528504363355
5.768   0.542693573375   0.528504363355
5.864   0.542693573375   0.528504363355
5.96   0.542693573375   0.528504363355
6.056   0.542693573375   0.528504363355
6.152   0.542693573375   0.528504363355
6.248   0.542693573375   0.528504363355
6.344   0.542693573375   0.528504363355
6.44   0.542693573375   0.528504363355
6.536   0.542693573375   0.528504363355
6.632   0.542693573375   0.528504363355
6.728   0.542693573375   0.528504363355
6.824   0.542693573375   0.528504363355
6.92   0.542693573375   0.528504363355
7.016   0.542693573375   0.528504363355
7.112   0.542693573375   0.528504363355
7.208   0.542693573375   0.528504363355
7.304   0.542693573375   0.528504363355
7.4   0.542693573375   0.528504363355
7.496   0.542693573375   0.528504363355
7.592   0.542693573375   0.528504363355
7.688   0.542693573375   0.528504363355
7.784   0.542693573375   0.528504363355
7.88   0.542693573375   0.528504363355
7.976   0.542693573375   0.528504363355
8.072   0.542693573375   0.528504363355
8.168   0.542693573375   0.528504363355
8.264   0.542693573375   0.528504363355
8.36   0.542693573375   0.528504363355
8.456   0.542693573375   0.528504363355
8.552   0.542693573375   0.528504363355
8.648   0.542693573375   0.528504363355
8.744   0.542693573375   0.528504363355
8.84   0.542693573375   0.528504363355
8.936   0.542693573375   0.528504363355
9.032   0.542693573375   0.528504363355
9.128   0.542693573375   0.528504363355
9.224   0.542693573375   0.528504363355
9.32   0.542693573375   0.528504363355
9.416   0.542693573375   0.528504363355
9.512   0.542693573375   0.528504363355
9.608   0.542693573375   0.528504363355
9.704   0.542693573375   0.528504363355
