0.2   0.564498773441   0.426009365164
0.296   0.560910634385   0.468220295449
0.392   0.557851327482   0.495767693826
0.488   0.555300533811   0.513820350005
0.584   0.55322569178   0.525303270682
0.68   0.551586287907   0.532361628188
0.776   0.550336785985   0.536621605677
0.872   0.549427840085   0.539177602401
0.968   0.548804984106   0.540698926858
1.064   0.548406911087   0.541587495331
1.16   0.548170202158   0.542092525575
1.256   0.548038321758   0.542371619626
1.352   0.547967272905   0.542522824222
1.448   0.547930414855   0.542603365488
1.544   0.547911600207   0.542646055714
1.64   0.547902080603   0.54266857595
1.736   0.547897286768   0.54268043162
1.832   0.547894878731   0.542686666574
1.928   0.5478936707   0.542689943946
2.024   0.547893065081   0.542691666281
2.12   0.547892761572   0.542692571315
2.216   0.547892609496   0.54269304686
2.312   0.547892533303   0.542693296728
2.408   0.54789249513   0.542693428016
2.504   0.547892476007   0.542693496999
2.6   0.547892466426   0.542693533245
2.696   0.547892461627   0.542693552289
2.792   0.547892459223   0.542693562296
2.888   0.547892458018   0.542693567553
2.984   0.547892457415   0.542693570316
3.08   0.547892457112   0.542693571768
3.176   0.547892456961   0.54269357253
3.272   0.547892456885   0.542693572931
3.368   0.547892456847   0.542693573142
3.464   0.547892456828   0.542693573252
3.56   0.547892456818   0.54269357331
3.656   0.547892456814   0.542693573341
3.752   0.547892456811   0.542693573357
3.848   0.54789245681   0.542693573365
3.944   0.547892456809   0.54269357337
4.04   0.547892456809   0.542693573372
4.136   0.547892456809   0.542693573373
4.232   0.547892456809   0.542693573374
4.328   0.547892456809   0.542693573374
4.424   0.547892456809   0.542693573374
4.52   0.547892456809   0.542693573375
4.616   0.547892456809   0.542693573375
4.712   0.547892456809   0.542693573375
4.808   0.547892456809   0.542693573375
4.904   0.547892456809   0.542693573375
5.0   0.547892456809   0.542693573375
5.096   0.547892456809   0.542693573375
5.192   0.547892456809   0.542693573375
5.288   0.547892456809   0.542693573375
5.384   0.547892456809   0.542693573375
5.48   0.547892456809   0.542693573375
5.576   0.547892456809   0.542693573375
5.672   0.547892456809   0.542693573375
5.768   0.547892456809   0.542693573375
5.864   0.547892456809   0.542693573375
5.96   0.547892456809   0.542693573375
6.056   0.547892456809   0.542693573375
6.152   0.547892456809   0.542693573375
6.248   0.547892456809   0.542693573375
6.344   0.547892456809   0.542693573375
6.44   0.547892456809   0.542693573375
6.536   0.547892456809   0.542693573375
6.632   0.547892456809   0.542693573375
6.728   0.547892456809   0.542693573375
6.824   0.547892456809   0.542693573375
6.92   0.547892456809   0.542693573375
7.016   0.547892456809   0.542693573375
7.112   0.547892456809   0.542693573375
7.208   0.547892456809   0.542693573375
7.304   0.547892456809   0.542693573375
7.4   0.547892456809   0.542693573375
7.496   0.547892456809   0.542693573375
7.592   0.547892456809   0.542693573375
7.688   0.547892456809   0.542693573375
7.784   0.547892456809   0.542693573375
7.88   0.547892456809   0.542693573375
7.976   0.547892456809   0.542693573375
8.072   0.547892456809   0.542693573375
8.168   0.547892456809   0.542693573375
8.264   0.547892456809   0.542693573375
8.36   0.547892456809   0.542693573375
8.456   0.547892456809   0.542693573375
8.552   0.547892456809   0.542693573375
8.648   0.547892456809   0.542693573375
8.744   0.547892456809   0.542693573375
8.84   0.547892456809   0.542693573375
8.936   0.547892456809   0.542693573375
9.032   0.547892456809   0.542693573375
9.128   0.547892456809   0.542693573375
9.224   0.547892456809   0.542693573375
9.32   0.547892456809   0.542693573375
9.416   0.547892456809   0.542693573375
9.512   0.547892456809   0.542693573375
9.608   0.547892456809   0.542693573375
9.704   0.547892456809   0.542693573375
