0.2   0.564413023162   0.428002181862
0.296   0.560789697823   0.469007990495
0.392   0.557698013002   0.495962594783
0.488   0.555116097303   0.513730105117
0.584   0.553009705799   0.525101556697
0.68   0.551336716189   0.532140892857
0.776   0.550050517842   0.536423765225
0.872   0.5491020829   0.539018755212
0.968   0.548439555913   0.540582632883
1.064   0.54800594546   0.541509671329
1.16   0.54774169433   0.542044544256
1.256   0.547591390523   0.542343792359
1.352   0.547508896552   0.542507106724
1.448   0.54746557819   0.542595029994
1.544   0.547443264547   0.542641606046
1.64   0.547431892655   0.542666218377
1.736   0.547426130513   0.542679187533
1.832   0.547423219777   0.542686011458
1.928   0.547421751787   0.542689599346
2.024   0.547421012046   0.542691485117
2.12   0.547420639442   0.542692476099
2.216   0.547420451805   0.542692996824
2.312   0.547420357325   0.542693270436
2.408   0.547420309756   0.542693414201
2.504   0.547420285805   0.54269348974
2.6   0.547420273747   0.54269352943
2.696   0.547420267676   0.542693550285
2.792   0.54742026462   0.542693561243
2.888   0.547420263081   0.542693567
2.984   0.547420262306   0.542693570025
3.08   0.547420261916   0.542693571615
3.176   0.54742026172   0.54269357245
3.272   0.547420261621   0.542693572889
3.368   0.547420261571   0.542693573119
3.464   0.547420261546   0.542693573241
3.56   0.547420261533   0.542693573304
3.656   0.547420261527   0.542693573338
3.752   0.547420261524   0.542693573355
3.848   0.547420261522   0.542693573364
3.944   0.547420261521   0.542693573369
4.04   0.547420261521   0.542693573372
4.136   0.547420261521   0.542693573373
4.232   0.547420261521   0.542693573374
4.328   0.547420261521   0.542693573374
4.424   0.547420261521   0.542693573374
4.52   0.547420261521   0.542693573375
4.616   0.547420261521   0.542693573375
4.712   0.547420261521   0.542693573375
4.808   0.547420261521   0.542693573375
4.904   0.547420261521   0.542693573375
5.0   0.547420261521   0.542693573375
5.096   0.547420261521   0.542693573375
5.192   0.547420261521   0.542693573375
5.288   0.547420261521   0.542693573375
5.384   0.547420261521   0.542693573375
5.48   0.547420261521   0.542693573375
5.576   0.547420261521   0.542693573375
5.672   0.547420261521   0.542693573375
5.768   0.547420261521   0.542693573375
5.864   0.547420261521   0.542693573375
5.96   0.547420261521   0.542693573375
6.056   0.547420261521   0.542693573375
6.152   0.547420261521   0.542693573375
6.248   0.547420261521   0.542693573375
6.344   0.547420261521   0.542693573375
6.44   0.547420261521   0.542693573375
6.536   0.547420261521   0.542693573375
6.632   0.547420261521   0.542693573375
6.728   0.547420261521   0.542693573375
6.824   0.547420261521   0.542693573375
6.92   0.547420261521   0.542693573375
7.016   0.547420261521   0.542693573375
7.112   0.547420261521   0.542693573375
7.208   0.547420261521   0.542693573375
7.304   0.547420261521   0.542693573375
7.4   0.547420261521   0.542693573375
7.496   0.547420261521   0.542693573375
7.592   0.547420261521   0.542693573375
7.688   0.547420261521   0.542693573375
7.784   0.547420261521   0.542693573375
7.88   0.547420261521   0.542693573375
7.976   0.547420261521   0.542693573375
8.072   0.547420261521   0.542693573375
8.168   0.547420261521   0.542693573375
8.264   0.547420261521   0.542693573375
8.36   0.547420261521   0.542693573375
8.456   0.547420261521   0.542693573375
8.552   0.547420261521   0.542693573375
8.648   0.547420261521   0.542693573375
8.744   0.547420261521   0.542693573375
8.84   0.547420261521   0.542693573375
8.936   0.547420261521   0.542693573375
9.032   0.547420261521   0.542693573375
9.128   0.547420261521   0.542693573375
9.224   0.547420261521   0.542693573375
9.32   0.547420261521   0.542693573375
9.416   0.547420261521   0.542693573375
9.512   0.547420261521   0.542693573375
9.608   0.547420261521   0.542693573375
9.704   0.547420261521   0.542693573375
