0.2   0.563769582102   0.42890951324
0.296   0.559863704683   0.466912947033
0.392   0.55650709975   0.492565431042
0.488   0.553672990504   0.509933603115
0.584   0.551320715496   0.521422989852
0.68   0.549400416526   0.528822985393
0.776   0.547857127842   0.533532839514
0.872   0.546634854681   0.536548199228
0.968   0.545679770374   0.53851033773
1.064   0.54494250637   0.539811773055
1.16   0.544379528085   0.540690560073
1.256   0.543953708984   0.541292835724
1.352   0.543634282506   0.541711046705
1.448   0.543396371506   0.542004043391
1.544   0.543220659712   0.542210392929
1.64   0.543091083174   0.542358567102
1.736   0.542996281521   0.542460686247
1.832   0.542927385489   0.542535905332
1.928   0.542877760994   0.542588304999
2.024   0.542849040338   0.54262653241
2.12   0.542825303088   0.542650876069
2.216   0.542808169359   0.542801317842
2.312   0.542796363963   0.542794069446
2.408   0.54278848352   0.542787646255
2.504   0.542783376854   0.542783052492
2.6   0.542780163648   0.542780032847
2.696   0.542778198436   0.542778144324
2.792   0.542777027518   0.54277700478
2.888   0.54277634576   0.542776336117
2.984   0.54277595653   0.542775952419
3.08   0.542775737903   0.542775736145
3.176   0.542775616724   0.542775615971
3.272   0.542775550274   0.542775549951
3.368   0.542775514146   0.542775514007
3.464   0.542775494638   0.542775494578
3.56   0.542775484161   0.542775484136
3.656   0.54277547856   0.542775478549
3.752   0.542775475575   0.54277547557
3.848   0.542775473989   0.542775473987
3.944   0.542775473148   0.542775473148
4.04   0.542775472704   0.542775472703
4.136   0.542775472468   0.542775472468
4.232   0.542775472344   0.542775472344
4.328   0.542775472279   0.542775472279
4.424   0.542775472244   0.542775472244
4.52   0.542775472226   0.542775472226
4.616   0.542775472217   0.542775472217
4.712   0.542775472212   0.542775472212
4.808   0.542775472209   0.542775472209
4.904   0.542775472208   0.542775472208
5.0   0.542775472207   0.542775472207
5.096   0.542775472207   0.542775472207
5.192   0.542775472206   0.542775472206
5.288   0.542775472206   0.542775472206
5.384   0.542775472206   0.542775472206
5.48   0.542775472206   0.542775472206
5.576   0.542775472206   0.542775472206
5.672   0.542775472206   0.542775472206
5.768   0.542775472206   0.542775472206
5.864   0.542775472206   0.542775472206
5.96   0.542775472206   0.542775472206
6.056   0.542775472206   0.542775472206
6.152   0.542775472206   0.542775472206
6.248   0.542775472206   0.542775472206
6.344   0.542775472206   0.542775472206
6.44   0.542775472206   0.542775472206
6.536   0.542775472206   0.542775472206
6.632   0.542775472206   0.542775472206
6.728   0.542775472206   0.542775472206
6.824   0.542775472206   0.542775472206
6.92   0.542775472206   0.542775472206
7.016   0.542775472206   0.542775472206
7.112   0.542775472206   0.542775472206
7.208   0.542775472206   0.542775472206
7.304   0.542775472206   0.542775472206
7.4   0.542775472206   0.542775472206
7.496   0.542775472206   0.542775472206
7.592   0.542775472206   0.542775472206
7.688   0.542775472206   0.542775472206
7.784   0.542775472206   0.542775472206
7.88   0.542775472206   0.542775472206
7.976   0.542775472206   0.542775472206
8.072   0.542775472206   0.542775472206
8.168   0.542775472206   0.542775472206
8.264   0.542775472206   0.542775472206
8.36   0.542775472206   0.542775472206
8.456   0.542775472206   0.542775472206
8.552   0.542775472206   0.542775472206
8.648   0.542775472206   0.542775472206
8.744   0.542775472206   0.542775472206
8.84   0.542775472206   0.542775472206
8.936   0.542775472206   0.542775472206
9.032   0.542775472206   0.542775472206
9.128   0.542775472206   0.542775472206
9.224   0.542775472206   0.542775472206
9.32   0.542775472206   0.542775472206
9.416   0.542775472206   0.542775472206
9.512   0.542775472206   0.542775472206
9.608   0.542775472206   0.542775472206
9.704   0.542775472206   0.542775472206
