0.2   0.565512029863   0.440386517918
0.296   0.562464978068   0.479968542948
0.392   0.559988649938   0.50541995355
0.488   0.558072295468   0.521501529655
0.584   0.556684263886   0.531102078887
0.68   0.55576104108   0.536508478335
0.776   0.555204247909   0.539437912591
0.872   0.554898562438   0.540991014174
0.968   0.554743055632   0.541804968337
1.064   0.554667274044   0.542229496386
1.16   0.554631582558   0.54245092876
1.256   0.554615017311   0.542566510417
1.352   0.554607386563   0.542626958306
1.448   0.554603884647   0.542658620822
1.544   0.554602280504   0.542675224103
1.64   0.554601546343   0.542683937139
1.736   0.554601210488   0.542688511774
1.832   0.554601056877   0.542690914339
1.928   0.554600986627   0.542692176384
2.024   0.554600954502   0.542692839398
2.12   0.554600939811   0.542693187735
2.216   0.554600933093   0.542693370752
2.312   0.554600930021   0.542693466912
2.408   0.554600928616   0.542693517436
2.504   0.554600927974   0.542693543983
2.6   0.55460092768   0.542693557931
2.696   0.554600927546   0.54269356526
2.792   0.554600927484   0.542693569111
2.888   0.554600927456   0.542693571134
2.984   0.554600927443   0.542693572198
3.08   0.554600927437   0.542693572756
3.176   0.554600927435   0.54269357305
3.272   0.554600927434   0.542693573204
3.368   0.554600927433   0.542693573285
3.464   0.554600927433   0.542693573328
3.56   0.554600927433   0.54269357335
3.656   0.554600927433   0.542693573362
3.752   0.554600927433   0.542693573368
3.848   0.554600927433   0.542693573371
3.944   0.554600927433   0.542693573373
4.04   0.554600927433   0.542693573374
4.136   0.554600927433   0.542693573374
4.232   0.554600927433   0.542693573374
4.328   0.554600927433   0.542693573375
4.424   0.554600927433   0.542693573375
4.52   0.554600927433   0.542693573375
4.616   0.554600927433   0.542693573375
4.712   0.554600927433   0.542693573375
4.808   0.554600927433   0.542693573375
4.904   0.554600927433   0.542693573375
5.0   0.554600927433   0.542693573375
5.096   0.554600927433   0.542693573375
5.192   0.554600927433   0.542693573375
5.288   0.554600927433   0.542693573375
5.384   0.554600927433   0.542693573375
5.48   0.554600927433   0.542693573375
5.576   0.554600927433   0.542693573375
5.672   0.554600927433   0.542693573375
5.768   0.554600927433   0.542693573375
5.864   0.554600927433   0.542693573375
5.96   0.554600927433   0.542693573375
6.056   0.554600927433   0.542693573375
6.152   0.554600927433   0.542693573375
6.248   0.554600927433   0.542693573375
6.344   0.554600927433   0.542693573375
6.44   0.554600927433   0.542693573375
6.536   0.554600927433   0.542693573375
6.632   0.554600927433   0.542693573375
6.728   0.554600927433   0.542693573375
6.824   0.554600927433   0.542693573375
6.92   0.554600927433   0.542693573375
7.016   0.554600927433   0.542693573375
7.112   0.554600927433   0.542693573375
7.208   0.554600927433   0.542693573375
7.304   0.554600927433   0.542693573375
7.4   0.554600927433   0.542693573375
7.496   0.554600927433   0.542693573375
7.592   0.554600927433   0.542693573375
7.688   0.554600927433   0.542693573375
7.784   0.554600927433   0.542693573375
7.88   0.554600927433   0.542693573375
7.976   0.554600927433   0.542693573375
8.072   0.554600927433   0.542693573375
8.168   0.554600927433   0.542693573375
8.264   0.554600927433   0.542693573375
8.36   0.554600927433   0.542693573375
8.456   0.554600927433   0.542693573375
8.552   0.554600927433   0.542693573375
8.648   0.554600927433   0.542693573375
8.744   0.554600927433   0.542693573375
8.84   0.554600927433   0.542693573375
8.936   0.554600927433   0.542693573375
9.032   0.554600927433   0.542693573375
9.128   0.554600927433   0.542693573375
9.224   0.554600927433   0.542693573375
9.32   0.554600927433   0.542693573375
9.416   0.554600927433   0.542693573375
9.512   0.554600927433   0.542693573375
9.608   0.554600927433   0.542693573375
9.704   0.554600927433   0.542693573375
