0.2   0.565343911537   0.435975150703
0.296   0.562197264211   0.476985174858
0.392   0.559608142249   0.503318052779
0.488   0.557565698842   0.520036995174
0.584   0.556042918916   0.530126087424
0.68   0.554988618235   0.53589344439
0.776   0.554321318477   0.539071694984
0.872   0.553936478899   0.540783584327
0.968   0.553732211438   0.541691666023
1.064   0.55362898969   0.542168854143
1.16   0.553579019304   0.542418883686
1.256   0.553555284026   0.54254964413
1.352   0.553544122599   0.542618095377
1.448   0.553538900851   0.542653965909
1.544   0.55353646419   0.542672779443
1.64   0.553535328601   0.542682653145
1.736   0.553534799698   0.542687837315
1.832   0.553534553436   0.542690560025
1.928   0.553534438791   0.542691990239
2.024   0.553534385423   0.542692741599
2.12   0.553534360581   0.54269313635
2.216   0.553534349017   0.542693343754
2.312   0.553534343635   0.542693452726
2.408   0.553534341129   0.542693509983
2.504   0.553534339963   0.542693540067
2.6   0.55353433942   0.542693555874
2.696   0.553534339167   0.542693564179
2.792   0.55353433905   0.542693568543
2.888   0.553534338995   0.542693570836
2.984   0.55353433897   0.542693572041
3.08   0.553534338958   0.542693572674
3.176   0.553534338952   0.542693573006
3.272   0.55353433895   0.542693573181
3.368   0.553534338948   0.542693573273
3.464   0.553534338948   0.542693573321
3.56   0.553534338948   0.542693573347
3.656   0.553534338947   0.54269357336
3.752   0.553534338947   0.542693573367
3.848   0.553534338947   0.542693573371
3.944   0.553534338947   0.542693573373
4.04   0.553534338947   0.542693573374
4.136   0.553534338947   0.542693573374
4.232   0.553534338947   0.542693573374
4.328   0.553534338947   0.542693573374
4.424   0.553534338947   0.542693573375
4.52   0.553534338947   0.542693573375
4.616   0.553534338947   0.542693573375
4.712   0.553534338947   0.542693573375
4.808   0.553534338947   0.542693573375
4.904   0.553534338947   0.542693573375
5.0   0.553534338947   0.542693573375
5.096   0.553534338947   0.542693573375
5.192   0.553534338947   0.542693573375
5.288   0.553534338947   0.542693573375
5.384   0.553534338947   0.542693573375
5.48   0.553534338947   0.542693573375
5.576   0.553534338947   0.542693573375
5.672   0.553534338947   0.542693573375
5.768   0.553534338947   0.542693573375
5.864   0.553534338947   0.542693573375
5.96   0.553534338947   0.542693573375
6.056   0.553534338947   0.542693573375
6.152   0.553534338947   0.542693573375
6.248   0.553534338947   0.542693573375
6.344   0.553534338947   0.542693573375
6.44   0.553534338947   0.542693573375
6.536   0.553534338947   0.542693573375
6.632   0.553534338947   0.542693573375
6.728   0.553534338947   0.542693573375
6.824   0.553534338947   0.542693573375
6.92   0.553534338947   0.542693573375
7.016   0.553534338947   0.542693573375
7.112   0.553534338947   0.542693573375
7.208   0.553534338947   0.542693573375
7.304   0.553534338947   0.542693573375
7.4   0.553534338947   0.542693573375
7.496   0.553534338947   0.542693573375
7.592   0.553534338947   0.542693573375
7.688   0.553534338947   0.542693573375
7.784   0.553534338947   0.542693573375
7.88   0.553534338947   0.542693573375
7.976   0.553534338947   0.542693573375
8.072   0.553534338947   0.542693573375
8.168   0.553534338947   0.542693573375
8.264   0.553534338947   0.542693573375
8.36   0.553534338947   0.542693573375
8.456   0.553534338947   0.542693573375
8.552   0.553534338947   0.542693573375
8.648   0.553534338947   0.542693573375
8.744   0.553534338947   0.542693573375
8.84   0.553534338947   0.542693573375
8.936   0.553534338947   0.542693573375
9.032   0.553534338947   0.542693573375
9.128   0.553534338947   0.542693573375
9.224   0.553534338947   0.542693573375
9.32   0.553534338947   0.542693573375
9.416   0.553534338947   0.542693573375
9.512   0.553534338947   0.542693573375
9.608   0.553534338947   0.542693573375
9.704   0.553534338947   0.542693573375
