0.2   0.562632000567   -0.396288285588
0.296   0.55823319266   -0.441379780345
0.392   0.55445794193   -0.471391459631
0.488   0.551303354961   -0.491779346236
0.584   0.548751010869   -0.505486581547
0.68   0.546767488928   -0.514474204828
0.776   0.545301859802   -0.520207808645
0.872   0.544282554709   -0.523774675989
0.968   0.543618818999   -0.525942086244
1.064   0.543213169369   -0.527230967855
1.16   0.542978247512   -0.52798385062
1.256   0.542846675075   -0.528418112864
1.352   0.542775093282   -0.528666859817
1.448   0.542736726298   -0.52880867547
1.544   0.542716340841   -0.528889387892
1.64   0.542705563218   -0.528935290734
1.736   0.542699881015   -0.528961390418
1.832   0.542696889841   -0.528976229985
1.928   0.542695316588   -0.528984667833
2.024   0.542694489495   -0.528989465981
2.12   0.542694054784   -0.528992194606
2.216   0.542693826337   -0.528993746408
2.312   0.542693706293   -0.528994628967
2.408   0.542693643215   -0.52899513092
2.504   0.542693610071   -0.528995416409
2.6   0.542693592656   -0.528995578785
2.696   0.542693583506   -0.528995671138
2.792   0.542693578698   -0.528995723666
2.888   0.542693576172   -0.528995753543
2.984   0.542693574844   -0.528995770536
3.08   0.542693574147   -0.528995780201
3.176   0.54269357378   -0.528995785698
3.272   0.542693573588   -0.528995788825
3.368   0.542693573487   -0.528995790603
3.464   0.542693573434   -0.528995791614
3.56   0.542693573406   -0.52899579219
3.656   0.542693573391   -0.528995792517
3.752   0.542693573383   -0.528995792703
3.848   0.542693573379   -0.528995792809
3.944   0.542693573377   -0.528995792869
4.04   0.542693573376   -0.528995792903
4.136   0.542693573375   -0.528995792923
4.232   0.542693573375   -0.528995792934
4.328   0.542693573375   -0.52899579294
4.424   0.542693573375   -0.528995792944
4.52   0.542693573375   -0.528995792946
4.616   0.542693573375   -0.528995792947
4.712   0.542693573375   -0.528995792948
4.808   0.542693573375   -0.528995792948
4.904   0.542693573375   -0.528995792948
5.0   0.542693573375   -0.528995792948
5.096   0.542693573375   -0.528995792948
5.192   0.542693573375   -0.528995792949
5.288   0.542693573375   -0.528995792949
5.384   0.542693573375   -0.528995792949
5.48   0.542693573375   -0.528995792949
5.576   0.542693573375   -0.528995792949
5.672   0.542693573375   -0.528995792949
5.768   0.542693573375   -0.528995792949
5.864   0.542693573375   -0.528995792949
5.96   0.542693573375   -0.528995792949
6.056   0.542693573375   -0.528995792949
6.152   0.542693573375   -0.528995792949
6.248   0.542693573375   -0.528995792949
6.344   0.542693573375   -0.528995792949
6.44   0.542693573375   -0.528995792949
6.536   0.542693573375   -0.528995792949
6.632   0.542693573375   -0.528995792949
6.728   0.542693573375   -0.528995792949
6.824   0.542693573375   -0.528995792949
6.92   0.542693573375   -0.528995792949
7.016   0.542693573375   -0.528995792949
7.112   0.542693573375   -0.528995792949
7.208   0.542693573375   -0.528995792949
7.304   0.542693573375   -0.528995792949
7.4   0.542693573375   -0.528995792949
7.496   0.542693573375   -0.528995792949
7.592   0.542693573375   -0.528995792949
7.688   0.542693573375   -0.528995792949
7.784   0.542693573375   -0.528995792949
7.88   0.542693573375   -0.528995792949
7.976   0.542693573375   -0.528995792949
8.072   0.542693573375   -0.528995792949
8.168   0.542693573375   -0.528995792949
8.264   0.542693573375   -0.528995792949
8.36   0.542693573375   -0.528995792949
8.456   0.542693573375   -0.528995792949
8.552   0.542693573375   -0.528995792949
8.648   0.542693573375   -0.528995792949
8.744   0.542693573375   -0.528995792949
8.84   0.542693573375   -0.528995792949
8.936   0.542693573375   -0.528995792949
9.032   0.542693573375   -0.528995792949
9.128   0.542693573375   -0.528995792949
9.224   0.542693573375   -0.528995792949
9.32   0.542693573375   -0.528995792949
9.416   0.542693573375   -0.528995792949
9.512   0.542693573375   -0.528995792949
9.608   0.542693573375   -0.528995792949
9.704   0.542693573375   -0.528995792949
