0.2   0.565237654371   0.439347892573
0.296   0.562045891188   0.478474281645
0.392   0.559412997909   0.503880393204
0.488   0.55732596097   0.520158711686
0.584   0.555757059777   0.530078086747
0.68   0.554657196802   0.535809515338
0.776   0.553949682216   0.539001632332
0.872   0.553534340083   0.540737001707
0.968   0.553309679131   0.541664037725
1.064   0.553195417541   0.542153402961
1.16   0.553139191516   0.542410540244
1.256   0.553112234485   0.542545201952
1.352   0.553099453026   0.542615746883
1.448   0.553093427412   0.542652728524
1.544   0.553090594939   0.542672128516
1.64   0.553089265392   0.542682310968
1.736   0.553088641755   0.542687657494
1.832   0.553088349335   0.542690465538
1.928   0.553088212244   0.542691940593
2.024   0.55308814798   0.542692715514
2.12   0.553088117855   0.542693122644
2.216   0.553088103735   0.542693336552
2.312   0.553088097116   0.542693448942
2.408   0.553088094013   0.542693507995
2.504   0.553088092559   0.542693539022
2.6   0.553088091877   0.542693555325
2.696   0.553088091558   0.542693563891
2.792   0.553088091408   0.542693568392
2.888   0.553088091338   0.542693570756
2.984   0.553088091305   0.542693571999
3.08   0.553088091289   0.542693572652
3.176   0.553088091282   0.542693572995
3.272   0.553088091279   0.542693573175
3.368   0.553088091277   0.54269357327
3.464   0.553088091277   0.54269357332
3.56   0.553088091276   0.542693573346
3.656   0.553088091276   0.542693573359
3.752   0.553088091276   0.542693573367
3.848   0.553088091276   0.54269357337
3.944   0.553088091276   0.542693573372
4.04   0.553088091276   0.542693573373
4.136   0.553088091276   0.542693573374
4.232   0.553088091276   0.542693573374
4.328   0.553088091276   0.542693573374
4.424   0.553088091276   0.542693573375
4.52   0.553088091276   0.542693573375
4.616   0.553088091276   0.542693573375
4.712   0.553088091276   0.542693573375
4.808   0.553088091276   0.542693573375
4.904   0.553088091276   0.542693573375
5.0   0.553088091276   0.542693573375
5.096   0.553088091276   0.542693573375
5.192   0.553088091276   0.542693573375
5.288   0.553088091276   0.542693573375
5.384   0.553088091276   0.542693573375
5.48   0.553088091276   0.542693573375
5.576   0.553088091276   0.542693573375
5.672   0.553088091276   0.542693573375
5.768   0.553088091276   0.542693573375
5.864   0.553088091276   0.542693573375
5.96   0.553088091276   0.542693573375
6.056   0.553088091276   0.542693573375
6.152   0.553088091276   0.542693573375
6.248   0.553088091276   0.542693573375
6.344   0.553088091276   0.542693573375
6.44   0.553088091276   0.542693573375
6.536   0.553088091276   0.542693573375
6.632   0.553088091276   0.542693573375
6.728   0.553088091276   0.542693573375
6.824   0.553088091276   0.542693573375
6.92   0.553088091276   0.542693573375
7.016   0.553088091276   0.542693573375
7.112   0.553088091276   0.542693573375
7.208   0.553088091276   0.542693573375
7.304   0.553088091276   0.542693573375
7.4   0.553088091276   0.542693573375
7.496   0.553088091276   0.542693573375
7.592   0.553088091276   0.542693573375
7.688   0.553088091276   0.542693573375
7.784   0.553088091276   0.542693573375
7.88   0.553088091276   0.542693573375
7.976   0.553088091276   0.542693573375
8.072   0.553088091276   0.542693573375
8.168   0.553088091276   0.542693573375
8.264   0.553088091276   0.542693573375
8.36   0.553088091276   0.542693573375
8.456   0.553088091276   0.542693573375
8.552   0.553088091276   0.542693573375
8.648   0.553088091276   0.542693573375
8.744   0.553088091276   0.542693573375
8.84   0.553088091276   0.542693573375
8.936   0.553088091276   0.542693573375
9.032   0.553088091276   0.542693573375
9.128   0.553088091276   0.542693573375
9.224   0.553088091276   0.542693573375
9.32   0.553088091276   0.542693573375
9.416   0.553088091276   0.542693573375
9.512   0.553088091276   0.542693573375
9.608   0.553088091276   0.542693573375
9.704   0.553088091276   0.542693573375
