0.2   0.569272603367   0.473489877131
0.296   0.56838068631   0.505795987458
0.392   0.568010966977   0.524282729992
0.488   0.567890975779   0.533839328379
0.584   0.567856348939   0.538407501558
0.68   0.567847181412   0.540570647315
0.776   0.567844790589   0.541620009521
0.872   0.56784417016   0.542142682949
0.968   0.56784400941   0.542408222305
1.064   0.567843967781   0.542544907265
1.16   0.567843957002   0.542615847507
1.256   0.567843954211   0.542652851839
1.352   0.567843953488   0.542672212709
1.448   0.567843953301   0.542682360547
1.544   0.567843953253   0.542687685016
1.64   0.56784395324   0.542690480404
1.736   0.567843953237   0.542691948515
1.832   0.567843953236   0.542692719707
1.928   0.567843953236   0.542693124856
2.024   0.567843953236   0.542693337717
2.12   0.567843953236   0.542693449555
2.216   0.567843953236   0.542693508317
2.312   0.567843953236   0.542693539191
2.408   0.567843953236   0.542693555414
2.504   0.567843953236   0.542693563937
2.6   0.567843953236   0.542693568416
2.696   0.567843953236   0.542693570769
2.792   0.567843953236   0.542693572006
2.888   0.567843953236   0.542693572655
2.984   0.567843953236   0.542693572997
3.08   0.567843953236   0.542693573176
3.176   0.567843953236   0.54269357327
3.272   0.567843953236   0.54269357332
3.368   0.567843953236   0.542693573346
3.464   0.567843953236   0.54269357336
3.56   0.567843953236   0.542693573367
3.656   0.567843953236   0.54269357337
3.752   0.567843953236   0.542693573372
3.848   0.567843953236   0.542693573374
3.944   0.567843953236   0.542693573374
4.04   0.567843953236   0.542693573374
4.136   0.567843953236   0.542693573374
4.232   0.567843953236   0.542693573375
4.328   0.567843953236   0.542693573375
4.424   0.567843953236   0.542693573375
4.52   0.567843953236   0.542693573375
4.616   0.567843953236   0.542693573375
4.712   0.567843953236   0.542693573375
4.808   0.567843953236   0.542693573375
4.904   0.567843953236   0.542693573375
5.0   0.567843953236   0.542693573375
5.096   0.567843953236   0.542693573375
5.192   0.567843953236   0.542693573375
5.288   0.567843953236   0.542693573375
5.384   0.567843953236   0.542693573375
5.48   0.567843953236   0.542693573375
5.576   0.567843953236   0.542693573375
5.672   0.567843953236   0.542693573375
5.768   0.567843953236   0.542693573375
5.864   0.567843953236   0.542693573375
5.96   0.567843953236   0.542693573375
6.056   0.567843953236   0.542693573375
6.152   0.567843953236   0.542693573375
6.248   0.567843953236   0.542693573375
6.344   0.567843953236   0.542693573375
6.44   0.567843953236   0.542693573375
6.536   0.567843953236   0.542693573375
6.632   0.567843953236   0.542693573375
6.728   0.567843953236   0.542693573375
6.824   0.567843953236   0.542693573375
6.92   0.567843953236   0.542693573375
7.016   0.567843953236   0.542693573375
7.112   0.567843953236   0.542693573375
7.208   0.567843953236   0.542693573375
7.304   0.567843953236   0.542693573375
7.4   0.567843953236   0.542693573375
7.496   0.567843953236   0.542693573375
7.592   0.567843953236   0.542693573375
7.688   0.567843953236   0.542693573375
7.784   0.567843953236   0.542693573375
7.88   0.567843953236   0.542693573375
7.976   0.567843953236   0.542693573375
8.072   0.567843953236   0.542693573375
8.168   0.567843953236   0.542693573375
8.264   0.567843953236   0.542693573375
8.36   0.567843953236   0.542693573375
8.456   0.567843953236   0.542693573375
8.552   0.567843953236   0.542693573375
8.648   0.567843953236   0.542693573375
8.744   0.567843953236   0.542693573375
8.84   0.567843953236   0.542693573375
8.936   0.567843953236   0.542693573375
9.032   0.567843953236   0.542693573375
9.128   0.567843953236   0.542693573375
9.224   0.567843953236   0.542693573375
9.32   0.567843953236   0.542693573375
9.416   0.567843953236   0.542693573375
9.512   0.567843953236   0.542693573375
9.608   0.567843953236   0.542693573375
9.704   0.567843953236   0.542693573375
