0.2   0.562854139247   0.413660071152
0.296   0.558559762691   0.453368952962
0.392   0.554870969396   0.480351033927
0.488   0.551773683322   0.498877474321
0.584   0.549240095195   0.51139771489
0.68   0.547232091211   0.519638687328
0.776   0.545702484157   0.524931363293
0.872   0.544594003619   0.528262514865
0.968   0.543837315801   0.530317109788
1.064   0.543352914464   0.531555368258
1.16   0.543061073314   0.532284100955
1.256   0.542893925903   0.532704170602
1.352   0.542800972087   0.532943135215
1.448   0.542750643793   0.533077664138
1.544   0.542723748096   0.533153047809
1.64   0.542709482668   0.533195183663
1.736   0.542701948297   0.533218705617
1.832   0.542697978305   0.533231828511
1.928   0.54269588914   0.533239147764
2.024   0.542694790512   0.533243229596
2.12   0.542694212999   0.533245505881
2.216   0.542693909482   0.533246775271
2.312   0.542693749984   0.533247483159
2.408   0.542693666173   0.533247877923
2.504   0.542693622134   0.533248098069
2.6   0.542693598995   0.533248220839
2.696   0.542693586836   0.533248289304
2.792   0.542693580448   0.533248327485
2.888   0.542693577091   0.533248348777
2.984   0.542693575327   0.533248360651
3.08   0.542693574401   0.533248367273
3.176   0.542693573914   0.533248370966
3.272   0.542693573658   0.533248373026
3.368   0.542693573523   0.533248374174
3.464   0.542693573453   0.533248374815
3.56   0.542693573416   0.533248375172
3.656   0.542693573396   0.533248375371
3.752   0.542693573386   0.533248375482
3.848   0.542693573381   0.533248375544
3.944   0.542693573378   0.533248375579
4.04   0.542693573376   0.533248375598
4.136   0.542693573376   0.533248375609
4.232   0.542693573375   0.533248375615
4.328   0.542693573375   0.533248375618
4.424   0.542693573375   0.53324837562
4.52   0.542693573375   0.533248375621
4.616   0.542693573375   0.533248375622
4.712   0.542693573375   0.533248375622
4.808   0.542693573375   0.533248375622
4.904   0.542693573375   0.533248375622
5.0   0.542693573375   0.533248375622
5.096   0.542693573375   0.533248375622
5.192   0.542693573375   0.533248375622
5.288   0.542693573375   0.533248375622
5.384   0.542693573375   0.533248375622
5.48   0.542693573375   0.533248375622
5.576   0.542693573375   0.533248375622
5.672   0.542693573375   0.533248375622
5.768   0.542693573375   0.533248375622
5.864   0.542693573375   0.533248375622
5.96   0.542693573375   0.533248375622
6.056   0.542693573375   0.533248375622
6.152   0.542693573375   0.533248375622
6.248   0.542693573375   0.533248375622
6.344   0.542693573375   0.533248375622
6.44   0.542693573375   0.533248375622
6.536   0.542693573375   0.533248375622
6.632   0.542693573375   0.533248375622
6.728   0.542693573375   0.533248375622
6.824   0.542693573375   0.533248375622
6.92   0.542693573375   0.533248375622
7.016   0.542693573375   0.533248375622
7.112   0.542693573375   0.533248375622
7.208   0.542693573375   0.533248375622
7.304   0.542693573375   0.533248375622
7.4   0.542693573375   0.533248375622
7.496   0.542693573375   0.533248375622
7.592   0.542693573375   0.533248375622
7.688   0.542693573375   0.533248375622
7.784   0.542693573375   0.533248375622
7.88   0.542693573375   0.533248375622
7.976   0.542693573375   0.533248375622
8.072   0.542693573375   0.533248375622
8.168   0.542693573375   0.533248375622
8.264   0.542693573375   0.533248375622
8.36   0.542693573375   0.533248375622
8.456   0.542693573375   0.533248375622
8.552   0.542693573375   0.533248375622
8.648   0.542693573375   0.533248375622
8.744   0.542693573375   0.533248375622
8.84   0.542693573375   0.533248375622
8.936   0.542693573375   0.533248375622
9.032   0.542693573375   0.533248375622
9.128   0.542693573375   0.533248375622
9.224   0.542693573375   0.533248375622
9.32   0.542693573375   0.533248375622
9.416   0.542693573375   0.533248375622
9.512   0.542693573375   0.533248375622
9.608   0.542693573375   0.533248375622
9.704   0.542693573375   0.533248375622
