0.2   0.566166610843   0.438303369252
0.296   0.563466160325   0.481020499984
0.392   0.561365147476   0.507573463132
0.488   0.559849376537   0.523679165488
0.584   0.558859619651   0.532786345329
0.68   0.558283665739   0.537615350193
0.776   0.557983210889   0.540094442786
0.872   0.557839331082   0.541357087888
0.968   0.55777359808   0.542002173376
1.064   0.557744589718   0.542334172545
1.16   0.557731967421   0.542506024032
1.256   0.557726512714   0.542595448115
1.352   0.55772416313   0.542642148723
1.448   0.557723152593   0.542666595091
1.544   0.557722718272   0.542679411095
1.64   0.557722531665   0.542686136041
1.736   0.557722451499   0.542689666775
1.832   0.557722417063   0.54269152109
1.928   0.557722402271   0.54269249515
2.024   0.557722395918   0.542693006875
2.12   0.557722393188   0.542693275728
2.216   0.557722392016   0.542693416985
2.312   0.557722391512   0.542693491204
2.408   0.557722391296   0.5426935302
2.504   0.557722391203   0.542693550689
2.6   0.557722391163   0.542693561455
2.696   0.557722391146   0.542693567112
2.792   0.557722391139   0.542693570084
2.888   0.557722391136   0.542693571646
2.984   0.557722391134   0.542693572466
3.08   0.557722391134   0.542693572897
3.176   0.557722391133   0.542693573124
3.272   0.557722391133   0.542693573243
3.368   0.557722391133   0.542693573305
3.464   0.557722391133   0.542693573338
3.56   0.557722391133   0.542693573356
3.656   0.557722391133   0.542693573365
3.752   0.557722391133   0.542693573369
3.848   0.557722391133   0.542693573372
3.944   0.557722391133   0.542693573373
4.04   0.557722391133   0.542693573374
4.136   0.557722391133   0.542693573374
4.232   0.557722391133   0.542693573374
4.328   0.557722391133   0.542693573375
4.424   0.557722391133   0.542693573375
4.52   0.557722391133   0.542693573375
4.616   0.557722391133   0.542693573375
4.712   0.557722391133   0.542693573375
4.808   0.557722391133   0.542693573375
4.904   0.557722391133   0.542693573375
5.0   0.557722391133   0.542693573375
5.096   0.557722391133   0.542693573375
5.192   0.557722391133   0.542693573375
5.288   0.557722391133   0.542693573375
5.384   0.557722391133   0.542693573375
5.48   0.557722391133   0.542693573375
5.576   0.557722391133   0.542693573375
5.672   0.557722391133   0.542693573375
5.768   0.557722391133   0.542693573375
5.864   0.557722391133   0.542693573375
5.96   0.557722391133   0.542693573375
6.056   0.557722391133   0.542693573375
6.152   0.557722391133   0.542693573375
6.248   0.557722391133   0.542693573375
6.344   0.557722391133   0.542693573375
6.44   0.557722391133   0.542693573375
6.536   0.557722391133   0.542693573375
6.632   0.557722391133   0.542693573375
6.728   0.557722391133   0.542693573375
6.824   0.557722391133   0.542693573375
6.92   0.557722391133   0.542693573375
7.016   0.557722391133   0.542693573375
7.112   0.557722391133   0.542693573375
7.208   0.557722391133   0.542693573375
7.304   0.557722391133   0.542693573375
7.4   0.557722391133   0.542693573375
7.496   0.557722391133   0.542693573375
7.592   0.557722391133   0.542693573375
7.688   0.557722391133   0.542693573375
7.784   0.557722391133   0.542693573375
7.88   0.557722391133   0.542693573375
7.976   0.557722391133   0.542693573375
8.072   0.557722391133   0.542693573375
8.168   0.557722391133   0.542693573375
8.264   0.557722391133   0.542693573375
8.36   0.557722391133   0.542693573375
8.456   0.557722391133   0.542693573375
8.552   0.557722391133   0.542693573375
8.648   0.557722391133   0.542693573375
8.744   0.557722391133   0.542693573375
8.84   0.557722391133   0.542693573375
8.936   0.557722391133   0.542693573375
9.032   0.557722391133   0.542693573375
9.128   0.557722391133   0.542693573375
9.224   0.557722391133   0.542693573375
9.32   0.557722391133   0.542693573375
9.416   0.557722391133   0.542693573375
9.512   0.557722391133   0.542693573375
9.608   0.557722391133   0.542693573375
9.704   0.557722391133   0.542693573375
