0.2   0.566677455823   0.460322595317
0.296   0.564328862446   0.494001969731
0.392   0.562634912658   0.515388924148
0.488   0.561541625222   0.528234507532
0.584   0.560923940378   0.535304507213
0.68   0.560616958753   0.538951892646
0.776   0.560478880977   0.540789353541
0.872   0.560419997754   0.541716100374
0.968   0.560395819355   0.542187937933
1.064   0.560386031691   0.542430547736
1.16   0.56038209547   0.542556224628
1.256   0.560380517115   0.542621675823
1.352   0.560379885037   0.542655880277
1.448   0.560379632053   0.542673794177
1.544   0.560379530822   0.542683188687
1.64   0.560379490319   0.542688119336
1.736   0.560379474114   0.542690708376
1.832   0.560379467631   0.542692068232
1.928   0.560379465037   0.542692782591
2.024   0.560379463999   0.542693157892
2.12   0.560379463584   0.542693355073
2.216   0.560379463418   0.542693458674
2.312   0.560379463351   0.542693513108
2.408   0.560379463325   0.542693541709
2.504   0.560379463314   0.542693556737
2.6   0.56037946331   0.542693564632
2.696   0.560379463308   0.542693568781
2.792   0.560379463308   0.542693570961
2.888   0.560379463307   0.542693572107
2.984   0.560379463307   0.542693572708
3.08   0.560379463307   0.542693573025
3.176   0.560379463307   0.542693573191
3.272   0.560379463307   0.542693573278
3.368   0.560379463307   0.542693573324
3.464   0.560379463307   0.542693573348
3.56   0.560379463307   0.542693573361
3.656   0.560379463307   0.542693573367
3.752   0.560379463307   0.542693573371
3.848   0.560379463307   0.542693573373
3.944   0.560379463307   0.542693573374
4.04   0.560379463307   0.542693573374
4.136   0.560379463307   0.542693573374
4.232   0.560379463307   0.542693573375
4.328   0.560379463307   0.542693573375
4.424   0.560379463307   0.542693573375
4.52   0.560379463307   0.542693573375
4.616   0.560379463307   0.542693573375
4.712   0.560379463307   0.542693573375
4.808   0.560379463307   0.542693573375
4.904   0.560379463307   0.542693573375
5.0   0.560379463307   0.542693573375
5.096   0.560379463307   0.542693573375
5.192   0.560379463307   0.542693573375
5.288   0.560379463307   0.542693573375
5.384   0.560379463307   0.542693573375
5.48   0.560379463307   0.542693573375
5.576   0.560379463307   0.542693573375
5.672   0.560379463307   0.542693573375
5.768   0.560379463307   0.542693573375
5.864   0.560379463307   0.542693573375
5.96   0.560379463307   0.542693573375
6.056   0.560379463307   0.542693573375
6.152   0.560379463307   0.542693573375
6.248   0.560379463307   0.542693573375
6.344   0.560379463307   0.542693573375
6.44   0.560379463307   0.542693573375
6.536   0.560379463307   0.542693573375
6.632   0.560379463307   0.542693573375
6.728   0.560379463307   0.542693573375
6.824   0.560379463307   0.542693573375
6.92   0.560379463307   0.542693573375
7.016   0.560379463307   0.542693573375
7.112   0.560379463307   0.542693573375
7.208   0.560379463307   0.542693573375
7.304   0.560379463307   0.542693573375
7.4   0.560379463307   0.542693573375
7.496   0.560379463307   0.542693573375
7.592   0.560379463307   0.542693573375
7.688   0.560379463307   0.542693573375
7.784   0.560379463307   0.542693573375
7.88   0.560379463307   0.542693573375
7.976   0.560379463307   0.542693573375
8.072   0.560379463307   0.542693573375
8.168   0.560379463307   0.542693573375
8.264   0.560379463307   0.542693573375
8.36   0.560379463307   0.542693573375
8.456   0.560379463307   0.542693573375
8.552   0.560379463307   0.542693573375
8.648   0.560379463307   0.542693573375
8.744   0.560379463307   0.542693573375
8.84   0.560379463307   0.542693573375
8.936   0.560379463307   0.542693573375
9.032   0.560379463307   0.542693573375
9.128   0.560379463307   0.542693573375
9.224   0.560379463307   0.542693573375
9.32   0.560379463307   0.542693573375
9.416   0.560379463307   0.542693573375
9.512   0.560379463307   0.542693573375
9.608   0.560379463307   0.542693573375
9.704   0.560379463307   0.542693573375
