0.2   0.561881942491   0.391400312322
0.296   0.557244161162   0.433669781052
0.392   0.553331550588   0.462365096453
0.488   0.550148983156   0.482148561615
0.584   0.547675422848   0.495621910007
0.68   0.545857591   0.50454874433
0.776   0.544605507107   0.510275497932
0.872   0.543799360155   0.513841551632
0.968   0.543311601061   0.516010290714
1.064   0.543031047995   0.517307865068
1.16   0.542874799125   0.518076637915
1.256   0.542789994109   0.518529806911
1.352   0.542744595037   0.518796423417
1.448   0.54272048768   0.518953145016
1.544   0.542707745921   0.519045324749
1.64   0.542701029044   0.519099533884
1.736   0.542697493406   0.519131432001
1.832   0.542695633826   0.519150207872
1.928   0.542694656213   0.519161262535
2.024   0.542694142392   0.519167772397
2.12   0.542693872371   0.519171606421
2.216   0.542693730482   0.519173864697
2.312   0.542693655925   0.519175194924
2.408   0.542693616749   0.519175978518
2.504   0.542693596165   0.519176440121
2.6   0.54269358535   0.519176712048
2.696   0.542693579667   0.519176872241
2.792   0.542693576681   0.519176966611
2.888   0.542693575112   0.519177022205
2.984   0.542693574287   0.519177054956
3.08   0.542693573854   0.51917707425
3.176   0.542693573627   0.519177085617
3.272   0.542693573507   0.519177092312
3.368   0.542693573444   0.519177096257
3.464   0.542693573411   0.519177098581
3.56   0.542693573394   0.51917709995
3.656   0.542693573385   0.519177100757
3.752   0.54269357338   0.519177101232
3.848   0.542693573377   0.519177101512
3.944   0.542693573376   0.519177101676
4.04   0.542693573375   0.519177101774
4.136   0.542693573375   0.519177101831
4.232   0.542693573375   0.519177101865
4.328   0.542693573375   0.519177101884
4.424   0.542693573375   0.519177101896
4.52   0.542693573375   0.519177101903
4.616   0.542693573375   0.519177101907
4.712   0.542693573375   0.519177101909
4.808   0.542693573375   0.519177101911
4.904   0.542693573375   0.519177101912
5.0   0.542693573375   0.519177101912
5.096   0.542693573375   0.519177101912
5.192   0.542693573375   0.519177101913
5.288   0.542693573375   0.519177101913
5.384   0.542693573375   0.519177101913
5.48   0.542693573375   0.519177101913
5.576   0.542693573375   0.519177101913
5.672   0.542693573375   0.519177101913
5.768   0.542693573375   0.519177101913
5.864   0.542693573375   0.519177101913
5.96   0.542693573375   0.519177101913
6.056   0.542693573375   0.519177101913
6.152   0.542693573375   0.519177101913
6.248   0.542693573375   0.519177101913
6.344   0.542693573375   0.519177101913
6.44   0.542693573375   0.519177101913
6.536   0.542693573375   0.519177101913
6.632   0.542693573375   0.519177101913
6.728   0.542693573375   0.519177101913
6.824   0.542693573375   0.519177101913
6.92   0.542693573375   0.519177101913
7.016   0.542693573375   0.519177101913
7.112   0.542693573375   0.519177101913
7.208   0.542693573375   0.519177101913
7.304   0.542693573375   0.519177101913
7.4   0.542693573375   0.519177101913
7.496   0.542693573375   0.519177101913
7.592   0.542693573375   0.519177101913
7.688   0.542693573375   0.519177101913
7.784   0.542693573375   0.519177101913
7.88   0.542693573375   0.519177101913
7.976   0.542693573375   0.519177101913
8.072   0.542693573375   0.519177101913
8.168   0.542693573375   0.519177101913
8.264   0.542693573375   0.519177101913
8.36   0.542693573375   0.519177101913
8.456   0.542693573375   0.519177101913
8.552   0.542693573375   0.519177101913
8.648   0.542693573375   0.519177101913
8.744   0.542693573375   0.519177101913
8.84   0.542693573375   0.519177101913
8.936   0.542693573375   0.519177101913
9.032   0.542693573375   0.519177101913
9.128   0.542693573375   0.519177101913
9.224   0.542693573375   0.519177101913
9.32   0.542693573375   0.519177101913
9.416   0.542693573375   0.519177101913
9.512   0.542693573375   0.519177101913
9.608   0.542693573375   0.519177101913
9.704   0.542693573375   0.519177101913
