0.2   0.562058610195   0.386897438677
0.296   0.557466677465   0.431933590567
0.392   0.553572847726   0.462100705659
0.488   0.550383539156   0.482725689623
0.584   0.547881799943   0.496690620042
0.68   0.546021857853   0.505903465977
0.776   0.544723719033   0.511795153833
0.872   0.543876984826   0.515455000299
0.968   0.543358801204   0.517675332906
1.064   0.543058262424   0.518999721549
1.16   0.542889864209   0.519781379507
1.256   0.542798150855   0.520240089109
1.352   0.542748953991   0.520508665769
1.448   0.542722799689   0.520665733864
1.544   0.542708967056   0.520757642421
1.64   0.542701672501   0.520811407411
1.736   0.542697832026   0.520842877763
1.832   0.542695811899   0.520861304216
1.928   0.542694749821   0.52087209593
2.024   0.542694191589   0.520878417415
2.12   0.542693898225   0.520882120846
2.216   0.542693744067   0.520884290689
2.312   0.542693663063   0.520885562079
2.408   0.5426936205   0.520886307061
2.504   0.542693598136   0.520886743601
2.6   0.542693586385   0.520886999407
2.696   0.542693580211   0.520887149307
2.792   0.542693576967   0.520887237147
2.888   0.542693575262   0.520887288622
2.984   0.542693574366   0.520887318785
3.08   0.542693573896   0.520887336461
3.176   0.542693573648   0.52088734682
3.272   0.542693573519   0.52088735289
3.368   0.54269357345   0.520887356446
3.464   0.542693573414   0.520887358531
3.56   0.542693573396   0.520887359752
3.656   0.542693573386   0.520887360468
3.752   0.54269357338   0.520887360887
3.848   0.542693573378   0.520887361133
3.944   0.542693573376   0.520887361277
4.04   0.542693573375   0.520887361362
4.136   0.542693573375   0.520887361411
4.232   0.542693573375   0.52088736144
4.328   0.542693573375   0.520887361457
4.424   0.542693573375   0.520887361467
4.52   0.542693573375   0.520887361473
4.616   0.542693573375   0.520887361476
4.712   0.542693573375   0.520887361478
4.808   0.542693573375   0.52088736148
4.904   0.542693573375   0.52088736148
5.0   0.542693573375   0.520887361481
5.096   0.542693573375   0.520887361481
5.192   0.542693573375   0.520887361481
5.288   0.542693573375   0.520887361481
5.384   0.542693573375   0.520887361481
5.48   0.542693573375   0.520887361481
5.576   0.542693573375   0.520887361481
5.672   0.542693573375   0.520887361481
5.768   0.542693573375   0.520887361481
5.864   0.542693573375   0.520887361481
5.96   0.542693573375   0.520887361481
6.056   0.542693573375   0.520887361481
6.152   0.542693573375   0.520887361481
6.248   0.542693573375   0.520887361481
6.344   0.542693573375   0.520887361481
6.44   0.542693573375   0.520887361481
6.536   0.542693573375   0.520887361481
6.632   0.542693573375   0.520887361481
6.728   0.542693573375   0.520887361481
6.824   0.542693573375   0.520887361481
6.92   0.542693573375   0.520887361481
7.016   0.542693573375   0.520887361481
7.112   0.542693573375   0.520887361481
7.208   0.542693573375   0.520887361481
7.304   0.542693573375   0.520887361481
7.4   0.542693573375   0.520887361481
7.496   0.542693573375   0.520887361481
7.592   0.542693573375   0.520887361481
7.688   0.542693573375   0.520887361481
7.784   0.542693573375   0.520887361481
7.88   0.542693573375   0.520887361481
7.976   0.542693573375   0.520887361481
8.072   0.542693573375   0.520887361481
8.168   0.542693573375   0.520887361481
8.264   0.542693573375   0.520887361481
8.36   0.542693573375   0.520887361481
8.456   0.542693573375   0.520887361481
8.552   0.542693573375   0.520887361481
8.648   0.542693573375   0.520887361481
8.744   0.542693573375   0.520887361481
8.84   0.542693573375   0.520887361481
8.936   0.542693573375   0.520887361481
9.032   0.542693573375   0.520887361481
9.128   0.542693573375   0.520887361481
9.224   0.542693573375   0.520887361481
9.32   0.542693573375   0.520887361481
9.416   0.542693573375   0.520887361481
9.512   0.542693573375   0.520887361481
9.608   0.542693573375   0.520887361481
9.704   0.542693573375   0.520887361481
