0.2   0.56311528634   0.404744076693
0.296   0.558901188711   0.449259582116
0.392   0.555263195353   0.478769706671
0.488   0.552188704507   0.498697943078
0.584   0.549651135519   0.511990959859
0.68   0.547613892709   0.52064898287
0.776   0.546032947611   0.52617391432
0.872   0.544857706139   0.529650553245
0.968   0.544029647221   0.531808508037
1.064   0.543481027892   0.533122579127
1.16   0.543139930168   0.53390384928
1.256   0.54293987699   0.534357296864
1.352   0.542826505325   0.534615443435
1.448   0.542764492033   0.534760671229
1.544   0.54273115385   0.534841448579
1.64   0.542713411712   0.534886361033
1.736   0.542704023635   0.534911241064
1.832   0.542699071864   0.534925007987
1.928   0.542696464614   0.534932621324
2.024   0.542695093135   0.534936830477
2.12   0.542694372077   0.534939157282
2.216   0.542693993087   0.534940443463
2.312   0.542693793918   0.534941154405
2.408   0.542693689259   0.534941547379
2.504   0.542693634265   0.534941764595
2.6   0.542693605368   0.534941884662
2.696   0.542693590185   0.534941951028
2.792   0.542693582207   0.534941987713
2.888   0.542693578016   0.53494200799
2.984   0.542693575813   0.534942019199
3.08   0.542693574656   0.534942025394
3.176   0.542693574048   0.534942028819
3.272   0.542693573728   0.534942030712
3.368   0.542693573561   0.534942031758
3.464   0.542693573472   0.534942032336
3.56   0.542693573426   0.534942032656
3.656   0.542693573402   0.534942032833
3.752   0.542693573389   0.53494203293
3.848   0.542693573382   0.534942032984
3.944   0.542693573379   0.534942033014
4.04   0.542693573377   0.534942033031
4.136   0.542693573376   0.53494203304
4.232   0.542693573375   0.534942033045
4.328   0.542693573375   0.534942033048
4.424   0.542693573375   0.534942033049
4.52   0.542693573375   0.53494203305
4.616   0.542693573375   0.534942033051
4.712   0.542693573375   0.534942033051
4.808   0.542693573375   0.534942033051
4.904   0.542693573375   0.534942033051
5.0   0.542693573375   0.534942033051
5.096   0.542693573375   0.534942033051
5.192   0.542693573375   0.534942033051
5.288   0.542693573375   0.534942033051
5.384   0.542693573375   0.534942033051
5.48   0.542693573375   0.534942033051
5.576   0.542693573375   0.534942033051
5.672   0.542693573375   0.534942033051
5.768   0.542693573375   0.534942033051
5.864   0.542693573375   0.534942033051
5.96   0.542693573375   0.534942033051
6.056   0.542693573375   0.534942033051
6.152   0.542693573375   0.534942033051
6.248   0.542693573375   0.534942033051
6.344   0.542693573375   0.534942033051
6.44   0.542693573375   0.534942033051
6.536   0.542693573375   0.534942033051
6.632   0.542693573375   0.534942033051
6.728   0.542693573375   0.534942033051
6.824   0.542693573375   0.534942033051
6.92   0.542693573375   0.534942033051
7.016   0.542693573375   0.534942033051
7.112   0.542693573375   0.534942033051
7.208   0.542693573375   0.534942033051
7.304   0.542693573375   0.534942033051
7.4   0.542693573375   0.534942033051
7.496   0.542693573375   0.534942033051
7.592   0.542693573375   0.534942033051
7.688   0.542693573375   0.534942033051
7.784   0.542693573375   0.534942033051
7.88   0.542693573375   0.534942033051
7.976   0.542693573375   0.534942033051
8.072   0.542693573375   0.534942033051
8.168   0.542693573375   0.534942033051
8.264   0.542693573375   0.534942033051
8.36   0.542693573375   0.534942033051
8.456   0.542693573375   0.534942033051
8.552   0.542693573375   0.534942033051
8.648   0.542693573375   0.534942033051
8.744   0.542693573375   0.534942033051
8.84   0.542693573375   0.534942033051
8.936   0.542693573375   0.534942033051
9.032   0.542693573375   0.534942033051
9.128   0.542693573375   0.534942033051
9.224   0.542693573375   0.534942033051
9.32   0.542693573375   0.534942033051
9.416   0.542693573375   0.534942033051
9.512   0.542693573375   0.534942033051
9.608   0.542693573375   0.534942033051
9.704   0.542693573375   0.534942033051
