0.2   0.561204426471   0.36683160473
0.296   0.55636941829   0.412789523596
0.392   0.552372569701   0.443651090374
0.488   0.549220963973   0.46482295636
0.584   0.546874888273   0.479234062498
0.68   0.545239927379   0.48881417617
0.776   0.544176218   0.495004135889
0.872   0.543526627965   0.498904338907
0.968   0.543149857568   0.501318007936
1.064   0.542939423198   0.502795722901
1.16   0.5428245979   0.503695502736
1.256   0.542762978171   0.50424242076
1.352   0.542730207869   0.504574650175
1.448   0.542712871504   0.50477656197
1.544   0.542703727606   0.504899356499
1.64   0.542698912909   0.504974083945
1.736   0.542696380143   0.505019584749
1.832   0.542695048487   0.505047301533
1.928   0.542694348545   0.505064190524
2.024   0.542693980702   0.505074484024
2.12   0.542693787405   0.505080758705
2.216   0.542693685835   0.505084584026
2.312   0.542693632465   0.505086916284
2.408   0.542693604423   0.505088338309
2.504   0.542693589688   0.505089205376
2.6   0.542693581946   0.505089734074
2.696   0.542693577879   0.505090056454
2.792   0.542693575741   0.505090253032
2.888   0.542693574618   0.5050903729
2.984   0.542693574028   0.505090445992
3.08   0.542693573718   0.505090490562
3.176   0.542693573555   0.50509051774
3.272   0.542693573469   0.505090534313
3.368   0.542693573424   0.505090544418
3.464   0.542693573401   0.505090550581
3.56   0.542693573388   0.505090554338
3.656   0.542693573382   0.505090556629
3.752   0.542693573378   0.505090558027
3.848   0.542693573377   0.505090558879
3.944   0.542693573376   0.505090559398
4.04   0.542693573375   0.505090559715
4.136   0.542693573375   0.505090559908
4.232   0.542693573375   0.505090560026
4.328   0.542693573375   0.505090560098
4.424   0.542693573375   0.505090560141
4.52   0.542693573375   0.505090560168
4.616   0.542693573375   0.505090560184
4.712   0.542693573375   0.505090560194
4.808   0.542693573375   0.5050905602
4.904   0.542693573375   0.505090560204
5.0   0.542693573375   0.505090560206
5.096   0.542693573375   0.505090560208
5.192   0.542693573375   0.505090560209
5.288   0.542693573375   0.505090560209
5.384   0.542693573375   0.505090560209
5.48   0.542693573375   0.50509056021
5.576   0.542693573375   0.50509056021
5.672   0.542693573375   0.50509056021
5.768   0.542693573375   0.50509056021
5.864   0.542693573375   0.50509056021
5.96   0.542693573375   0.50509056021
6.056   0.542693573375   0.50509056021
6.152   0.542693573375   0.50509056021
6.248   0.542693573375   0.50509056021
6.344   0.542693573375   0.50509056021
6.44   0.542693573375   0.50509056021
6.536   0.542693573375   0.50509056021
6.632   0.542693573375   0.50509056021
6.728   0.542693573375   0.50509056021
6.824   0.542693573375   0.50509056021
6.92   0.542693573375   0.50509056021
7.016   0.542693573375   0.50509056021
7.112   0.542693573375   0.50509056021
7.208   0.542693573375   0.50509056021
7.304   0.542693573375   0.50509056021
7.4   0.542693573375   0.50509056021
7.496   0.542693573375   0.50509056021
7.592   0.542693573375   0.50509056021
7.688   0.542693573375   0.50509056021
7.784   0.542693573375   0.50509056021
7.88   0.542693573375   0.50509056021
7.976   0.542693573375   0.50509056021
8.072   0.542693573375   0.50509056021
8.168   0.542693573375   0.50509056021
8.264   0.542693573375   0.50509056021
8.36   0.542693573375   0.50509056021
8.456   0.542693573375   0.50509056021
8.552   0.542693573375   0.50509056021
8.648   0.542693573375   0.50509056021
8.744   0.542693573375   0.50509056021
8.84   0.542693573375   0.50509056021
8.936   0.542693573375   0.50509056021
9.032   0.542693573375   0.50509056021
9.128   0.542693573375   0.50509056021
9.224   0.542693573375   0.50509056021
9.32   0.542693573375   0.50509056021
9.416   0.542693573375   0.50509056021
9.512   0.542693573375   0.50509056021
9.608   0.542693573375   0.50509056021
9.704   0.542693573375   0.50509056021
