0.2   0.563309539536   0.403743819302
0.296   0.559167778488   0.44970999713
0.392   0.555585069054   0.479903956639
0.488   0.552547161846   0.500148589345
0.584   0.550025619692   0.513561370322
0.68   0.547982140313   0.52224592505
0.776   0.546372104594   0.527772927295
0.872   0.545147232367   0.531262158783
0.968   0.544255952226   0.533450931867
1.064   0.543642109398   0.53480609419
1.16   0.543244597696   0.535626933534
1.256   0.543002457679   0.536110659791
1.352   0.542862744658   0.536388464715
1.448   0.542784436729   0.536544997119
1.544   0.542741908194   0.536632101911
1.64   0.542719143449   0.536680146507
1.736   0.542707058712   0.536706557075
1.832   0.542700673289   0.536721042816
1.928   0.542697307955   0.536728978596
2.024   0.54269553679   0.536733323432
2.12   0.542694605339   0.536735701495
2.216   0.542694115692   0.536737002884
2.312   0.542693858351   0.536737715013
2.408   0.542693723117   0.536738104681
2.504   0.542693652056   0.536738317898
2.6   0.542693614717   0.536738434566
2.696   0.542693595097   0.536738498403
2.792   0.542693584788   0.536738533332
2.888   0.542693579372   0.536738552445
2.984   0.542693576526   0.536738562903
3.08   0.54269357503   0.536738568625
3.176   0.542693574245   0.536738571756
3.272   0.542693573832   0.536738573469
3.368   0.542693573615   0.536738574407
3.464   0.542693573501   0.53673857492
3.56   0.542693573441   0.5367385752
3.656   0.542693573409   0.536738575354
3.752   0.542693573393   0.536738575438
3.848   0.542693573384   0.536738575484
3.944   0.54269357338   0.536738575509
4.04   0.542693573377   0.536738575523
4.136   0.542693573376   0.53673857553
4.232   0.542693573375   0.536738575535
4.328   0.542693573375   0.536738575537
4.424   0.542693573375   0.536738575538
4.52   0.542693573375   0.536738575539
4.616   0.542693573375   0.536738575539
4.712   0.542693573375   0.536738575539
4.808   0.542693573375   0.536738575539
4.904   0.542693573375   0.536738575539
5.0   0.542693573375   0.53673857554
5.096   0.542693573375   0.53673857554
5.192   0.542693573375   0.53673857554
5.288   0.542693573375   0.53673857554
5.384   0.542693573375   0.53673857554
5.48   0.542693573375   0.53673857554
5.576   0.542693573375   0.53673857554
5.672   0.542693573375   0.53673857554
5.768   0.542693573375   0.53673857554
5.864   0.542693573375   0.53673857554
5.96   0.542693573375   0.53673857554
6.056   0.542693573375   0.53673857554
6.152   0.542693573375   0.53673857554
6.248   0.542693573375   0.53673857554
6.344   0.542693573375   0.53673857554
6.44   0.542693573375   0.53673857554
6.536   0.542693573375   0.53673857554
6.632   0.542693573375   0.53673857554
6.728   0.542693573375   0.53673857554
6.824   0.542693573375   0.53673857554
6.92   0.542693573375   0.53673857554
7.016   0.542693573375   0.53673857554
7.112   0.542693573375   0.53673857554
7.208   0.542693573375   0.53673857554
7.304   0.542693573375   0.53673857554
7.4   0.542693573375   0.53673857554
7.496   0.542693573375   0.53673857554
7.592   0.542693573375   0.53673857554
7.688   0.542693573375   0.53673857554
7.784   0.542693573375   0.53673857554
7.88   0.542693573375   0.53673857554
7.976   0.542693573375   0.53673857554
8.072   0.542693573375   0.53673857554
8.168   0.542693573375   0.53673857554
8.264   0.542693573375   0.53673857554
8.36   0.542693573375   0.53673857554
8.456   0.542693573375   0.53673857554
8.552   0.542693573375   0.53673857554
8.648   0.542693573375   0.53673857554
8.744   0.542693573375   0.53673857554
8.84   0.542693573375   0.53673857554
8.936   0.542693573375   0.53673857554
9.032   0.542693573375   0.53673857554
9.128   0.542693573375   0.53673857554
9.224   0.542693573375   0.53673857554
9.32   0.542693573375   0.53673857554
9.416   0.542693573375   0.53673857554
9.512   0.542693573375   0.53673857554
9.608   0.542693573375   0.53673857554
9.704   0.542693573375   0.53673857554
