0.2   0.567249394101   0.457042381568
0.296   0.565213030979   0.49368513962
0.392   0.563841730622   0.516157695628
0.488   0.563041346762   0.529113381013
0.584   0.562641132823   0.535927754588
0.68   0.562465643755   0.539317065153
0.776   0.562394130871   0.540987241619
0.872   0.562366526447   0.541820292617
0.968   0.562356070683   0.542242421773
1.064   0.562352143414   0.54245898596
1.16   0.562350673567   0.542571088886
1.256   0.562350124268   0.542629457238
1.352   0.562349919113   0.542659958945
1.448   0.56234984251   0.542675933938
1.544   0.56234981391   0.542684311918
1.64   0.562349803232   0.542688709179
1.736   0.562349799246   0.542691018192
1.832   0.562349797757   0.542692230987
1.928   0.562349797202   0.542692868097
2.024   0.562349796994   0.542693202816
2.12   0.562349796917   0.542693378677
2.216   0.562349796888   0.542693471076
2.312   0.562349796877   0.542693519624
2.408   0.562349796873   0.542693545133
2.504   0.562349796872   0.542693558535
2.6   0.562349796871   0.542693565578
2.696   0.562349796871   0.542693569278
2.792   0.562349796871   0.542693571222
2.888   0.562349796871   0.542693572244
2.984   0.562349796871   0.54269357278
3.08   0.562349796871   0.542693573062
3.176   0.562349796871   0.542693573211
3.272   0.562349796871   0.542693573288
3.368   0.562349796871   0.542693573329
3.464   0.562349796871   0.542693573351
3.56   0.562349796871   0.542693573362
3.656   0.562349796871   0.542693573368
3.752   0.562349796871   0.542693573371
3.848   0.562349796871   0.542693573373
3.944   0.562349796871   0.542693573374
4.04   0.562349796871   0.542693573374
4.136   0.562349796871   0.542693573374
4.232   0.562349796871   0.542693573375
4.328   0.562349796871   0.542693573375
4.424   0.562349796871   0.542693573375
4.52   0.562349796871   0.542693573375
4.616   0.562349796871   0.542693573375
4.712   0.562349796871   0.542693573375
4.808   0.562349796871   0.542693573375
4.904   0.562349796871   0.542693573375
5.0   0.562349796871   0.542693573375
5.096   0.562349796871   0.542693573375
5.192   0.562349796871   0.542693573375
5.288   0.562349796871   0.542693573375
5.384   0.562349796871   0.542693573375
5.48   0.562349796871   0.542693573375
5.576   0.562349796871   0.542693573375
5.672   0.562349796871   0.542693573375
5.768   0.562349796871   0.542693573375
5.864   0.562349796871   0.542693573375
5.96   0.562349796871   0.542693573375
6.056   0.562349796871   0.542693573375
6.152   0.562349796871   0.542693573375
6.248   0.562349796871   0.542693573375
6.344   0.562349796871   0.542693573375
6.44   0.562349796871   0.542693573375
6.536   0.562349796871   0.542693573375
6.632   0.562349796871   0.542693573375
6.728   0.562349796871   0.542693573375
6.824   0.562349796871   0.542693573375
6.92   0.562349796871   0.542693573375
7.016   0.562349796871   0.542693573375
7.112   0.562349796871   0.542693573375
7.208   0.562349796871   0.542693573375
7.304   0.562349796871   0.542693573375
7.4   0.562349796871   0.542693573375
7.496   0.562349796871   0.542693573375
7.592   0.562349796871   0.542693573375
7.688   0.562349796871   0.542693573375
7.784   0.562349796871   0.542693573375
7.88   0.562349796871   0.542693573375
7.976   0.562349796871   0.542693573375
8.072   0.562349796871   0.542693573375
8.168   0.562349796871   0.542693573375
8.264   0.562349796871   0.542693573375
8.36   0.562349796871   0.542693573375
8.456   0.562349796871   0.542693573375
8.552   0.562349796871   0.542693573375
8.648   0.562349796871   0.542693573375
8.744   0.562349796871   0.542693573375
8.84   0.562349796871   0.542693573375
8.936   0.562349796871   0.542693573375
9.032   0.562349796871   0.542693573375
9.128   0.562349796871   0.542693573375
9.224   0.562349796871   0.542693573375
9.32   0.562349796871   0.542693573375
9.416   0.562349796871   0.542693573375
9.512   0.562349796871   0.542693573375
9.608   0.562349796871   0.542693573375
9.704   0.562349796871   0.542693573375
