0.2   0.564350529332   0.438755147634
0.296   0.560726628332   0.475026784953
0.392   0.557648610799   0.499416833816
0.488   0.555090797335   0.515718098223
0.584   0.553015800077   0.526253478119
0.68   0.551379105667   0.532825912545
0.776   0.550132208849   0.536845701923
0.872   0.549224032798   0.539284433992
0.968   0.548599776704   0.540749084366
1.064   0.548198937722   0.54161085595
1.16   0.547959305662   0.542103507858
1.256   0.547825145847   0.542376910186
1.352   0.547752515245   0.5425255062
1.448   0.547714701495   0.542604690852
1.544   0.547695340182   0.54264673669
1.64   0.547685517317   0.542668929215
1.736   0.547680558238   0.542680615923
1.832   0.547678061149   0.542686763037
1.928   0.547676805476   0.542689994523
2.024   0.5476761745   0.542691692826
2.12   0.547675857551   0.542692585253
2.216   0.547675698372   0.542693054181
2.312   0.547675618436   0.542693300574
2.408   0.547675578297   0.542693430037
2.504   0.547675558142   0.542693498061
2.6   0.547675548021   0.542693533802
2.696   0.547675542939   0.542693552582
2.792   0.547675540388   0.54269356245
2.888   0.547675539106   0.542693567634
2.984   0.547675538463   0.542693570359
3.08   0.54767553814   0.54269357179
3.176   0.547675537978   0.542693572542
3.272   0.547675537896   0.542693572937
3.368   0.547675537856   0.542693573145
3.464   0.547675537835   0.542693573254
3.56   0.547675537825   0.542693573311
3.656   0.54767553782   0.542693573341
3.752   0.547675537817   0.542693573357
3.848   0.547675537816   0.542693573365
3.944   0.547675537815   0.54269357337
4.04   0.547675537815   0.542693573372
4.136   0.547675537814   0.542693573373
4.232   0.547675537814   0.542693573374
4.328   0.547675537814   0.542693573374
4.424   0.547675537814   0.542693573374
4.52   0.547675537814   0.542693573375
4.616   0.547675537814   0.542693573375
4.712   0.547675537814   0.542693573375
4.808   0.547675537814   0.542693573375
4.904   0.547675537814   0.542693573375
5.0   0.547675537814   0.542693573375
5.096   0.547675537814   0.542693573375
5.192   0.547675537814   0.542693573375
5.288   0.547675537814   0.542693573375
5.384   0.547675537814   0.542693573375
5.48   0.547675537814   0.542693573375
5.576   0.547675537814   0.542693573375
5.672   0.547675537814   0.542693573375
5.768   0.547675537814   0.542693573375
5.864   0.547675537814   0.542693573375
5.96   0.547675537814   0.542693573375
6.056   0.547675537814   0.542693573375
6.152   0.547675537814   0.542693573375
6.248   0.547675537814   0.542693573375
6.344   0.547675537814   0.542693573375
6.44   0.547675537814   0.542693573375
6.536   0.547675537814   0.542693573375
6.632   0.547675537814   0.542693573375
6.728   0.547675537814   0.542693573375
6.824   0.547675537814   0.542693573375
6.92   0.547675537814   0.542693573375
7.016   0.547675537814   0.542693573375
7.112   0.547675537814   0.542693573375
7.208   0.547675537814   0.542693573375
7.304   0.547675537814   0.542693573375
7.4   0.547675537814   0.542693573375
7.496   0.547675537814   0.542693573375
7.592   0.547675537814   0.542693573375
7.688   0.547675537814   0.542693573375
7.784   0.547675537814   0.542693573375
7.88   0.547675537814   0.542693573375
7.976   0.547675537814   0.542693573375
8.072   0.547675537814   0.542693573375
8.168   0.547675537814   0.542693573375
8.264   0.547675537814   0.542693573375
8.36   0.547675537814   0.542693573375
8.456   0.547675537814   0.542693573375
8.552   0.547675537814   0.542693573375
8.648   0.547675537814   0.542693573375
8.744   0.547675537814   0.542693573375
8.84   0.547675537814   0.542693573375
8.936   0.547675537814   0.542693573375
9.032   0.547675537814   0.542693573375
9.128   0.547675537814   0.542693573375
9.224   0.547675537814   0.542693573375
9.32   0.547675537814   0.542693573375
9.416   0.547675537814   0.542693573375
9.512   0.547675537814   0.542693573375
9.608   0.547675537814   0.542693573375
9.704   0.547675537814   0.542693573375
