0.2   0.56141134258   0.369983807734
0.296   0.556628018078   0.416471794871
0.392   0.552646319892   0.447582082312
0.488   0.549475943813   0.468875826757
0.584   0.547086155284   0.483339944408
0.68   0.545396548299   0.492931171107
0.776   0.544281239149   0.499107197667
0.872   0.543591478836   0.502980763061
0.968   0.543187550757   0.505364012922
1.064   0.542960487438   0.506813135144
1.16   0.542836052345   0.507688854993
1.256   0.542769115557   0.508216966562
1.352   0.542733468251   0.508535167857
1.448   0.542714595106   0.508726971451
1.544   0.542704636302   0.508842661297
1.64   0.542699391253   0.508912487031
1.736   0.542696631736   0.508954654173
1.832   0.542695180756   0.508980129433
1.928   0.542694418064   0.50899552518
2.024   0.542694017235   0.509004831577
2.12   0.542693806602   0.509010457986
2.216   0.542693695922   0.509013859941
2.312   0.542693637766   0.509015917051
2.408   0.542693607208   0.509017161017
2.504   0.542693591152   0.509017913286
2.6   0.542693582715   0.509018368219
2.696   0.542693578283   0.509018643343
2.792   0.542693575953   0.509018809727
2.888   0.54269357473   0.509018910351
2.984   0.542693574087   0.509018971204
3.08   0.542693573749   0.509019008007
3.176   0.542693573571   0.509019030264
3.272   0.542693573478   0.509019043724
3.368   0.542693573429   0.509019051865
3.464   0.542693573403   0.509019056788
3.56   0.54269357339   0.509019059765
3.656   0.542693573383   0.509019061566
3.752   0.542693573379   0.509019062655
3.848   0.542693573377   0.509019063313
3.944   0.542693573376   0.509019063712
4.04   0.542693573375   0.509019063953
4.136   0.542693573375   0.509019064098
4.232   0.542693573375   0.509019064186
4.328   0.542693573375   0.50901906424
4.424   0.542693573375   0.509019064272
4.52   0.542693573375   0.509019064291
4.616   0.542693573375   0.509019064303
4.712   0.542693573375   0.50901906431
4.808   0.542693573375   0.509019064315
4.904   0.542693573375   0.509019064317
5.0   0.542693573375   0.509019064319
5.096   0.542693573375   0.50901906432
5.192   0.542693573375   0.50901906432
5.288   0.542693573375   0.509019064321
5.384   0.542693573375   0.509019064321
5.48   0.542693573375   0.509019064321
5.576   0.542693573375   0.509019064321
5.672   0.542693573375   0.509019064321
5.768   0.542693573375   0.509019064321
5.864   0.542693573375   0.509019064321
5.96   0.542693573375   0.509019064321
6.056   0.542693573375   0.509019064321
6.152   0.542693573375   0.509019064321
6.248   0.542693573375   0.509019064321
6.344   0.542693573375   0.509019064321
6.44   0.542693573375   0.509019064321
6.536   0.542693573375   0.509019064321
6.632   0.542693573375   0.509019064321
6.728   0.542693573375   0.509019064321
6.824   0.542693573375   0.509019064321
6.92   0.542693573375   0.509019064321
7.016   0.542693573375   0.509019064321
7.112   0.542693573375   0.509019064321
7.208   0.542693573375   0.509019064321
7.304   0.542693573375   0.509019064321
7.4   0.542693573375   0.509019064321
7.496   0.542693573375   0.509019064321
7.592   0.542693573375   0.509019064321
7.688   0.542693573375   0.509019064321
7.784   0.542693573375   0.509019064321
7.88   0.542693573375   0.509019064321
7.976   0.542693573375   0.509019064321
8.072   0.542693573375   0.509019064321
8.168   0.542693573375   0.509019064321
8.264   0.542693573375   0.509019064321
8.36   0.542693573375   0.509019064321
8.456   0.542693573375   0.509019064321
8.552   0.542693573375   0.509019064321
8.648   0.542693573375   0.509019064321
8.744   0.542693573375   0.509019064321
8.84   0.542693573375   0.509019064321
8.936   0.542693573375   0.509019064321
9.032   0.542693573375   0.509019064321
9.128   0.542693573375   0.509019064321
9.224   0.542693573375   0.509019064321
9.32   0.542693573375   0.509019064321
9.416   0.542693573375   0.509019064321
9.512   0.542693573375   0.509019064321
9.608   0.542693573375   0.509019064321
9.704   0.542693573375   0.509019064321
