0.2   0.562508970329   0.700000000353
0.296   0.558066519729   0.7
0.392   0.554262136909   0.466478301646
0.488   0.55109520935   0.489957138223
0.584   0.548548557756   0.503729822606
0.68   0.546587685695   0.512773422478
0.776   0.545157042685   0.518543973737
0.872   0.544177158859   0.522128986874
0.968   0.543549137658   0.524302996007
1.064   0.543170617631   0.525594195803
1.16   0.542953640074   0.526348906464
1.256   0.542833048172   0.52678538072
1.352   0.54276771603   0.527036420991
1.448   0.542732784793   0.527180358086
1.544   0.542714250688   0.527262676137
1.64   0.542704459436   0.527309815876
1.736   0.542699299459   0.527336791828
1.832   0.542696583818   0.527352230352
1.928   0.542695155664   0.527361066984
2.024   0.542694404904   0.527366125405
2.12   0.542694010327   0.527369021282
2.216   0.542693802974   0.527370679236
2.312   0.542693694017   0.527371628492
2.408   0.542693636765   0.527372172002
2.504   0.542693606682   0.527372483202
2.6   0.542693590875   0.527372661389
2.696   0.54269358257   0.527372763417
2.792   0.542693578206   0.527372821837
2.888   0.542693575913   0.527372855288
2.984   0.542693574709   0.527372874442
3.08   0.542693574076   0.527372885409
3.176   0.542693573743   0.527372891689
3.272   0.542693573568   0.527372895284
3.368   0.542693573476   0.527372897343
3.464   0.542693573428   0.527372898522
3.56   0.542693573403   0.527372899197
3.656   0.542693573389   0.527372899584
3.752   0.542693573382   0.527372899805
3.848   0.542693573379   0.527372899932
3.944   0.542693573377   0.527372900004
4.04   0.542693573376   0.527372900046
4.136   0.542693573375   0.52737290007
4.232   0.542693573375   0.527372900083
4.328   0.542693573375   0.527372900091
4.424   0.542693573375   0.527372900096
4.52   0.542693573375   0.527372900098
4.616   0.542693573375   0.5273729001
4.712   0.542693573375   0.527372900101
4.808   0.542693573375   0.527372900101
4.904   0.542693573375   0.527372900101
5.0   0.542693573375   0.527372900101
5.096   0.542693573375   0.527372900102
5.192   0.542693573375   0.527372900102
5.288   0.542693573375   0.527372900102
5.384   0.542693573375   0.527372900102
5.48   0.542693573375   0.527372900102
5.576   0.542693573375   0.527372900102
5.672   0.542693573375   0.527372900102
5.768   0.542693573375   0.527372900102
5.864   0.542693573375   0.527372900102
5.96   0.542693573375   0.527372900102
6.056   0.542693573375   0.527372900102
6.152   0.542693573375   0.527372900102
6.248   0.542693573375   0.527372900102
6.344   0.542693573375   0.527372900102
6.44   0.542693573375   0.527372900102
6.536   0.542693573375   0.527372900102
6.632   0.542693573375   0.527372900102
6.728   0.542693573375   0.527372900102
6.824   0.542693573375   0.527372900102
6.92   0.542693573375   0.527372900102
7.016   0.542693573375   0.527372900102
7.112   0.542693573375   0.527372900102
7.208   0.542693573375   0.527372900102
7.304   0.542693573375   0.527372900102
7.4   0.542693573375   0.527372900102
7.496   0.542693573375   0.527372900102
7.592   0.542693573375   0.527372900102
7.688   0.542693573375   0.527372900102
7.784   0.542693573375   0.527372900102
7.88   0.542693573375   0.527372900102
7.976   0.542693573375   0.527372900102
8.072   0.542693573375   0.527372900102
8.168   0.542693573375   0.527372900102
8.264   0.542693573375   0.527372900102
8.36   0.542693573375   0.527372900102
8.456   0.542693573375   0.527372900102
8.552   0.542693573375   0.527372900102
8.648   0.542693573375   0.527372900102
8.744   0.542693573375   0.527372900102
8.84   0.542693573375   0.527372900102
8.936   0.542693573375   0.527372900102
9.032   0.542693573375   0.527372900102
9.128   0.542693573375   0.527372900102
9.224   0.542693573375   0.527372900102
9.32   0.542693573375   0.527372900102
9.416   0.542693573375   0.527372900102
9.512   0.542693573375   0.527372900102
9.608   0.542693573375   0.527372900102
9.704   0.542693573375   0.527372900102
