0.2   0.565269668352   0.449196932577
0.296   0.562124808251   0.484102712675
0.392   0.55955616263   0.507181453092
0.488   0.557547928442   0.522090982195
0.584   0.556067459561   0.531198415849
0.68   0.555056663716   0.536453019252
0.776   0.55442684465   0.539365239681
0.872   0.554069073088   0.540937611204
0.968   0.55388146977   0.541772252597
1.064   0.553787574502   0.542210981
1.16   0.553742404353   0.542440872405
1.256   0.553721048615   0.542561141071
1.352   0.553711043421   0.542624115492
1.448   0.553706377638   0.542657121812
1.544   0.553704206842   0.542674435207
1.64   0.553703198012   0.542683522335
1.736   0.553702729442   0.542688293757
1.832   0.553702511866   0.542690799773
1.928   0.55370241085   0.542692116185
2.024   0.553702363953   0.542692807768
2.12   0.553702342182   0.542693171115
2.216   0.553702332075   0.542693362019
2.312   0.553702327383   0.542693462323
2.408   0.553702325205   0.542693515025
2.504   0.553702324194   0.542693542716
2.6   0.553702323725   0.542693557266
2.696   0.553702323507   0.542693564911
2.792   0.553702323406   0.542693568927
2.888   0.553702323359   0.542693571038
2.984   0.553702323337   0.542693572147
3.08   0.553702323327   0.54269357273
3.176   0.553702323322   0.542693573036
3.272   0.55370232332   0.542693573197
3.368   0.553702323319   0.542693573281
3.464   0.553702323319   0.542693573325
3.56   0.553702323318   0.542693573349
3.656   0.553702323318   0.542693573361
3.752   0.553702323318   0.542693573368
3.848   0.553702323318   0.542693573371
3.944   0.553702323318   0.542693573373
4.04   0.553702323318   0.542693573374
4.136   0.553702323318   0.542693573374
4.232   0.553702323318   0.542693573374
4.328   0.553702323318   0.542693573375
4.424   0.553702323318   0.542693573375
4.52   0.553702323318   0.542693573375
4.616   0.553702323318   0.542693573375
4.712   0.553702323318   0.542693573375
4.808   0.553702323318   0.542693573375
4.904   0.553702323318   0.542693573375
5.0   0.553702323318   0.542693573375
5.096   0.553702323318   0.542693573375
5.192   0.553702323318   0.542693573375
5.288   0.553702323318   0.542693573375
5.384   0.553702323318   0.542693573375
5.48   0.553702323318   0.542693573375
5.576   0.553702323318   0.542693573375
5.672   0.553702323318   0.542693573375
5.768   0.553702323318   0.542693573375
5.864   0.553702323318   0.542693573375
5.96   0.553702323318   0.542693573375
6.056   0.553702323318   0.542693573375
6.152   0.553702323318   0.542693573375
6.248   0.553702323318   0.542693573375
6.344   0.553702323318   0.542693573375
6.44   0.553702323318   0.542693573375
6.536   0.553702323318   0.542693573375
6.632   0.553702323318   0.542693573375
6.728   0.553702323318   0.542693573375
6.824   0.553702323318   0.542693573375
6.92   0.553702323318   0.542693573375
7.016   0.553702323318   0.542693573375
7.112   0.553702323318   0.542693573375
7.208   0.553702323318   0.542693573375
7.304   0.553702323318   0.542693573375
7.4   0.553702323318   0.542693573375
7.496   0.553702323318   0.542693573375
7.592   0.553702323318   0.542693573375
7.688   0.553702323318   0.542693573375
7.784   0.553702323318   0.542693573375
7.88   0.553702323318   0.542693573375
7.976   0.553702323318   0.542693573375
8.072   0.553702323318   0.542693573375
8.168   0.553702323318   0.542693573375
8.264   0.553702323318   0.542693573375
8.36   0.553702323318   0.542693573375
8.456   0.553702323318   0.542693573375
8.552   0.553702323318   0.542693573375
8.648   0.553702323318   0.542693573375
8.744   0.553702323318   0.542693573375
8.84   0.553702323318   0.542693573375
8.936   0.553702323318   0.542693573375
9.032   0.553702323318   0.542693573375
9.128   0.553702323318   0.542693573375
9.224   0.553702323318   0.542693573375
9.32   0.553702323318   0.542693573375
9.416   0.553702323318   0.542693573375
9.512   0.553702323318   0.542693573375
9.608   0.553702323318   0.542693573375
9.704   0.553702323318   0.542693573375
