0.2   0.568382657755   0.467098103415
0.296   0.567012757746   0.501141804778
0.392   0.566278016464   0.521274339588
0.488   0.565958757124   0.532175366098
0.584   0.565841657475   0.537566708385
0.68   0.565802141916   0.540153764577
0.776   0.565789547349   0.541411221414
0.872   0.565785592095   0.542036634163
0.968   0.565784356891   0.542353713725
1.064   0.565783971926   0.542516650519
1.16   0.565783852033   0.542601128231
1.256   0.565783814703   0.542645156558
1.352   0.565783803081   0.542668181319
1.448   0.565783799463   0.542680245986
1.544   0.565783798337   0.542686575069
1.64   0.565783797986   0.542689897537
1.736   0.565783797877   0.54269164236
1.832   0.565783797843   0.542692558873
1.928   0.565783797832   0.542693040358
2.024   0.565783797829   0.542693293321
2.12   0.565783797828   0.542693426229
2.216   0.565783797828   0.542693496061
2.312   0.565783797828   0.542693532752
2.408   0.565783797828   0.54269355203
2.504   0.565783797828   0.54269356216
2.6   0.565783797828   0.542693567482
2.696   0.565783797828   0.542693570278
2.792   0.565783797828   0.542693571748
2.888   0.565783797828   0.54269357252
2.984   0.565783797828   0.542693572926
3.08   0.565783797828   0.542693573139
3.176   0.565783797828   0.542693573251
3.272   0.565783797828   0.54269357331
3.368   0.565783797828   0.54269357334
3.464   0.565783797828   0.542693573357
3.56   0.565783797828   0.542693573365
3.656   0.565783797828   0.54269357337
3.752   0.565783797828   0.542693573372
3.848   0.565783797828   0.542693573373
3.944   0.565783797828   0.542693573374
4.04   0.565783797828   0.542693573374
4.136   0.565783797828   0.542693573374
4.232   0.565783797828   0.542693573375
4.328   0.565783797828   0.542693573375
4.424   0.565783797828   0.542693573375
4.52   0.565783797828   0.542693573375
4.616   0.565783797828   0.542693573375
4.712   0.565783797828   0.542693573375
4.808   0.565783797828   0.542693573375
4.904   0.565783797828   0.542693573375
5.0   0.565783797828   0.542693573375
5.096   0.565783797828   0.542693573375
5.192   0.565783797828   0.542693573375
5.288   0.565783797828   0.542693573375
5.384   0.565783797828   0.542693573375
5.48   0.565783797828   0.542693573375
5.576   0.565783797828   0.542693573375
5.672   0.565783797828   0.542693573375
5.768   0.565783797828   0.542693573375
5.864   0.565783797828   0.542693573375
5.96   0.565783797828   0.542693573375
6.056   0.565783797828   0.542693573375
6.152   0.565783797828   0.542693573375
6.248   0.565783797828   0.542693573375
6.344   0.565783797828   0.542693573375
6.44   0.565783797828   0.542693573375
6.536   0.565783797828   0.542693573375
6.632   0.565783797828   0.542693573375
6.728   0.565783797828   0.542693573375
6.824   0.565783797828   0.542693573375
6.92   0.565783797828   0.542693573375
7.016   0.565783797828   0.542693573375
7.112   0.565783797828   0.542693573375
7.208   0.565783797828   0.542693573375
7.304   0.565783797828   0.542693573375
7.4   0.565783797828   0.542693573375
7.496   0.565783797828   0.542693573375
7.592   0.565783797828   0.542693573375
7.688   0.565783797828   0.542693573375
7.784   0.565783797828   0.542693573375
7.88   0.565783797828   0.542693573375
7.976   0.565783797828   0.542693573375
8.072   0.565783797828   0.542693573375
8.168   0.565783797828   0.542693573375
8.264   0.565783797828   0.542693573375
8.36   0.565783797828   0.542693573375
8.456   0.565783797828   0.542693573375
8.552   0.565783797828   0.542693573375
8.648   0.565783797828   0.542693573375
8.744   0.565783797828   0.542693573375
8.84   0.565783797828   0.542693573375
8.936   0.565783797828   0.542693573375
9.032   0.565783797828   0.542693573375
9.128   0.565783797828   0.542693573375
9.224   0.565783797828   0.542693573375
9.32   0.565783797828   0.542693573375
9.416   0.565783797828   0.542693573375
9.512   0.565783797828   0.542693573375
9.608   0.565783797828   0.542693573375
9.704   0.565783797828   0.542693573375
