0.2   0.566273010871   0.441602326988
0.296   0.563640307326   0.48307030086
0.392   0.561617086534   0.508892073166
0.488   0.560184509218   0.524502726467
0.584   0.559272805475   0.533269598303
0.68   0.558757963942   0.537883173089
0.776   0.558497183313   0.540237497119
0.872   0.558375392785   0.541432102382
0.968   0.558320917451   0.542041295703
1.064   0.558297287184   0.542354537746
1.16   0.558287161397   0.54251661498
1.256   0.558282847708   0.542601003392
1.352   0.558281015042   0.542645058139
1.448   0.558280237411   0.542668120624
1.544   0.558279907638   0.542680211631
1.64   0.558279767825   0.542686556342
1.736   0.558279708557   0.542689887512
1.832   0.558279683433   0.542691637041
1.928   0.558279672784   0.542692556065
2.024   0.558279668269   0.542693038878
2.12   0.558279666356   0.542693292543
2.216   0.558279665545   0.54269342582
2.312   0.558279665201   0.542693495846
2.408   0.558279665055   0.542693532639
2.504   0.558279664994   0.542693551971
2.6   0.558279664967   0.542693562128
2.696   0.558279664956   0.542693567466
2.792   0.558279664952   0.54269357027
2.888   0.55827966495   0.542693571743
2.984   0.558279664949   0.542693572517
3.08   0.558279664948   0.542693572924
3.176   0.558279664948   0.542693573138
3.272   0.558279664948   0.54269357325
3.368   0.558279664948   0.542693573309
3.464   0.558279664948   0.54269357334
3.56   0.558279664948   0.542693573357
3.656   0.558279664948   0.542693573365
3.752   0.558279664948   0.54269357337
3.848   0.558279664948   0.542693573372
3.944   0.558279664948   0.542693573373
4.04   0.558279664948   0.542693573374
4.136   0.558279664948   0.542693573374
4.232   0.558279664948   0.542693573374
4.328   0.558279664948   0.542693573375
4.424   0.558279664948   0.542693573375
4.52   0.558279664948   0.542693573375
4.616   0.558279664948   0.542693573375
4.712   0.558279664948   0.542693573375
4.808   0.558279664948   0.542693573375
4.904   0.558279664948   0.542693573375
5.0   0.558279664948   0.542693573375
5.096   0.558279664948   0.542693573375
5.192   0.558279664948   0.542693573375
5.288   0.558279664948   0.542693573375
5.384   0.558279664948   0.542693573375
5.48   0.558279664948   0.542693573375
5.576   0.558279664948   0.542693573375
5.672   0.558279664948   0.542693573375
5.768   0.558279664948   0.542693573375
5.864   0.558279664948   0.542693573375
5.96   0.558279664948   0.542693573375
6.056   0.558279664948   0.542693573375
6.152   0.558279664948   0.542693573375
6.248   0.558279664948   0.542693573375
6.344   0.558279664948   0.542693573375
6.44   0.558279664948   0.542693573375
6.536   0.558279664948   0.542693573375
6.632   0.558279664948   0.542693573375
6.728   0.558279664948   0.542693573375
6.824   0.558279664948   0.542693573375
6.92   0.558279664948   0.542693573375
7.016   0.558279664948   0.542693573375
7.112   0.558279664948   0.542693573375
7.208   0.558279664948   0.542693573375
7.304   0.558279664948   0.542693573375
7.4   0.558279664948   0.542693573375
7.496   0.558279664948   0.542693573375
7.592   0.558279664948   0.542693573375
7.688   0.558279664948   0.542693573375
7.784   0.558279664948   0.542693573375
7.88   0.558279664948   0.542693573375
7.976   0.558279664948   0.542693573375
8.072   0.558279664948   0.542693573375
8.168   0.558279664948   0.542693573375
8.264   0.558279664948   0.542693573375
8.36   0.558279664948   0.542693573375
8.456   0.558279664948   0.542693573375
8.552   0.558279664948   0.542693573375
8.648   0.558279664948   0.542693573375
8.744   0.558279664948   0.542693573375
8.84   0.558279664948   0.542693573375
8.936   0.558279664948   0.542693573375
9.032   0.558279664948   0.542693573375
9.128   0.558279664948   0.542693573375
9.224   0.558279664948   0.542693573375
9.32   0.558279664948   0.542693573375
9.416   0.558279664948   0.542693573375
9.512   0.558279664948   0.542693573375
9.608   0.558279664948   0.542693573375
9.704   0.558279664948   0.542693573375
