0.2   0.564798683204   0.44490240048
0.296   0.5614051713   0.480160401967
0.392   0.558568730851   0.503729020022
0.488   0.556268323262   0.519258747857
0.584   0.554472396972   0.529049968563
0.68   0.553138174559   0.534944968959
0.776   0.552209003476   0.538382024061
0.872   0.5516106873   0.540339403816
0.968   0.55125584033   0.541428589217
1.064   0.551060781764   0.542021455709
1.16   0.550958194898   0.542338714578
1.256   0.550906497013   0.542506863661
1.352   0.550880939214   0.542595447744
1.448   0.55086843514   0.542642024518
1.544   0.550862351075   0.542666495329
1.64   0.55085939916   0.542679349127
1.736   0.550857968998   0.542686100843
1.832   0.550857276614   0.542689647553
1.928   0.550856941533   0.54269151079
2.024   0.550856779401   0.542692489683
2.12   0.550856700959   0.542693003987
2.216   0.550856663009   0.542693274207
2.312   0.550856644649   0.542693416184
2.408   0.550856635768   0.542693490783
2.504   0.550856631471   0.542693529978
2.6   0.550856629392   0.542693550573
2.696   0.550856628386   0.542693561394
2.792   0.5508566279   0.54269356708
2.888   0.550856627665   0.542693570067
2.984   0.550856627551   0.542693571637
3.08   0.550856627496   0.542693572462
3.176   0.550856627469   0.542693572895
3.272   0.550856627456   0.542693573123
3.368   0.55085662745   0.542693573242
3.464   0.550856627447   0.542693573305
3.56   0.550856627445   0.542693573338
3.656   0.550856627445   0.542693573355
3.752   0.550856627444   0.542693573365
3.848   0.550856627444   0.542693573369
3.944   0.550856627444   0.542693573372
4.04   0.550856627444   0.542693573373
4.136   0.550856627444   0.542693573374
4.232   0.550856627444   0.542693573374
4.328   0.550856627444   0.542693573374
4.424   0.550856627444   0.542693573375
4.52   0.550856627444   0.542693573375
4.616   0.550856627444   0.542693573375
4.712   0.550856627444   0.542693573375
4.808   0.550856627444   0.542693573375
4.904   0.550856627444   0.542693573375
5.0   0.550856627444   0.542693573375
5.096   0.550856627444   0.542693573375
5.192   0.550856627444   0.542693573375
5.288   0.550856627444   0.542693573375
5.384   0.550856627444   0.542693573375
5.48   0.550856627444   0.542693573375
5.576   0.550856627444   0.542693573375
5.672   0.550856627444   0.542693573375
5.768   0.550856627444   0.542693573375
5.864   0.550856627444   0.542693573375
5.96   0.550856627444   0.542693573375
6.056   0.550856627444   0.542693573375
6.152   0.550856627444   0.542693573375
6.248   0.550856627444   0.542693573375
6.344   0.550856627444   0.542693573375
6.44   0.550856627444   0.542693573375
6.536   0.550856627444   0.542693573375
6.632   0.550856627444   0.542693573375
6.728   0.550856627444   0.542693573375
6.824   0.550856627444   0.542693573375
6.92   0.550856627444   0.542693573375
7.016   0.550856627444   0.542693573375
7.112   0.550856627444   0.542693573375
7.208   0.550856627444   0.542693573375
7.304   0.550856627444   0.542693573375
7.4   0.550856627444   0.542693573375
7.496   0.550856627444   0.542693573375
7.592   0.550856627444   0.542693573375
7.688   0.550856627444   0.542693573375
7.784   0.550856627444   0.542693573375
7.88   0.550856627444   0.542693573375
7.976   0.550856627444   0.542693573375
8.072   0.550856627444   0.542693573375
8.168   0.550856627444   0.542693573375
8.264   0.550856627444   0.542693573375
8.36   0.550856627444   0.542693573375
8.456   0.550856627444   0.542693573375
8.552   0.550856627444   0.542693573375
8.648   0.550856627444   0.542693573375
8.744   0.550856627444   0.542693573375
8.84   0.550856627444   0.542693573375
8.936   0.550856627444   0.542693573375
9.032   0.550856627444   0.542693573375
9.128   0.550856627444   0.542693573375
9.224   0.550856627444   0.542693573375
9.32   0.550856627444   0.542693573375
9.416   0.550856627444   0.542693573375
9.512   0.550856627444   0.542693573375
9.608   0.550856627444   0.542693573375
9.704   0.550856627444   0.542693573375
