0.2   0.562973963035   0.402730379778
0.296   0.558704568412   0.447271958342
0.392   0.555023749372   0.476855602221
0.488   0.551921469622   0.496879864399
0.584   0.549373629089   0.510275403502
0.68   0.547345383136   0.519021927936
0.776   0.545792486647   0.524604215156
0.872   0.544660501514   0.528103195941
0.968   0.543882773905   0.530257213012
1.064   0.543381720512   0.53155508255
1.16   0.543078193028   0.532319308092
1.256   0.542903656997   0.532760065721
1.352   0.542806310629   0.53301091267
1.448   0.542753518324   0.533152124762
1.544   0.542725279182   0.533231236833
1.64   0.542710293198   0.533275442924
1.736   0.54270237592   0.533300111471
1.832   0.542698203491   0.533313868573
1.928   0.542696007602   0.533321538393
2.024   0.542694852797   0.533325813945
2.12   0.542694245737   0.533328197261
2.216   0.542693926687   0.533329525778
2.312   0.542693759025   0.533330266329
2.408   0.542693670923   0.533330679134
2.504   0.54269362463   0.533330909245
2.6   0.542693600306   0.533331037517
2.696   0.542693587525   0.533331109021
2.792   0.54269358081   0.53333114888
2.888   0.542693577281   0.533331171099
2.984   0.542693575427   0.533331183485
3.08   0.542693574453   0.533331190389
3.176   0.542693573941   0.533331194238
3.272   0.542693573672   0.533331196383
3.368   0.542693573531   0.533331197579
3.464   0.542693573457   0.533331198246
3.56   0.542693573418   0.533331198617
3.656   0.542693573397   0.533331198825
3.752   0.542693573387   0.53333119894
3.848   0.542693573381   0.533331199004
3.944   0.542693573378   0.53333119904
4.04   0.542693573376   0.53333119906
4.136   0.542693573376   0.533331199072
4.232   0.542693573375   0.533331199078
4.328   0.542693573375   0.533331199081
4.424   0.542693573375   0.533331199083
4.52   0.542693573375   0.533331199084
4.616   0.542693573375   0.533331199085
4.712   0.542693573375   0.533331199085
4.808   0.542693573375   0.533331199085
4.904   0.542693573375   0.533331199085
5.0   0.542693573375   0.533331199085
5.096   0.542693573375   0.533331199086
5.192   0.542693573375   0.533331199086
5.288   0.542693573375   0.533331199086
5.384   0.542693573375   0.533331199086
5.48   0.542693573375   0.533331199086
5.576   0.542693573375   0.533331199086
5.672   0.542693573375   0.533331199086
5.768   0.542693573375   0.533331199086
5.864   0.542693573375   0.533331199086
5.96   0.542693573375   0.533331199086
6.056   0.542693573375   0.533331199086
6.152   0.542693573375   0.533331199086
6.248   0.542693573375   0.533331199086
6.344   0.542693573375   0.533331199086
6.44   0.542693573375   0.533331199086
6.536   0.542693573375   0.533331199086
6.632   0.542693573375   0.533331199086
6.728   0.542693573375   0.533331199086
6.824   0.542693573375   0.533331199086
6.92   0.542693573375   0.533331199086
7.016   0.542693573375   0.533331199086
7.112   0.542693573375   0.533331199086
7.208   0.542693573375   0.533331199086
7.304   0.542693573375   0.533331199086
7.4   0.542693573375   0.533331199086
7.496   0.542693573375   0.533331199086
7.592   0.542693573375   0.533331199086
7.688   0.542693573375   0.533331199086
7.784   0.542693573375   0.533331199086
7.88   0.542693573375   0.533331199086
7.976   0.542693573375   0.533331199086
8.072   0.542693573375   0.533331199086
8.168   0.542693573375   0.533331199086
8.264   0.542693573375   0.533331199086
8.36   0.542693573375   0.533331199086
8.456   0.542693573375   0.533331199086
8.552   0.542693573375   0.533331199086
8.648   0.542693573375   0.533331199086
8.744   0.542693573375   0.533331199086
8.84   0.542693573375   0.533331199086
8.936   0.542693573375   0.533331199086
9.032   0.542693573375   0.533331199086
9.128   0.542693573375   0.533331199086
9.224   0.542693573375   0.533331199086
9.32   0.542693573375   0.533331199086
9.416   0.542693573375   0.533331199086
9.512   0.542693573375   0.533331199086
9.608   0.542693573375   0.533331199086
9.704   0.542693573375   0.533331199086
