0.2   0.562624022072   0.406837337034
0.296   0.558238068866   0.447891218558
0.392   0.554480022721   0.475700703649
0.488   0.551341933293   0.494789315472
0.584   0.548801041619   0.507708110351
0.68   0.546821179932   0.516220593068
0.776   0.545351154777   0.521675358386
0.872   0.544321870056   0.525083391184
0.968   0.543646476186   0.527161942569
1.064   0.543230750123   0.528400894754
1.16   0.542988689644   0.529125000062
1.256   0.542852535564   0.529542157258
1.352   0.54277828988   0.529780510174
1.448   0.542738441234   0.529915930276
1.544   0.542717252298   0.529992695705
1.64   0.542706045125   0.530036165955
1.736   0.542700135083   0.530060771496
1.832   0.542697023582   0.530074697166
1.928   0.542695386929   0.530082578429
2.024   0.542694526474   0.530087039003
2.12   0.54269407422   0.530089563673
2.216   0.54269383655   0.53009099268
2.312   0.54269371166   0.530091801547
2.408   0.542693646035   0.530092259402
2.504   0.542693611553   0.530092518573
2.6   0.542693593435   0.530092665278
2.696   0.542693583915   0.530092748323
2.792   0.542693578913   0.530092795332
2.888   0.542693576285   0.530092821942
2.984   0.542693574904   0.530092837005
3.08   0.542693574178   0.530092845532
3.176   0.542693573797   0.530092850358
3.272   0.542693573596   0.53009285309
3.368   0.542693573491   0.530092854637
3.464   0.542693573436   0.530092855513
3.56   0.542693573407   0.530092856008
3.656   0.542693573392   0.530092856289
3.752   0.542693573384   0.530092856447
3.848   0.542693573379   0.530092856537
3.944   0.542693573377   0.530092856588
4.04   0.542693573376   0.530092856617
4.136   0.542693573375   0.530092856633
4.232   0.542693573375   0.530092856643
4.328   0.542693573375   0.530092856648
4.424   0.542693573375   0.530092856651
4.52   0.542693573375   0.530092856652
4.616   0.542693573375   0.530092856653
4.712   0.542693573375   0.530092856654
4.808   0.542693573375   0.530092856654
4.904   0.542693573375   0.530092856654
5.0   0.542693573375   0.530092856655
5.096   0.542693573375   0.530092856655
5.192   0.542693573375   0.530092856655
5.288   0.542693573375   0.530092856655
5.384   0.542693573375   0.530092856655
5.48   0.542693573375   0.530092856655
5.576   0.542693573375   0.530092856655
5.672   0.542693573375   0.530092856655
5.768   0.542693573375   0.530092856655
5.864   0.542693573375   0.530092856655
5.96   0.542693573375   0.530092856655
6.056   0.542693573375   0.530092856655
6.152   0.542693573375   0.530092856655
6.248   0.542693573375   0.530092856655
6.344   0.542693573375   0.530092856655
6.44   0.542693573375   0.530092856655
6.536   0.542693573375   0.530092856655
6.632   0.542693573375   0.530092856655
6.728   0.542693573375   0.530092856655
6.824   0.542693573375   0.530092856655
6.92   0.542693573375   0.530092856655
7.016   0.542693573375   0.530092856655
7.112   0.542693573375   0.530092856655
7.208   0.542693573375   0.530092856655
7.304   0.542693573375   0.530092856655
7.4   0.542693573375   0.530092856655
7.496   0.542693573375   0.530092856655
7.592   0.542693573375   0.530092856655
7.688   0.542693573375   0.530092856655
7.784   0.542693573375   0.530092856655
7.88   0.542693573375   0.530092856655
7.976   0.542693573375   0.530092856655
8.072   0.542693573375   0.530092856655
8.168   0.542693573375   0.530092856655
8.264   0.542693573375   0.530092856655
8.36   0.542693573375   0.530092856655
8.456   0.542693573375   0.530092856655
8.552   0.542693573375   0.530092856655
8.648   0.542693573375   0.530092856655
8.744   0.542693573375   0.530092856655
8.84   0.542693573375   0.530092856655
8.936   0.542693573375   0.530092856655
9.032   0.542693573375   0.530092856655
9.128   0.542693573375   0.530092856655
9.224   0.542693573375   0.530092856655
9.32   0.542693573375   0.530092856655
9.416   0.542693573375   0.530092856655
9.512   0.542693573375   0.530092856655
9.608   0.542693573375   0.530092856655
9.704   0.542693573375   0.530092856655
