0.2   0.568375398843   0.464393033359
0.296   0.566994594088   0.499825519892
0.392   0.566249411543   0.520660006179
0.488   0.565923464776   0.531904298499
0.584   0.565803236234   0.537447203336
0.68   0.565762481469   0.540098836878
0.776   0.565749446861   0.541384812785
0.872   0.565745340718   0.542023509029
0.968   0.565744054618   0.542347045543
1.064   0.565743652636   0.542513223574
1.16   0.565743527087   0.542599344834
1.256   0.565743487884   0.54264422589
1.352   0.565743475645   0.542667694243
1.448   0.565743471823   0.542679990638
1.544   0.56574347063   0.542686441074
1.64   0.565743470258   0.542689827184
1.736   0.565743470141   0.542691605409
1.832   0.565743470105   0.542692539463
1.928   0.565743470094   0.542693030161
2.024   0.56574347009   0.542693287964
2.12   0.565743470089   0.542693423414
2.216   0.565743470089   0.542693494582
2.312   0.565743470089   0.542693531975
2.408   0.565743470089   0.542693551622
2.504   0.565743470089   0.542693561945
2.6   0.565743470089   0.542693567369
2.696   0.565743470089   0.542693570219
2.792   0.565743470089   0.542693571717
2.888   0.565743470089   0.542693572504
2.984   0.565743470089   0.542693572917
3.08   0.565743470089   0.542693573134
3.176   0.565743470089   0.542693573248
3.272   0.565743470089   0.542693573308
3.368   0.565743470089   0.54269357334
3.464   0.565743470089   0.542693573356
3.56   0.565743470089   0.542693573365
3.656   0.565743470089   0.54269357337
3.752   0.565743470089   0.542693573372
3.848   0.565743470089   0.542693573373
3.944   0.565743470089   0.542693573374
4.04   0.565743470089   0.542693573374
4.136   0.565743470089   0.542693573374
4.232   0.565743470089   0.542693573375
4.328   0.565743470089   0.542693573375
4.424   0.565743470089   0.542693573375
4.52   0.565743470089   0.542693573375
4.616   0.565743470089   0.542693573375
4.712   0.565743470089   0.542693573375
4.808   0.565743470089   0.542693573375
4.904   0.565743470089   0.542693573375
5.0   0.565743470089   0.542693573375
5.096   0.565743470089   0.542693573375
5.192   0.565743470089   0.542693573375
5.288   0.565743470089   0.542693573375
5.384   0.565743470089   0.542693573375
5.48   0.565743470089   0.542693573375
5.576   0.565743470089   0.542693573375
5.672   0.565743470089   0.542693573375
5.768   0.565743470089   0.542693573375
5.864   0.565743470089   0.542693573375
5.96   0.565743470089   0.542693573375
6.056   0.565743470089   0.542693573375
6.152   0.565743470089   0.542693573375
6.248   0.565743470089   0.542693573375
6.344   0.565743470089   0.542693573375
6.44   0.565743470089   0.542693573375
6.536   0.565743470089   0.542693573375
6.632   0.565743470089   0.542693573375
6.728   0.565743470089   0.542693573375
6.824   0.565743470089   0.542693573375
6.92   0.565743470089   0.542693573375
7.016   0.565743470089   0.542693573375
7.112   0.565743470089   0.542693573375
7.208   0.565743470089   0.542693573375
7.304   0.565743470089   0.542693573375
7.4   0.565743470089   0.542693573375
7.496   0.565743470089   0.542693573375
7.592   0.565743470089   0.542693573375
7.688   0.565743470089   0.542693573375
7.784   0.565743470089   0.542693573375
7.88   0.565743470089   0.542693573375
7.976   0.565743470089   0.542693573375
8.072   0.565743470089   0.542693573375
8.168   0.565743470089   0.542693573375
8.264   0.565743470089   0.542693573375
8.36   0.565743470089   0.542693573375
8.456   0.565743470089   0.542693573375
8.552   0.565743470089   0.542693573375
8.648   0.565743470089   0.542693573375
8.744   0.565743470089   0.542693573375
8.84   0.565743470089   0.542693573375
8.936   0.565743470089   0.542693573375
9.032   0.565743470089   0.542693573375
9.128   0.565743470089   0.542693573375
9.224   0.565743470089   0.542693573375
9.32   0.565743470089   0.542693573375
9.416   0.565743470089   0.542693573375
9.512   0.565743470089   0.542693573375
9.608   0.565743470089   0.542693573375
9.704   0.565743470089   0.542693573375
