0.2   0.566429969608   0.445455006602
0.296   0.563895208041   0.485545223767
0.392   0.561983280307   0.510521616875
0.488   0.560667043755   0.525530823188
0.584   0.559860431048   0.5338718466
0.68   0.559423986119   0.538214552125
0.776   0.559212241461   0.540413271435
0.872   0.559115927713   0.541523857646
0.968   0.559074299569   0.542089023774
1.064   0.559056672618   0.542379359072
1.16   0.559049282623   0.542529607987
1.256   0.559046198817   0.542607770265
1.352   0.559044914697   0.542648601922
1.448   0.559044380492   0.542669978775
1.544   0.559044158353   0.542681186721
1.64   0.559044065999   0.542687068293
1.736   0.559044027606   0.542690156385
1.832   0.559044011645   0.542691778278
1.928   0.559044005011   0.542692630264
2.024   0.559044002253   0.542693077861
2.12   0.559044001106   0.542693313025
2.216   0.55904400063   0.542693436581
2.312   0.559044000432   0.5426935015
2.408   0.559044000349   0.54269353561
2.504   0.559044000315   0.542693553532
2.6   0.559044000301   0.542693562949
2.696   0.559044000295   0.542693567897
2.792   0.559044000293   0.542693570496
2.888   0.559044000292   0.542693571862
2.984   0.559044000291   0.54269357258
3.08   0.559044000291   0.542693572957
3.176   0.559044000291   0.542693573155
3.272   0.559044000291   0.542693573259
3.368   0.559044000291   0.542693573314
3.464   0.559044000291   0.542693573343
3.56   0.559044000291   0.542693573358
3.656   0.559044000291   0.542693573366
3.752   0.559044000291   0.54269357337
3.848   0.559044000291   0.542693573372
3.944   0.559044000291   0.542693573373
4.04   0.559044000291   0.542693573374
4.136   0.559044000291   0.542693573374
4.232   0.559044000291   0.542693573374
4.328   0.559044000291   0.542693573375
4.424   0.559044000291   0.542693573375
4.52   0.559044000291   0.542693573375
4.616   0.559044000291   0.542693573375
4.712   0.559044000291   0.542693573375
4.808   0.559044000291   0.542693573375
4.904   0.559044000291   0.542693573375
5.0   0.559044000291   0.542693573375
5.096   0.559044000291   0.542693573375
5.192   0.559044000291   0.542693573375
5.288   0.559044000291   0.542693573375
5.384   0.559044000291   0.542693573375
5.48   0.559044000291   0.542693573375
5.576   0.559044000291   0.542693573375
5.672   0.559044000291   0.542693573375
5.768   0.559044000291   0.542693573375
5.864   0.559044000291   0.542693573375
5.96   0.559044000291   0.542693573375
6.056   0.559044000291   0.542693573375
6.152   0.559044000291   0.542693573375
6.248   0.559044000291   0.542693573375
6.344   0.559044000291   0.542693573375
6.44   0.559044000291   0.542693573375
6.536   0.559044000291   0.542693573375
6.632   0.559044000291   0.542693573375
6.728   0.559044000291   0.542693573375
6.824   0.559044000291   0.542693573375
6.92   0.559044000291   0.542693573375
7.016   0.559044000291   0.542693573375
7.112   0.559044000291   0.542693573375
7.208   0.559044000291   0.542693573375
7.304   0.559044000291   0.542693573375
7.4   0.559044000291   0.542693573375
7.496   0.559044000291   0.542693573375
7.592   0.559044000291   0.542693573375
7.688   0.559044000291   0.542693573375
7.784   0.559044000291   0.542693573375
7.88   0.559044000291   0.542693573375
7.976   0.559044000291   0.542693573375
8.072   0.559044000291   0.542693573375
8.168   0.559044000291   0.542693573375
8.264   0.559044000291   0.542693573375
8.36   0.559044000291   0.542693573375
8.456   0.559044000291   0.542693573375
8.552   0.559044000291   0.542693573375
8.648   0.559044000291   0.542693573375
8.744   0.559044000291   0.542693573375
8.84   0.559044000291   0.542693573375
8.936   0.559044000291   0.542693573375
9.032   0.559044000291   0.542693573375
9.128   0.559044000291   0.542693573375
9.224   0.559044000291   0.542693573375
9.32   0.559044000291   0.542693573375
9.416   0.559044000291   0.542693573375
9.512   0.559044000291   0.542693573375
9.608   0.559044000291   0.542693573375
9.704   0.559044000291   0.542693573375
