0.2   0.563574880255   0.41094475486
0.296   0.559550819145   0.455331890505
0.392   0.556071425879   0.484559019981
0.488   0.553117479943   0.50412151872
0.584   0.550655300309   0.517017881638
0.68   0.548641251468   0.525322006447
0.776   0.54702585484   0.530599692015
0.872   0.545757945478   0.533958295843
0.968   0.544787793067   0.536112538418
1.064   0.544068804675   0.537500716987
1.16   0.543557610774   0.538389994185
1.256   0.543212194482   0.538948957465
1.352   0.5429921827   0.539289456326
1.448   0.54285987746   0.539489630922
1.544   0.542784461397   0.539603671156
1.64   0.542742248213   0.539667063722
1.736   0.54271941865   0.539701803426
1.832   0.542707231206   0.539720673169
1.928   0.542700771825   0.539730869257
2.024   0.542697361943   0.53973636235
2.12   0.542695565774   0.53973931694
2.216   0.542694620739   0.539740904759
2.312   0.542694123832   0.539741757673
2.408   0.542693862641   0.539742215714
2.504   0.542693725375   0.539742461665
2.6   0.542693653243   0.539742593724
2.696   0.542693615341   0.539742664627
2.792   0.542693595425   0.539742702695
2.888   0.542693584961   0.539742723134
2.984   0.542693579462   0.539742734107
3.08   0.542693576573   0.539742739999
3.176   0.542693575055   0.539742743162
3.272   0.542693574258   0.53974274486
3.368   0.542693573839   0.539742745772
3.464   0.542693573618   0.539742746261
3.56   0.542693573503   0.539742746524
3.656   0.542693573442   0.539742746665
3.752   0.54269357341   0.539742746741
3.848   0.542693573393   0.539742746782
3.944   0.542693573384   0.539742746804
4.04   0.54269357338   0.539742746815
4.136   0.542693573377   0.539742746822
4.232   0.542693573376   0.539742746825
4.328   0.542693573375   0.539742746827
4.424   0.542693573375   0.539742746828
4.52   0.542693573375   0.539742746828
4.616   0.542693573375   0.539742746829
4.712   0.542693573375   0.539742746829
4.808   0.542693573375   0.539742746829
4.904   0.542693573375   0.539742746829
5.0   0.542693573375   0.539742746829
5.096   0.542693573375   0.539742746829
5.192   0.542693573375   0.539742746829
5.288   0.542693573375   0.539742746829
5.384   0.542693573375   0.539742746829
5.48   0.542693573375   0.539742746829
5.576   0.542693573375   0.539742746829
5.672   0.542693573375   0.539742746829
5.768   0.542693573375   0.539742746829
5.864   0.542693573375   0.539742746829
5.96   0.542693573375   0.539742746829
6.056   0.542693573375   0.539742746829
6.152   0.542693573375   0.539742746829
6.248   0.542693573375   0.539742746829
6.344   0.542693573375   0.539742746829
6.44   0.542693573375   0.539742746829
6.536   0.542693573375   0.539742746829
6.632   0.542693573375   0.539742746829
6.728   0.542693573375   0.539742746829
6.824   0.542693573375   0.539742746829
6.92   0.542693573375   0.539742746829
7.016   0.542693573375   0.539742746829
7.112   0.542693573375   0.539742746829
7.208   0.542693573375   0.539742746829
7.304   0.542693573375   0.539742746829
7.4   0.542693573375   0.539742746829
7.496   0.542693573375   0.539742746829
7.592   0.542693573375   0.539742746829
7.688   0.542693573375   0.539742746829
7.784   0.542693573375   0.539742746829
7.88   0.542693573375   0.539742746829
7.976   0.542693573375   0.539742746829
8.072   0.542693573375   0.539742746829
8.168   0.542693573375   0.539742746829
8.264   0.542693573375   0.539742746829
8.36   0.542693573375   0.539742746829
8.456   0.542693573375   0.539742746829
8.552   0.542693573375   0.539742746829
8.648   0.542693573375   0.539742746829
8.744   0.542693573375   0.539742746829
8.84   0.542693573375   0.539742746829
8.936   0.542693573375   0.539742746829
9.032   0.542693573375   0.539742746829
9.128   0.542693573375   0.539742746829
9.224   0.542693573375   0.539742746829
9.32   0.542693573375   0.539742746829
9.416   0.542693573375   0.539742746829
9.512   0.542693573375   0.539742746829
9.608   0.542693573375   0.539742746829
9.704   0.542693573375   0.539742746829
