0.2   0.561875022455   0.386506323134
0.296   0.557229726799   0.430467982247
0.392   0.553310237722   0.460098254035
0.488   0.550123531115   0.480440902402
0.584   0.54764970273   0.49426011652
0.68   0.545835189269   0.503401870794
0.776   0.544588458862   0.509260995532
0.872   0.543787815099   0.512908046021
0.968   0.54330446083   0.515126520175
1.064   0.543026890563   0.516454950677
1.16   0.542872488344   0.517243065149
1.256   0.542788740382   0.517708436393
1.352   0.542743924341   0.517982771263
1.448   0.542720131749   0.51814435506
1.544   0.542707557878   0.518239634467
1.64   0.542700929945   0.518295783604
1.736   0.542697441251   0.518328899803
1.832   0.542695606397   0.518348438259
1.928   0.542694641794   0.518359968987
2.024   0.542694134814   0.518366775239
2.12   0.542693868389   0.518370793322
2.216   0.542693728389   0.518373165628
2.312   0.542693654825   0.518374566342
2.408   0.542693616172   0.518375393421
2.504   0.542693595862   0.518375881799
2.6   0.54269358519   0.518376170184
2.696   0.542693579583   0.518376340476
2.792   0.542693576637   0.518376441035
2.888   0.542693575089   0.518376500415
2.984   0.542693574275   0.51837653548
3.08   0.542693573848   0.518376556187
3.176   0.542693573623   0.518376568414
3.272   0.542693573505   0.518376575635
3.368   0.542693573443   0.518376579898
3.464   0.542693573411   0.518376582416
3.56   0.542693573394   0.518376583903
3.656   0.542693573385   0.518376584781
3.752   0.54269357338   0.518376585299
3.848   0.542693573377   0.518376585606
3.944   0.542693573376   0.518376585786
4.04   0.542693573375   0.518376585893
4.136   0.542693573375   0.518376585956
4.232   0.542693573375   0.518376585993
4.328   0.542693573375   0.518376586015
4.424   0.542693573375   0.518376586028
4.52   0.542693573375   0.518376586036
4.616   0.542693573375   0.518376586041
4.712   0.542693573375   0.518376586043
4.808   0.542693573375   0.518376586045
4.904   0.542693573375   0.518376586046
5.0   0.542693573375   0.518376586046
5.096   0.542693573375   0.518376586047
5.192   0.542693573375   0.518376586047
5.288   0.542693573375   0.518376586047
5.384   0.542693573375   0.518376586047
5.48   0.542693573375   0.518376586047
5.576   0.542693573375   0.518376586047
5.672   0.542693573375   0.518376586047
5.768   0.542693573375   0.518376586047
5.864   0.542693573375   0.518376586047
5.96   0.542693573375   0.518376586047
6.056   0.542693573375   0.518376586047
6.152   0.542693573375   0.518376586047
6.248   0.542693573375   0.518376586047
6.344   0.542693573375   0.518376586047
6.44   0.542693573375   0.518376586047
6.536   0.542693573375   0.518376586047
6.632   0.542693573375   0.518376586047
6.728   0.542693573375   0.518376586047
6.824   0.542693573375   0.518376586047
6.92   0.542693573375   0.518376586047
7.016   0.542693573375   0.518376586047
7.112   0.542693573375   0.518376586047
7.208   0.542693573375   0.518376586047
7.304   0.542693573375   0.518376586047
7.4   0.542693573375   0.518376586047
7.496   0.542693573375   0.518376586047
7.592   0.542693573375   0.518376586047
7.688   0.542693573375   0.518376586047
7.784   0.542693573375   0.518376586047
7.88   0.542693573375   0.518376586047
7.976   0.542693573375   0.518376586047
8.072   0.542693573375   0.518376586047
8.168   0.542693573375   0.518376586047
8.264   0.542693573375   0.518376586047
8.36   0.542693573375   0.518376586047
8.456   0.542693573375   0.518376586047
8.552   0.542693573375   0.518376586047
8.648   0.542693573375   0.518376586047
8.744   0.542693573375   0.518376586047
8.84   0.542693573375   0.518376586047
8.936   0.542693573375   0.518376586047
9.032   0.542693573375   0.518376586047
9.128   0.542693573375   0.518376586047
9.224   0.542693573375   0.518376586047
9.32   0.542693573375   0.518376586047
9.416   0.542693573375   0.518376586047
9.512   0.542693573375   0.518376586047
9.608   0.542693573375   0.518376586047
9.704   0.542693573375   0.518376586047
