0.2   0.567657206586   0.457156597092
0.296   0.565853719856   0.494721905002
0.392   0.564715875549   0.517295274224
0.488   0.564109001916   0.529959530043
0.584   0.563834490588   0.536432677536
0.68   0.563724899913   0.53958866022
0.776   0.563683756609   0.541128278919
0.872   0.56366893461   0.541893087529
0.968   0.56366366414   0.542280060701
1.064   0.563661800125   0.542478537505
1.16   0.563661142297   0.542581284052
1.256   0.56366091034   0.542634788238
1.352   0.563660828577   0.542662751657
1.448   0.563660799759   0.542677398665
1.544   0.563660789602   0.542685080704
1.64   0.563660786023   0.542689112868
1.736   0.563660784762   0.542691230225
1.832   0.563660784317   0.542692342372
1.928   0.56366078416   0.542692926615
2.024   0.563660784105   0.542693233561
2.12   0.563660784086   0.542693394831
2.216   0.563660784079   0.542693479563
2.312   0.563660784076   0.542693524084
2.408   0.563660784075   0.542693547476
2.504   0.563660784075   0.542693559767
2.6   0.563660784075   0.542693566225
2.696   0.563660784075   0.542693569618
2.792   0.563660784075   0.542693571401
2.888   0.563660784075   0.542693572337
2.984   0.563660784075   0.54269357283
3.08   0.563660784075   0.542693573088
3.176   0.563660784075   0.542693573224
3.272   0.563660784075   0.542693573296
3.368   0.563660784075   0.542693573333
3.464   0.563660784075   0.542693573353
3.56   0.563660784075   0.542693573363
3.656   0.563660784075   0.542693573369
3.752   0.563660784075   0.542693573371
3.848   0.563660784075   0.542693573373
3.944   0.563660784075   0.542693573374
4.04   0.563660784075   0.542693573374
4.136   0.563660784075   0.542693573374
4.232   0.563660784075   0.542693573375
4.328   0.563660784075   0.542693573375
4.424   0.563660784075   0.542693573375
4.52   0.563660784075   0.542693573375
4.616   0.563660784075   0.542693573375
4.712   0.563660784075   0.542693573375
4.808   0.563660784075   0.542693573375
4.904   0.563660784075   0.542693573375
5.0   0.563660784075   0.542693573375
5.096   0.563660784075   0.542693573375
5.192   0.563660784075   0.542693573375
5.288   0.563660784075   0.542693573375
5.384   0.563660784075   0.542693573375
5.48   0.563660784075   0.542693573375
5.576   0.563660784075   0.542693573375
5.672   0.563660784075   0.542693573375
5.768   0.563660784075   0.542693573375
5.864   0.563660784075   0.542693573375
5.96   0.563660784075   0.542693573375
6.056   0.563660784075   0.542693573375
6.152   0.563660784075   0.542693573375
6.248   0.563660784075   0.542693573375
6.344   0.563660784075   0.542693573375
6.44   0.563660784075   0.542693573375
6.536   0.563660784075   0.542693573375
6.632   0.563660784075   0.542693573375
6.728   0.563660784075   0.542693573375
6.824   0.563660784075   0.542693573375
6.92   0.563660784075   0.542693573375
7.016   0.563660784075   0.542693573375
7.112   0.563660784075   0.542693573375
7.208   0.563660784075   0.542693573375
7.304   0.563660784075   0.542693573375
7.4   0.563660784075   0.542693573375
7.496   0.563660784075   0.542693573375
7.592   0.563660784075   0.542693573375
7.688   0.563660784075   0.542693573375
7.784   0.563660784075   0.542693573375
7.88   0.563660784075   0.542693573375
7.976   0.563660784075   0.542693573375
8.072   0.563660784075   0.542693573375
8.168   0.563660784075   0.542693573375
8.264   0.563660784075   0.542693573375
8.36   0.563660784075   0.542693573375
8.456   0.563660784075   0.542693573375
8.552   0.563660784075   0.542693573375
8.648   0.563660784075   0.542693573375
8.744   0.563660784075   0.542693573375
8.84   0.563660784075   0.542693573375
8.936   0.563660784075   0.542693573375
9.032   0.563660784075   0.542693573375
9.128   0.563660784075   0.542693573375
9.224   0.563660784075   0.542693573375
9.32   0.563660784075   0.542693573375
9.416   0.563660784075   0.542693573375
9.512   0.563660784075   0.542693573375
9.608   0.563660784075   0.542693573375
9.704   0.563660784075   0.542693573375
