0.2   0.562746283173   0.402235799487
0.296   0.558395198893   0.445701682022
0.392   0.554656458889   0.474792795396
0.488   0.551523012139   0.494604880208
0.584   0.548973216172   0.507935241523
0.68   0.546972762886   0.51667976507
0.776   0.545473818624   0.522267898728
0.872   0.544412357985   0.525757101444
0.968   0.543707484372   0.527887430912
1.064   0.543268643545   0.529159048529
1.16   0.543010401897   0.529902818852
1.256   0.542864933869   0.530331062771
1.352   0.542785035287   0.530575371685
1.448   0.542742055262   0.530713823103
1.544   0.542719171799   0.530792071645
1.64   0.542707059663   0.530836236914
1.736   0.54270066987   0.530861150307
1.832   0.542697305066   0.530875200767
1.928   0.542695534969   0.530883124411
2.024   0.542694604299   0.530887592934
2.12   0.542694115122   0.530890113025
2.216   0.542693858045   0.530891534312
2.312   0.542693722955   0.530892335912
2.408   0.54269365197   0.53089278802
2.504   0.542693614672   0.530893043015
2.6   0.542693595073   0.530893186838
2.696   0.542693584776   0.530893267957
2.792   0.542693579365   0.53089331371
2.888   0.542693576522   0.530893339516
2.984   0.542693575029   0.530893354071
3.08   0.542693574244   0.53089336228
3.176   0.542693573831   0.530893366911
3.272   0.542693573615   0.530893369522
3.368   0.542693573501   0.530893370995
3.464   0.542693573441   0.530893371826
3.56   0.542693573409   0.530893372295
3.656   0.542693573393   0.530893372559
3.752   0.542693573384   0.530893372708
3.848   0.54269357338   0.530893372792
3.944   0.542693573377   0.53089337284
4.04   0.542693573376   0.530893372867
4.136   0.542693573375   0.530893372882
4.232   0.542693573375   0.53089337289
4.328   0.542693573375   0.530893372895
4.424   0.542693573375   0.530893372898
4.52   0.542693573375   0.530893372899
4.616   0.542693573375   0.5308933729
4.712   0.542693573375   0.530893372901
4.808   0.542693573375   0.530893372901
4.904   0.542693573375   0.530893372901
5.0   0.542693573375   0.530893372901
5.096   0.542693573375   0.530893372901
5.192   0.542693573375   0.530893372901
5.288   0.542693573375   0.530893372901
5.384   0.542693573375   0.530893372901
5.48   0.542693573375   0.530893372901
5.576   0.542693573375   0.530893372901
5.672   0.542693573375   0.530893372901
5.768   0.542693573375   0.530893372901
5.864   0.542693573375   0.530893372901
5.96   0.542693573375   0.530893372901
6.056   0.542693573375   0.530893372901
6.152   0.542693573375   0.530893372901
6.248   0.542693573375   0.530893372901
6.344   0.542693573375   0.530893372901
6.44   0.542693573375   0.530893372901
6.536   0.542693573375   0.530893372901
6.632   0.542693573375   0.530893372901
6.728   0.542693573375   0.530893372901
6.824   0.542693573375   0.530893372901
6.92   0.542693573375   0.530893372901
7.016   0.542693573375   0.530893372901
7.112   0.542693573375   0.530893372901
7.208   0.542693573375   0.530893372901
7.304   0.542693573375   0.530893372901
7.4   0.542693573375   0.530893372901
7.496   0.542693573375   0.530893372901
7.592   0.542693573375   0.530893372901
7.688   0.542693573375   0.530893372901
7.784   0.542693573375   0.530893372901
7.88   0.542693573375   0.530893372901
7.976   0.542693573375   0.530893372901
8.072   0.542693573375   0.530893372901
8.168   0.542693573375   0.530893372901
8.264   0.542693573375   0.530893372901
8.36   0.542693573375   0.530893372901
8.456   0.542693573375   0.530893372901
8.552   0.542693573375   0.530893372901
8.648   0.542693573375   0.530893372901
8.744   0.542693573375   0.530893372901
8.84   0.542693573375   0.530893372901
8.936   0.542693573375   0.530893372901
9.032   0.542693573375   0.530893372901
9.128   0.542693573375   0.530893372901
9.224   0.542693573375   0.530893372901
9.32   0.542693573375   0.530893372901
9.416   0.542693573375   0.530893372901
9.512   0.542693573375   0.530893372901
9.608   0.542693573375   0.530893372901
9.704   0.542693573375   0.530893372901
