0.2   0.564095855467   0.41739271382
0.296   0.560305424543   0.461562041461
0.392   0.557041268233   0.490391383878
0.488   0.554281718081   0.50944001061
0.584   0.551991066977   0.521763342272
0.68   0.550124036313   0.529524726286
0.776   0.548629825987   0.534359771937
0.872   0.547456277871   0.537393990229
0.968   0.546553200482   0.53932801016
1.064   0.545874665703   0.54057768082
1.16   0.545380024653   0.541388807609
1.256   0.54503364596   0.541911069038
1.352   0.544802902306   0.542239118063
1.448   0.54465809955   0.542437703619
1.544   0.544573461373   0.542553185661
1.64   0.544524586699   0.542617811007
1.736   0.544498005353   0.542653130946
1.832   0.544483868392   0.542672132099
1.928   0.544476441873   0.542682251873
2.024   0.544472566836   0.54268760901
2.12   0.544470552254   0.542690435157
2.216   0.544469506925   0.542691923262
2.312   0.544468965078   0.542692706028
2.408   0.544468684362   0.542693117555
2.504   0.544468538972   0.542693333849
2.6   0.544468463682   0.542693447514
2.696   0.544468424696   0.542693507242
2.792   0.54446840451   0.542693538626
2.888   0.544468394058   0.542693555117
2.984   0.544468388646   0.542693563781
3.08   0.544468385844   0.542693568334
3.176   0.544468384394   0.542693570726
3.272   0.544468383643   0.542693571983
3.368   0.544468383254   0.542693572643
3.464   0.544468383052   0.54269357299
3.56   0.544468382948   0.542693573173
3.656   0.544468382894   0.542693573269
3.752   0.544468382866   0.542693573319
3.848   0.544468382852   0.542693573345
3.944   0.544468382844   0.542693573359
4.04   0.54446838284   0.542693573367
4.136   0.544468382838   0.54269357337
4.232   0.544468382837   0.542693573372
4.328   0.544468382837   0.542693573373
4.424   0.544468382836   0.542693573374
4.52   0.544468382836   0.542693573374
4.616   0.544468382836   0.542693573374
4.712   0.544468382836   0.542693573375
4.808   0.544468382836   0.542693573375
4.904   0.544468382836   0.542693573375
5.0   0.544468382836   0.542693573375
5.096   0.544468382836   0.542693573375
5.192   0.544468382836   0.542693573375
5.288   0.544468382836   0.542693573375
5.384   0.544468382836   0.542693573375
5.48   0.544468382836   0.542693573375
5.576   0.544468382836   0.542693573375
5.672   0.544468382836   0.542693573375
5.768   0.544468382836   0.542693573375
5.864   0.544468382836   0.542693573375
5.96   0.544468382836   0.542693573375
6.056   0.544468382836   0.542693573375
6.152   0.544468382836   0.542693573375
6.248   0.544468382836   0.542693573375
6.344   0.544468382836   0.542693573375
6.44   0.544468382836   0.542693573375
6.536   0.544468382836   0.542693573375
6.632   0.544468382836   0.542693573375
6.728   0.544468382836   0.542693573375
6.824   0.544468382836   0.542693573375
6.92   0.544468382836   0.542693573375
7.016   0.544468382836   0.542693573375
7.112   0.544468382836   0.542693573375
7.208   0.544468382836   0.542693573375
7.304   0.544468382836   0.542693573375
7.4   0.544468382836   0.542693573375
7.496   0.544468382836   0.542693573375
7.592   0.544468382836   0.542693573375
7.688   0.544468382836   0.542693573375
7.784   0.544468382836   0.542693573375
7.88   0.544468382836   0.542693573375
7.976   0.544468382836   0.542693573375
8.072   0.544468382836   0.542693573375
8.168   0.544468382836   0.542693573375
8.264   0.544468382836   0.542693573375
8.36   0.544468382836   0.542693573375
8.456   0.544468382836   0.542693573375
8.552   0.544468382836   0.542693573375
8.648   0.544468382836   0.542693573375
8.744   0.544468382836   0.542693573375
8.84   0.544468382836   0.542693573375
8.936   0.544468382836   0.542693573375
9.032   0.544468382836   0.542693573375
9.128   0.544468382836   0.542693573375
9.224   0.544468382836   0.542693573375
9.32   0.544468382836   0.542693573375
9.416   0.544468382836   0.542693573375
9.512   0.544468382836   0.542693573375
9.608   0.544468382836   0.542693573375
9.704   0.544468382836   0.542693573375
