0.2   0.563623782294   0.43256055291
0.296   0.559666059956   0.468538251391
0.392   0.556268248631   0.493116201971
0.488   0.5534017804   0.509908641137
0.584   0.551024370379   0.52111185264
0.68   0.549084824323   0.528388551077
0.776   0.547527186637   0.533055113155
0.872   0.546294831038   0.536060274423
0.968   0.545333640718   0.538022988515
1.064   0.544594271896   0.539326219085
1.16   0.544033501475   0.540203994927
1.256   0.54361475883   0.540800602352
1.352   0.543308239587   0.541207292321
1.448   0.54308906158   0.541482298459
1.544   0.542937884885   0.541664537071
1.64   0.542838279941   0.54178139876
1.736   0.542778281258   0.541852768696
1.832   0.542740557547   0.541894686283
1.928   0.542719021576   0.541918596583
2.024   0.54270717126   0.541931943384
2.12   0.542700783531   0.541939268026
2.216   0.542697380351   0.541943235068
2.312   0.54269557888   0.541945363302
2.408   0.542694628581   0.541946497912
2.504   0.542694128217   0.541947100476
2.6   0.542693865018   0.541947419771
2.696   0.542693726644   0.541947588753
2.792   0.542693653916   0.541947678124
2.888   0.542693615696   0.541947725374
2.984   0.542693595612   0.541947750349
3.08   0.542693585059   0.541947763549
3.176   0.542693579514   0.541947770525
3.272   0.5426935766   0.541947774212
3.368   0.54269357507   0.541947776161
3.464   0.542693574265   0.54194777719
3.56   0.542693573843   0.541947777735
3.656   0.542693573621   0.541947778022
3.752   0.542693573504   0.541947778174
3.848   0.542693573443   0.541947778254
3.944   0.54269357341   0.541947778297
4.04   0.542693573393   0.541947778319
4.136   0.542693573385   0.541947778331
4.232   0.54269357338   0.541947778337
4.328   0.542693573377   0.541947778341
4.424   0.542693573376   0.541947778343
4.52   0.542693573375   0.541947778343
4.616   0.542693573375   0.541947778344
4.712   0.542693573375   0.541947778344
4.808   0.542693573375   0.541947778344
4.904   0.542693573375   0.541947778344
5.0   0.542693573375   0.541947778344
5.096   0.542693573375   0.541947778344
5.192   0.542693573375   0.541947778344
5.288   0.542693573375   0.541947778344
5.384   0.542693573375   0.541947778344
5.48   0.542693573375   0.541947778344
5.576   0.542693573375   0.541947778344
5.672   0.542693573375   0.541947778344
5.768   0.542693573375   0.541947778344
5.864   0.542693573375   0.541947778344
5.96   0.542693573375   0.541947778344
6.056   0.542693573375   0.541947778344
6.152   0.542693573375   0.541947778344
6.248   0.542693573375   0.541947778344
6.344   0.542693573375   0.541947778344
6.44   0.542693573375   0.541947778344
6.536   0.542693573375   0.541947778344
6.632   0.542693573375   0.541947778344
6.728   0.542693573375   0.541947778344
6.824   0.542693573375   0.541947778344
6.92   0.542693573375   0.541947778344
7.016   0.542693573375   0.541947778344
7.112   0.542693573375   0.541947778344
7.208   0.542693573375   0.541947778344
7.304   0.542693573375   0.541947778344
7.4   0.542693573375   0.541947778344
7.496   0.542693573375   0.541947778344
7.592   0.542693573375   0.541947778344
7.688   0.542693573375   0.541947778344
7.784   0.542693573375   0.541947778344
7.88   0.542693573375   0.541947778344
7.976   0.542693573375   0.541947778344
8.072   0.542693573375   0.541947778344
8.168   0.542693573375   0.541947778344
8.264   0.542693573375   0.541947778344
8.36   0.542693573375   0.541947778344
8.456   0.542693573375   0.541947778344
8.552   0.542693573375   0.541947778344
8.648   0.542693573375   0.541947778344
8.744   0.542693573375   0.541947778344
8.84   0.542693573375   0.541947778344
8.936   0.542693573375   0.541947778344
9.032   0.542693573375   0.541947778344
9.128   0.542693573375   0.541947778344
9.224   0.542693573375   0.541947778344
9.32   0.542693573375   0.541947778344
9.416   0.542693573375   0.541947778344
9.512   0.542693573375   0.541947778344
9.608   0.542693573375   0.541947778344
9.704   0.542693573375   0.541947778344
