0.2   0.561495875408   0.371668345464
0.296   0.55673498711   0.418209915975
0.392   0.552761197826   0.449331511811
0.488   0.549584706547   0.470620009945
0.584   0.547177869014   0.485070908474
0.68   0.545465723763   0.494644720568
0.776   0.544328330321   0.500801718576
0.872   0.54362089782   0.504656571721
0.968   0.543204787583   0.507022844532
1.064   0.542970170952   0.50845761108
1.16   0.542841333541   0.509321903203
1.256   0.542771950044   0.509841370504
1.352   0.542734975456   0.510153261838
1.448   0.542715392311   0.510340590273
1.544   0.542705056716   0.510453174246
1.64   0.542699612597   0.510520880047
1.736   0.542696748166   0.510561619108
1.832   0.542695241968   0.5105861425
1.928   0.542694450237   0.510600909316
2.024   0.542694034143   0.510609803194
2.12   0.542693815487   0.510615160715
2.216   0.542693700591   0.510618388343
2.312   0.542693640219   0.510620332963
2.408   0.542693608497   0.510621504638
2.504   0.542693591829   0.51062221062
2.6   0.542693583071   0.510622636012
2.696   0.542693578469   0.510622892337
2.792   0.542693576052   0.51062304679
2.888   0.542693574781   0.510623139859
2.984   0.542693574114   0.51062319594
3.08   0.542693573763   0.510623229733
3.176   0.542693573579   0.510623250096
3.272   0.542693573482   0.510623262366
3.368   0.542693573431   0.510623269759
3.464   0.542693573404   0.510623274215
3.56   0.54269357339   0.510623276899
3.656   0.542693573383   0.510623278517
3.752   0.542693573379   0.510623279492
3.848   0.542693573377   0.510623280079
3.944   0.542693573376   0.510623280433
4.04   0.542693573375   0.510623280646
4.136   0.542693573375   0.510623280775
4.232   0.542693573375   0.510623280852
4.328   0.542693573375   0.510623280899
4.424   0.542693573375   0.510623280927
4.52   0.542693573375   0.510623280944
4.616   0.542693573375   0.510623280954
4.712   0.542693573375   0.51062328096
4.808   0.542693573375   0.510623280964
4.904   0.542693573375   0.510623280966
5.0   0.542693573375   0.510623280968
5.096   0.542693573375   0.510623280968
5.192   0.542693573375   0.510623280969
5.288   0.542693573375   0.510623280969
5.384   0.542693573375   0.510623280969
5.48   0.542693573375   0.510623280969
5.576   0.542693573375   0.51062328097
5.672   0.542693573375   0.51062328097
5.768   0.542693573375   0.51062328097
5.864   0.542693573375   0.51062328097
5.96   0.542693573375   0.51062328097
6.056   0.542693573375   0.51062328097
6.152   0.542693573375   0.51062328097
6.248   0.542693573375   0.51062328097
6.344   0.542693573375   0.51062328097
6.44   0.542693573375   0.51062328097
6.536   0.542693573375   0.51062328097
6.632   0.542693573375   0.51062328097
6.728   0.542693573375   0.51062328097
6.824   0.542693573375   0.51062328097
6.92   0.542693573375   0.51062328097
7.016   0.542693573375   0.51062328097
7.112   0.542693573375   0.51062328097
7.208   0.542693573375   0.51062328097
7.304   0.542693573375   0.51062328097
7.4   0.542693573375   0.51062328097
7.496   0.542693573375   0.51062328097
7.592   0.542693573375   0.51062328097
7.688   0.542693573375   0.51062328097
7.784   0.542693573375   0.51062328097
7.88   0.542693573375   0.51062328097
7.976   0.542693573375   0.51062328097
8.072   0.542693573375   0.51062328097
8.168   0.542693573375   0.51062328097
8.264   0.542693573375   0.51062328097
8.36   0.542693573375   0.51062328097
8.456   0.542693573375   0.51062328097
8.552   0.542693573375   0.51062328097
8.648   0.542693573375   0.51062328097
8.744   0.542693573375   0.51062328097
8.84   0.542693573375   0.51062328097
8.936   0.542693573375   0.51062328097
9.032   0.542693573375   0.51062328097
9.128   0.542693573375   0.51062328097
9.224   0.542693573375   0.51062328097
9.32   0.542693573375   0.51062328097
9.416   0.542693573375   0.51062328097
9.512   0.542693573375   0.51062328097
9.608   0.542693573375   0.51062328097
9.704   0.542693573375   0.51062328097
