0.2   0.565728001954   0.44525971598
0.296   0.562809418644   0.483316314024
0.392   0.560478754492   0.507791557771
0.488   0.558723645326   0.523141737664
0.584   0.557502622486   0.532172502808
0.68   0.556732726345   0.537162903515
0.776   0.556295353943   0.539815362153
0.872   0.556068659831   0.541199369828
0.968   0.555958726262   0.541916841763
1.064   0.555907262334   0.542288752829
1.16   0.555883782951   0.542482088275
1.256   0.555873184797   0.542582867986
1.352   0.555868426282   0.542635542475
1.448   0.55586629523   0.542663126349
1.544   0.555865342038   0.542677589551
1.64   0.555864915938   0.542685179339
1.736   0.555864725513   0.542689164232
1.832   0.555864640423   0.542691257085
1.928   0.555864602404   0.542692356449
2.024   0.555864585417   0.542692934002
2.12   0.555864577827   0.54269323744
2.216   0.555864574436   0.542693396868
2.312   0.555864572921   0.542693480634
2.408   0.555864572244   0.542693524646
2.504   0.555864571942   0.542693547771
2.6   0.555864571807   0.542693559922
2.696   0.555864571746   0.542693566306
2.792   0.555864571719   0.542693569661
2.888   0.555864571707   0.542693571423
2.984   0.555864571702   0.542693572349
3.08   0.555864571699   0.542693572836
3.176   0.555864571698   0.542693573092
3.272   0.555864571698   0.542693573226
3.368   0.555864571698   0.542693573297
3.464   0.555864571698   0.542693573334
3.56   0.555864571697   0.542693573353
3.656   0.555864571697   0.542693573363
3.752   0.555864571697   0.542693573369
3.848   0.555864571697   0.542693573372
3.944   0.555864571697   0.542693573373
4.04   0.555864571697   0.542693573374
4.136   0.555864571697   0.542693573374
4.232   0.555864571697   0.542693573374
4.328   0.555864571697   0.542693573375
4.424   0.555864571697   0.542693573375
4.52   0.555864571697   0.542693573375
4.616   0.555864571697   0.542693573375
4.712   0.555864571697   0.542693573375
4.808   0.555864571697   0.542693573375
4.904   0.555864571697   0.542693573375
5.0   0.555864571697   0.542693573375
5.096   0.555864571697   0.542693573375
5.192   0.555864571697   0.542693573375
5.288   0.555864571697   0.542693573375
5.384   0.555864571697   0.542693573375
5.48   0.555864571697   0.542693573375
5.576   0.555864571697   0.542693573375
5.672   0.555864571697   0.542693573375
5.768   0.555864571697   0.542693573375
5.864   0.555864571697   0.542693573375
5.96   0.555864571697   0.542693573375
6.056   0.555864571697   0.542693573375
6.152   0.555864571697   0.542693573375
6.248   0.555864571697   0.542693573375
6.344   0.555864571697   0.542693573375
6.44   0.555864571697   0.542693573375
6.536   0.555864571697   0.542693573375
6.632   0.555864571697   0.542693573375
6.728   0.555864571697   0.542693573375
6.824   0.555864571697   0.542693573375
6.92   0.555864571697   0.542693573375
7.016   0.555864571697   0.542693573375
7.112   0.555864571697   0.542693573375
7.208   0.555864571697   0.542693573375
7.304   0.555864571697   0.542693573375
7.4   0.555864571697   0.542693573375
7.496   0.555864571697   0.542693573375
7.592   0.555864571697   0.542693573375
7.688   0.555864571697   0.542693573375
7.784   0.555864571697   0.542693573375
7.88   0.555864571697   0.542693573375
7.976   0.555864571697   0.542693573375
8.072   0.555864571697   0.542693573375
8.168   0.555864571697   0.542693573375
8.264   0.555864571697   0.542693573375
8.36   0.555864571697   0.542693573375
8.456   0.555864571697   0.542693573375
8.552   0.555864571697   0.542693573375
8.648   0.555864571697   0.542693573375
8.744   0.555864571697   0.542693573375
8.84   0.555864571697   0.542693573375
8.936   0.555864571697   0.542693573375
9.032   0.555864571697   0.542693573375
9.128   0.555864571697   0.542693573375
9.224   0.555864571697   0.542693573375
9.32   0.555864571697   0.542693573375
9.416   0.555864571697   0.542693573375
9.512   0.555864571697   0.542693573375
9.608   0.555864571697   0.542693573375
9.704   0.555864571697   0.542693573375
