0.2   0.562215262161   0.411677147787
0.296   0.557704400962   0.448806890765
0.392   0.553874016343   0.47451826608
0.488   0.550717387777   0.492437139967
0.584   0.548210193742   0.504708501263
0.68   0.546309011256   0.512865217028
0.776   0.544946987165   0.518113374488
0.872   0.544032448429   0.521388960487
0.968   0.543457367957   0.523379505121
1.064   0.543116171912   0.524563328048
1.16   0.542922768072   0.525256591179
1.256   0.542816129465   0.525658679332
1.352   0.542758611033   0.525890750153
1.448   0.542727936305   0.526024313969
1.544   0.542711684237   0.526101114245
1.64   0.542703105462   0.526145263392
1.736   0.542698586461   0.526170643227
1.832   0.542696208735   0.526185234867
1.928   0.542694958455   0.526193625104
2.024   0.542694301247   0.526198450043
2.12   0.542693955852   0.526201224933
2.216   0.542693774349   0.526202820907
2.312   0.542693678975   0.526203738868
2.408   0.542693628861   0.526204266869
2.504   0.542693602529   0.526204570575
2.6   0.542693588693   0.526204745269
2.696   0.542693581424   0.526204845755
2.792   0.542693577604   0.526204903555
2.888   0.542693575597   0.526204936803
2.984   0.542693574542   0.526204955928
3.08   0.542693573988   0.526204966929
3.176   0.542693573697   0.526204973257
3.272   0.542693573544   0.526204976897
3.368   0.542693573464   0.526204978991
3.464   0.542693573421   0.526204980195
3.56   0.542693573399   0.526204980888
3.656   0.542693573388   0.526204981286
3.752   0.542693573381   0.526204981515
3.848   0.542693573378   0.526204981647
3.944   0.542693573377   0.526204981723
4.04   0.542693573376   0.526204981767
4.136   0.542693573375   0.526204981792
4.232   0.542693573375   0.526204981806
4.328   0.542693573375   0.526204981815
4.424   0.542693573375   0.526204981819
4.52   0.542693573375   0.526204981822
4.616   0.542693573375   0.526204981824
4.712   0.542693573375   0.526204981825
4.808   0.542693573375   0.526204981825
4.904   0.542693573375   0.526204981825
5.0   0.542693573375   0.526204981826
5.096   0.542693573375   0.526204981826
5.192   0.542693573375   0.526204981826
5.288   0.542693573375   0.526204981826
5.384   0.542693573375   0.526204981826
5.48   0.542693573375   0.526204981826
5.576   0.542693573375   0.526204981826
5.672   0.542693573375   0.526204981826
5.768   0.542693573375   0.526204981826
5.864   0.542693573375   0.526204981826
5.96   0.542693573375   0.526204981826
6.056   0.542693573375   0.526204981826
6.152   0.542693573375   0.526204981826
6.248   0.542693573375   0.526204981826
6.344   0.542693573375   0.526204981826
6.44   0.542693573375   0.526204981826
6.536   0.542693573375   0.526204981826
6.632   0.542693573375   0.526204981826
6.728   0.542693573375   0.526204981826
6.824   0.542693573375   0.526204981826
6.92   0.542693573375   0.526204981826
7.016   0.542693573375   0.526204981826
7.112   0.542693573375   0.526204981826
7.208   0.542693573375   0.526204981826
7.304   0.542693573375   0.526204981826
7.4   0.542693573375   0.526204981826
7.496   0.542693573375   0.526204981826
7.592   0.542693573375   0.526204981826
7.688   0.542693573375   0.526204981826
7.784   0.542693573375   0.526204981826
7.88   0.542693573375   0.526204981826
7.976   0.542693573375   0.526204981826
8.072   0.542693573375   0.526204981826
8.168   0.542693573375   0.526204981826
8.264   0.542693573375   0.526204981826
8.36   0.542693573375   0.526204981826
8.456   0.542693573375   0.526204981826
8.552   0.542693573375   0.526204981826
8.648   0.542693573375   0.526204981826
8.744   0.542693573375   0.526204981826
8.84   0.542693573375   0.526204981826
8.936   0.542693573375   0.526204981826
9.032   0.542693573375   0.526204981826
9.128   0.542693573375   0.526204981826
9.224   0.542693573375   0.526204981826
9.32   0.542693573375   0.526204981826
9.416   0.542693573375   0.526204981826
9.512   0.542693573375   0.526204981826
9.608   0.542693573375   0.526204981826
9.704   0.542693573375   0.526204981826
