0.2   0.561909372987   0.390233893797
0.296   0.557278014817   0.433092308401
0.392   0.55336751852   0.462107065399
0.488   0.550183250654   0.482076745923
0.584   0.547705000296   0.495661371114
0.68   0.545880723009   0.504654607099
0.776   0.544621915065   0.510420578119
0.872   0.543810000598   0.514009472677
0.968   0.543318016755   0.516191237532
1.064   0.543034725703   0.517496041383
1.16   0.542876828526   0.518268714974
1.256   0.542791090871   0.518723933826
1.352   0.542745180535   0.518991602972
1.448   0.542720798052   0.519148847728
1.544   0.542707909799   0.519241283382
1.64   0.542701115382   0.51929560924
1.736   0.542697538837   0.519327556964
1.832   0.542695657716   0.519346350838
1.928   0.542694668771   0.519357409524
2.024   0.542694148992   0.51936391789
2.12   0.54269387584   0.519367748761
2.216   0.542693732304   0.519370003843
2.312   0.542693656882   0.519371331401
2.408   0.542693617253   0.51937211296
2.504   0.54269359643   0.519372573092
2.6   0.542693585488   0.519372843992
2.696   0.54269357974   0.519373003485
2.792   0.542693576719   0.519373097388
2.888   0.542693575132   0.519373152674
2.984   0.542693574298   0.519373185224
3.08   0.54269357386   0.519373204388
3.176   0.54269357363   0.519373215671
3.272   0.542693573509   0.519373222314
3.368   0.542693573445   0.519373226225
3.464   0.542693573412   0.519373228528
3.56   0.542693573394   0.519373229884
3.656   0.542693573385   0.519373230682
3.752   0.54269357338   0.519373231152
3.848   0.542693573377   0.519373231429
3.944   0.542693573376   0.519373231592
4.04   0.542693573375   0.519373231688
4.136   0.542693573375   0.519373231744
4.232   0.542693573375   0.519373231778
4.328   0.542693573375   0.519373231797
4.424   0.542693573375   0.519373231809
4.52   0.542693573375   0.519373231815
4.616   0.542693573375   0.519373231819
4.712   0.542693573375   0.519373231822
4.808   0.542693573375   0.519373231823
4.904   0.542693573375   0.519373231824
5.0   0.542693573375   0.519373231824
5.096   0.542693573375   0.519373231825
5.192   0.542693573375   0.519373231825
5.288   0.542693573375   0.519373231825
5.384   0.542693573375   0.519373231825
5.48   0.542693573375   0.519373231825
5.576   0.542693573375   0.519373231825
5.672   0.542693573375   0.519373231825
5.768   0.542693573375   0.519373231825
5.864   0.542693573375   0.519373231825
5.96   0.542693573375   0.519373231825
6.056   0.542693573375   0.519373231825
6.152   0.542693573375   0.519373231825
6.248   0.542693573375   0.519373231825
6.344   0.542693573375   0.519373231825
6.44   0.542693573375   0.519373231825
6.536   0.542693573375   0.519373231825
6.632   0.542693573375   0.519373231825
6.728   0.542693573375   0.519373231825
6.824   0.542693573375   0.519373231825
6.92   0.542693573375   0.519373231825
7.016   0.542693573375   0.519373231825
7.112   0.542693573375   0.519373231825
7.208   0.542693573375   0.519373231825
7.304   0.542693573375   0.519373231825
7.4   0.542693573375   0.519373231825
7.496   0.542693573375   0.519373231825
7.592   0.542693573375   0.519373231825
7.688   0.542693573375   0.519373231825
7.784   0.542693573375   0.519373231825
7.88   0.542693573375   0.519373231825
7.976   0.542693573375   0.519373231825
8.072   0.542693573375   0.519373231825
8.168   0.542693573375   0.519373231825
8.264   0.542693573375   0.519373231825
8.36   0.542693573375   0.519373231825
8.456   0.542693573375   0.519373231825
8.552   0.542693573375   0.519373231825
8.648   0.542693573375   0.519373231825
8.744   0.542693573375   0.519373231825
8.84   0.542693573375   0.519373231825
8.936   0.542693573375   0.519373231825
9.032   0.542693573375   0.519373231825
9.128   0.542693573375   0.519373231825
9.224   0.542693573375   0.519373231825
9.32   0.542693573375   0.519373231825
9.416   0.542693573375   0.519373231825
9.512   0.542693573375   0.519373231825
9.608   0.542693573375   0.519373231825
9.704   0.542693573375   0.519373231825
