0.2   0.564185922934   0.427036795164
0.296   0.56045678903   0.46752337557
0.392   0.557261418559   0.49432869187
0.488   0.554575875592   0.512151034976
0.584   0.552363037411   0.523694739452
0.68   0.550577278496   0.530951725816
0.776   0.549168570065   0.535452528904
0.872   0.548086360336   0.538251538864
0.968   0.547282009585   0.540003967964
1.064   0.546709305319   0.541100005922
1.16   0.546323298168   0.541775061832
1.256   0.546079007983   0.542178962932
1.352   0.545933999277   0.542411958424
1.448   0.545852871841   0.542542136446
1.544   0.545808457673   0.542612941035
1.64   0.545785031384   0.542650896044
1.736   0.545772846314   0.542671061899
1.832   0.545766556223   0.542681721135
1.928   0.545763322444   0.542687339359
2.024   0.545761663541   0.5426902961
2.12   0.54576081351   0.542691850935
2.216   0.54576037821   0.542692668231
2.312   0.545760155363   0.542693097753
2.408   0.545760041298   0.54269332346
2.504   0.545759982918   0.54269344206
2.6   0.54575995304   0.542693504377
2.696   0.545759937749   0.542693537121
2.792   0.545759929924   0.542693554326
2.888   0.545759925919   0.542693563366
2.984   0.54575992387   0.542693568116
3.08   0.545759922821   0.542693570611
3.176   0.545759922284   0.542693571923
3.272   0.545759922009   0.542693572612
3.368   0.545759921869   0.542693572974
3.464   0.545759921797   0.542693573164
3.56   0.54575992176   0.542693573264
3.656   0.545759921741   0.542693573317
3.752   0.545759921732   0.542693573344
3.848   0.545759921727   0.542693573359
3.944   0.545759921724   0.542693573366
4.04   0.545759921723   0.54269357337
4.136   0.545759921722   0.542693573372
4.232   0.545759921722   0.542693573373
4.328   0.545759921722   0.542693573374
4.424   0.545759921722   0.542693573374
4.52   0.545759921722   0.542693573374
4.616   0.545759921722   0.542693573375
4.712   0.545759921722   0.542693573375
4.808   0.545759921722   0.542693573375
4.904   0.545759921722   0.542693573375
5.0   0.545759921722   0.542693573375
5.096   0.545759921722   0.542693573375
5.192   0.545759921722   0.542693573375
5.288   0.545759921722   0.542693573375
5.384   0.545759921722   0.542693573375
5.48   0.545759921722   0.542693573375
5.576   0.545759921722   0.542693573375
5.672   0.545759921722   0.542693573375
5.768   0.545759921722   0.542693573375
5.864   0.545759921722   0.542693573375
5.96   0.545759921722   0.542693573375
6.056   0.545759921722   0.542693573375
6.152   0.545759921722   0.542693573375
6.248   0.545759921722   0.542693573375
6.344   0.545759921722   0.542693573375
6.44   0.545759921722   0.542693573375
6.536   0.545759921722   0.542693573375
6.632   0.545759921722   0.542693573375
6.728   0.545759921722   0.542693573375
6.824   0.545759921722   0.542693573375
6.92   0.545759921722   0.542693573375
7.016   0.545759921722   0.542693573375
7.112   0.545759921722   0.542693573375
7.208   0.545759921722   0.542693573375
7.304   0.545759921722   0.542693573375
7.4   0.545759921722   0.542693573375
7.496   0.545759921722   0.542693573375
7.592   0.545759921722   0.542693573375
7.688   0.545759921722   0.542693573375
7.784   0.545759921722   0.542693573375
7.88   0.545759921722   0.542693573375
7.976   0.545759921722   0.542693573375
8.072   0.545759921722   0.542693573375
8.168   0.545759921722   0.542693573375
8.264   0.545759921722   0.542693573375
8.36   0.545759921722   0.542693573375
8.456   0.545759921722   0.542693573375
8.552   0.545759921722   0.542693573375
8.648   0.545759921722   0.542693573375
8.744   0.545759921722   0.542693573375
8.84   0.545759921722   0.542693573375
8.936   0.545759921722   0.542693573375
9.032   0.545759921722   0.542693573375
9.128   0.545759921722   0.542693573375
9.224   0.545759921722   0.542693573375
9.32   0.545759921722   0.542693573375
9.416   0.545759921722   0.542693573375
9.512   0.545759921722   0.542693573375
9.608   0.545759921722   0.542693573375
9.704   0.545759921722   0.542693573375
