0.2   0.56395126606   0.4292862303
0.296   0.560124009793   0.467884505222
0.392   0.556839335778   0.493778919661
0.488   0.554070965293   0.511198093087
0.584   0.551778993969   0.522629285799
0.68   0.549914587225   0.529924002022
0.776   0.548424104618   0.534523229055
0.872   0.547253226864   0.537439644315
0.968   0.546350191105   0.53931582218
1.064   0.545668038717   0.540539570215
1.16   0.545165731045   0.541343207391
1.256   0.544808217821   0.54186839686
1.352   0.544564462177   0.542205198722
1.448   0.544407218685   0.542413897668
1.544   0.544311571373   0.542538170045
1.64   0.544257176669   0.542608947875
1.736   0.544226262985   0.542648123558
1.832   0.544209624338   0.542669383876
1.928   0.544200820092   0.542680771201
2.024   0.544196203053   0.542686820113
2.12   0.544193793572   0.542690017511
2.216   0.544192539404   0.542691702935
2.312   0.54419188749   0.542692590016
2.408   0.544191548873   0.542693056531
2.504   0.544191373055   0.542693301767
2.6   0.544191281784   0.542693430652
2.696   0.544191234409   0.542693498381
2.792   0.54419120982   0.54269353397
2.888   0.544191197057   0.54269355267
2.984   0.544191190434   0.542693562496
3.08   0.544191186996   0.542693567658
3.176   0.544191185212   0.542693570371
3.272   0.544191184286   0.542693571797
3.368   0.544191183805   0.542693572545
3.464   0.544191183555   0.542693572939
3.56   0.544191183426   0.542693573146
3.656   0.544191183359   0.542693573254
3.752   0.544191183324   0.542693573311
3.848   0.544191183306   0.542693573341
3.944   0.544191183296   0.542693573357
4.04   0.544191183292   0.542693573365
4.136   0.544191183289   0.54269357337
4.232   0.544191183288   0.542693573372
4.328   0.544191183287   0.542693573373
4.424   0.544191183287   0.542693573374
4.52   0.544191183287   0.542693573374
4.616   0.544191183286   0.542693573374
4.712   0.544191183286   0.542693573375
4.808   0.544191183286   0.542693573375
4.904   0.544191183286   0.542693573375
5.0   0.544191183286   0.542693573375
5.096   0.544191183286   0.542693573375
5.192   0.544191183286   0.542693573375
5.288   0.544191183286   0.542693573375
5.384   0.544191183286   0.542693573375
5.48   0.544191183286   0.542693573375
5.576   0.544191183286   0.542693573375
5.672   0.544191183286   0.542693573375
5.768   0.544191183286   0.542693573375
5.864   0.544191183286   0.542693573375
5.96   0.544191183286   0.542693573375
6.056   0.544191183286   0.542693573375
6.152   0.544191183286   0.542693573375
6.248   0.544191183286   0.542693573375
6.344   0.544191183286   0.542693573375
6.44   0.544191183286   0.542693573375
6.536   0.544191183286   0.542693573375
6.632   0.544191183286   0.542693573375
6.728   0.544191183286   0.542693573375
6.824   0.544191183286   0.542693573375
6.92   0.544191183286   0.542693573375
7.016   0.544191183286   0.542693573375
7.112   0.544191183286   0.542693573375
7.208   0.544191183286   0.542693573375
7.304   0.544191183286   0.542693573375
7.4   0.544191183286   0.542693573375
7.496   0.544191183286   0.542693573375
7.592   0.544191183286   0.542693573375
7.688   0.544191183286   0.542693573375
7.784   0.544191183286   0.542693573375
7.88   0.544191183286   0.542693573375
7.976   0.544191183286   0.542693573375
8.072   0.544191183286   0.542693573375
8.168   0.544191183286   0.542693573375
8.264   0.544191183286   0.542693573375
8.36   0.544191183286   0.542693573375
8.456   0.544191183286   0.542693573375
8.552   0.544191183286   0.542693573375
8.648   0.544191183286   0.542693573375
8.744   0.544191183286   0.542693573375
8.84   0.544191183286   0.542693573375
8.936   0.544191183286   0.542693573375
9.032   0.544191183286   0.542693573375
9.128   0.544191183286   0.542693573375
9.224   0.544191183286   0.542693573375
9.32   0.544191183286   0.542693573375
9.416   0.544191183286   0.542693573375
9.512   0.544191183286   0.542693573375
9.608   0.544191183286   0.542693573375
9.704   0.544191183286   0.542693573375
