0.2   0.564285201632   0.419598654015
0.296   0.560584255535   0.463671744046
0.392   0.557407379559   0.492337317079
0.488   0.554733558683   0.511173392757
0.584   0.552528407476   0.52325601794
0.68   0.550748711137   0.530782051585
0.776   0.549346440508   0.535409184162
0.872   0.548272526588   0.538263464118
0.968   0.547479072429   0.540035856579
1.064   0.546919656527   0.541134025684
1.16   0.546547301584   0.541802973793
1.256   0.546315316894   0.542198487469
1.352   0.546180506694   0.542424210711
1.448   0.546104546803   0.542549247803
1.544   0.546063868532   0.542616899456
1.64   0.546042549432   0.542653044694
1.736   0.546031510722   0.542672211157
1.832   0.546025832857   0.542682330773
1.928   0.546022922769   0.542687661295
2.024   0.546021434063   0.542690465699
2.12   0.546020673243   0.542691940169
2.216   0.546020284618   0.54269271515
2.312   0.546020086164   0.542693122415
2.408   0.546019984835   0.542693336421
2.504   0.546019933102   0.54269344887
2.6   0.546019906691   0.542693507956
2.696   0.546019893207   0.542693539002
2.792   0.546019886324   0.542693555314
2.888   0.546019882809   0.542693563885
2.984   0.546019881015   0.542693568389
3.08   0.5460198801   0.542693570755
3.176   0.546019879632   0.542693571998
3.272   0.546019879393   0.542693572651
3.368   0.546019879272   0.542693572995
3.464   0.546019879209   0.542693573175
3.56   0.546019879178   0.54269357327
3.656   0.546019879161   0.54269357332
3.752   0.546019879153   0.542693573346
3.848   0.546019879149   0.542693573359
3.944   0.546019879147   0.542693573367
4.04   0.546019879146   0.54269357337
4.136   0.546019879145   0.542693573372
4.232   0.546019879145   0.542693573373
4.328   0.546019879145   0.542693573374
4.424   0.546019879144   0.542693573374
4.52   0.546019879144   0.542693573374
4.616   0.546019879144   0.542693573375
4.712   0.546019879144   0.542693573375
4.808   0.546019879144   0.542693573375
4.904   0.546019879144   0.542693573375
5.0   0.546019879144   0.542693573375
5.096   0.546019879144   0.542693573375
5.192   0.546019879144   0.542693573375
5.288   0.546019879144   0.542693573375
5.384   0.546019879144   0.542693573375
5.48   0.546019879144   0.542693573375
5.576   0.546019879144   0.542693573375
5.672   0.546019879144   0.542693573375
5.768   0.546019879144   0.542693573375
5.864   0.546019879144   0.542693573375
5.96   0.546019879144   0.542693573375
6.056   0.546019879144   0.542693573375
6.152   0.546019879144   0.542693573375
6.248   0.546019879144   0.542693573375
6.344   0.546019879144   0.542693573375
6.44   0.546019879144   0.542693573375
6.536   0.546019879144   0.542693573375
6.632   0.546019879144   0.542693573375
6.728   0.546019879144   0.542693573375
6.824   0.546019879144   0.542693573375
6.92   0.546019879144   0.542693573375
7.016   0.546019879144   0.542693573375
7.112   0.546019879144   0.542693573375
7.208   0.546019879144   0.542693573375
7.304   0.546019879144   0.542693573375
7.4   0.546019879144   0.542693573375
7.496   0.546019879144   0.542693573375
7.592   0.546019879144   0.542693573375
7.688   0.546019879144   0.542693573375
7.784   0.546019879144   0.542693573375
7.88   0.546019879144   0.542693573375
7.976   0.546019879144   0.542693573375
8.072   0.546019879144   0.542693573375
8.168   0.546019879144   0.542693573375
8.264   0.546019879144   0.542693573375
8.36   0.546019879144   0.542693573375
8.456   0.546019879144   0.542693573375
8.552   0.546019879144   0.542693573375
8.648   0.546019879144   0.542693573375
8.744   0.546019879144   0.542693573375
8.84   0.546019879144   0.542693573375
8.936   0.546019879144   0.542693573375
9.032   0.546019879144   0.542693573375
9.128   0.546019879144   0.542693573375
9.224   0.546019879144   0.542693573375
9.32   0.546019879144   0.542693573375
9.416   0.546019879144   0.542693573375
9.512   0.546019879144   0.542693573375
9.608   0.546019879144   0.542693573375
9.704   0.546019879144   0.542693573375
