0.2   0.567766975234   0.455368702414
0.296   0.566021297683   0.494110809018
0.392   0.56493845203   0.517170551733
0.488   0.56437414169   0.529984531367
0.584   0.564125285102   0.536473357431
0.68   0.564028215302   0.539616167093
0.776   0.563992507556   0.541143858538
0.872   0.563979869743   0.541901448862
0.968   0.5639754497   0.542284466425
1.064   0.563973911234   0.542480848183
1.16   0.563973376762   0.542582494999
1.256   0.563973191219   0.542635423105
1.352   0.563973126826   0.542663084703
1.448   0.56397310448   0.542677573472
1.544   0.563973096726   0.54268517249
1.64   0.563973094035   0.542689161075
1.736   0.563973093102   0.542691255548
1.832   0.563973092778   0.542692355675
1.928   0.563973092665   0.542692933605
2.024   0.563973092626   0.542693237234
2.12   0.563973092613   0.54269339676
2.216   0.563973092608   0.542693480577
2.312   0.563973092606   0.542693524616
2.408   0.563973092606   0.542693547756
2.504   0.563973092606   0.542693559914
2.6   0.563973092606   0.542693566302
2.696   0.563973092606   0.542693569658
2.792   0.563973092606   0.542693571422
2.888   0.563973092606   0.542693572349
2.984   0.563973092606   0.542693572836
3.08   0.563973092606   0.542693573091
3.176   0.563973092606   0.542693573226
3.272   0.563973092606   0.542693573296
3.368   0.563973092606   0.542693573334
3.464   0.563973092606   0.542693573353
3.56   0.563973092606   0.542693573363
3.656   0.563973092606   0.542693573369
3.752   0.563973092606   0.542693573372
3.848   0.563973092606   0.542693573373
3.944   0.563973092606   0.542693573374
4.04   0.563973092606   0.542693573374
4.136   0.563973092606   0.542693573374
4.232   0.563973092606   0.542693573375
4.328   0.563973092606   0.542693573375
4.424   0.563973092606   0.542693573375
4.52   0.563973092606   0.542693573375
4.616   0.563973092606   0.542693573375
4.712   0.563973092606   0.542693573375
4.808   0.563973092606   0.542693573375
4.904   0.563973092606   0.542693573375
5.0   0.563973092606   0.542693573375
5.096   0.563973092606   0.542693573375
5.192   0.563973092606   0.542693573375
5.288   0.563973092606   0.542693573375
5.384   0.563973092606   0.542693573375
5.48   0.563973092606   0.542693573375
5.576   0.563973092606   0.542693573375
5.672   0.563973092606   0.542693573375
5.768   0.563973092606   0.542693573375
5.864   0.563973092606   0.542693573375
5.96   0.563973092606   0.542693573375
6.056   0.563973092606   0.542693573375
6.152   0.563973092606   0.542693573375
6.248   0.563973092606   0.542693573375
6.344   0.563973092606   0.542693573375
6.44   0.563973092606   0.542693573375
6.536   0.563973092606   0.542693573375
6.632   0.563973092606   0.542693573375
6.728   0.563973092606   0.542693573375
6.824   0.563973092606   0.542693573375
6.92   0.563973092606   0.542693573375
7.016   0.563973092606   0.542693573375
7.112   0.563973092606   0.542693573375
7.208   0.563973092606   0.542693573375
7.304   0.563973092606   0.542693573375
7.4   0.563973092606   0.542693573375
7.496   0.563973092606   0.542693573375
7.592   0.563973092606   0.542693573375
7.688   0.563973092606   0.542693573375
7.784   0.563973092606   0.542693573375
7.88   0.563973092606   0.542693573375
7.976   0.563973092606   0.542693573375
8.072   0.563973092606   0.542693573375
8.168   0.563973092606   0.542693573375
8.264   0.563973092606   0.542693573375
8.36   0.563973092606   0.542693573375
8.456   0.563973092606   0.542693573375
8.552   0.563973092606   0.542693573375
8.648   0.563973092606   0.542693573375
8.744   0.563973092606   0.542693573375
8.84   0.563973092606   0.542693573375
8.936   0.563973092606   0.542693573375
9.032   0.563973092606   0.542693573375
9.128   0.563973092606   0.542693573375
9.224   0.563973092606   0.542693573375
9.32   0.563973092606   0.542693573375
9.416   0.563973092606   0.542693573375
9.512   0.563973092606   0.542693573375
9.608   0.563973092606   0.542693573375
9.704   0.563973092606   0.542693573375
