0.2   0.564659368873   0.429156003339
0.296   0.561154737967   0.470646741106
0.392   0.558182932586   0.497708356516
0.488   0.555725117078   0.515370304637
0.584   0.553750759354   0.526514002708
0.68   0.552221078461   0.533282517694
0.776   0.551090033287   0.537301203451
0.872   0.550302737432   0.539657674479
0.968   0.549793212468   0.541018058364
1.064   0.549487709772   0.541785797691
1.16   0.549317177197   0.54220841701
1.256   0.549225710482   0.542436456072
1.352   0.549178661705   0.542557948158
1.448   0.549154906975   0.542622185384
1.544   0.549143035214   0.542656036365
1.64   0.549137134437   0.542673845031
1.736   0.549134209873   0.542683206758
1.832   0.549132762533   0.542688126437
1.928   0.549132046804   0.542690711445
2.024   0.549131693004   0.542692069662
2.12   0.549131518148   0.542692783292
2.216   0.549131431739   0.542693158246
2.312   0.54913138904   0.542693355255
2.408   0.549131367941   0.542693458769
2.504   0.549131357516   0.542693513157
2.6   0.549131352364   0.542693541735
2.696   0.549131349819   0.54269355675
2.792   0.549131348561   0.54269356464
2.888   0.549131347939   0.542693568785
2.984   0.549131347632   0.542693570963
3.08   0.549131347481   0.542693572108
3.176   0.549131347406   0.542693572709
3.272   0.549131347368   0.542693573025
3.368   0.54913134735   0.542693573191
3.464   0.549131347341   0.542693573278
3.56   0.549131347337   0.542693573324
3.656   0.549131347334   0.542693573348
3.752   0.549131347333   0.542693573361
3.848   0.549131347333   0.542693573367
3.944   0.549131347333   0.542693573371
4.04   0.549131347332   0.542693573373
4.136   0.549131347332   0.542693573374
4.232   0.549131347332   0.542693573374
4.328   0.549131347332   0.542693573374
4.424   0.549131347332   0.542693573375
4.52   0.549131347332   0.542693573375
4.616   0.549131347332   0.542693573375
4.712   0.549131347332   0.542693573375
4.808   0.549131347332   0.542693573375
4.904   0.549131347332   0.542693573375
5.0   0.549131347332   0.542693573375
5.096   0.549131347332   0.542693573375
5.192   0.549131347332   0.542693573375
5.288   0.549131347332   0.542693573375
5.384   0.549131347332   0.542693573375
5.48   0.549131347332   0.542693573375
5.576   0.549131347332   0.542693573375
5.672   0.549131347332   0.542693573375
5.768   0.549131347332   0.542693573375
5.864   0.549131347332   0.542693573375
5.96   0.549131347332   0.542693573375
6.056   0.549131347332   0.542693573375
6.152   0.549131347332   0.542693573375
6.248   0.549131347332   0.542693573375
6.344   0.549131347332   0.542693573375
6.44   0.549131347332   0.542693573375
6.536   0.549131347332   0.542693573375
6.632   0.549131347332   0.542693573375
6.728   0.549131347332   0.542693573375
6.824   0.549131347332   0.542693573375
6.92   0.549131347332   0.542693573375
7.016   0.549131347332   0.542693573375
7.112   0.549131347332   0.542693573375
7.208   0.549131347332   0.542693573375
7.304   0.549131347332   0.542693573375
7.4   0.549131347332   0.542693573375
7.496   0.549131347332   0.542693573375
7.592   0.549131347332   0.542693573375
7.688   0.549131347332   0.542693573375
7.784   0.549131347332   0.542693573375
7.88   0.549131347332   0.542693573375
7.976   0.549131347332   0.542693573375
8.072   0.549131347332   0.542693573375
8.168   0.549131347332   0.542693573375
8.264   0.549131347332   0.542693573375
8.36   0.549131347332   0.542693573375
8.456   0.549131347332   0.542693573375
8.552   0.549131347332   0.542693573375
8.648   0.549131347332   0.542693573375
8.744   0.549131347332   0.542693573375
8.84   0.549131347332   0.542693573375
8.936   0.549131347332   0.542693573375
9.032   0.549131347332   0.542693573375
9.128   0.549131347332   0.542693573375
9.224   0.549131347332   0.542693573375
9.32   0.549131347332   0.542693573375
9.416   0.549131347332   0.542693573375
9.512   0.549131347332   0.542693573375
9.608   0.549131347332   0.542693573375
9.704   0.549131347332   0.542693573375
