0.2   0.562564669387   0.391641123736
0.296   0.558137106853   0.438119229247
0.392   0.554339977941   0.468897376967
0.488   0.55117326467   0.48975323044
0.584   0.548620611842   0.503759293707
0.68   0.546648846634   0.512936350303
0.776   0.545204485551   0.518783708557
0.872   0.544210681142   0.522414012348
0.968   0.543570828136   0.524615130736
1.064   0.543183672303   0.525922320857
1.16   0.542961115732   0.52668611567
1.256   0.542837167162   0.527127534647
1.352   0.542769939599   0.527381179187
1.448   0.542733970927   0.527526431425
1.544   0.542714879147   0.527609405871
1.64   0.542704791164   0.527656854324
1.736   0.542699474195   0.527683969884
1.832   0.542696675755   0.527699466881
1.928   0.542695204006   0.527708324664
2.024   0.542694430314   0.52771338813
2.12   0.542694023681   0.527716282852
2.216   0.542693809992   0.527717937831
2.312   0.542693697704   0.52771888406
2.408   0.542693638702   0.527719425081
2.504   0.5426936077   0.527719734422
2.6   0.54269359141   0.527719911298
2.696   0.542693582851   0.527720012434
2.792   0.542693578354   0.527720070262
2.888   0.542693575991   0.527720103327
2.984   0.542693574749   0.527720122234
3.08   0.542693574097   0.527720133045
3.176   0.542693573754   0.527720139226
3.272   0.542693573574   0.527720142761
3.368   0.542693573479   0.527720144782
3.464   0.54269357343   0.527720145938
3.56   0.542693573404   0.527720146598
3.656   0.54269357339   0.527720146976
3.752   0.542693573383   0.527720147192
3.848   0.542693573379   0.527720147316
3.944   0.542693573377   0.527720147386
4.04   0.542693573376   0.527720147427
4.136   0.542693573375   0.52772014745
4.232   0.542693573375   0.527720147463
4.328   0.542693573375   0.527720147471
4.424   0.542693573375   0.527720147475
4.52   0.542693573375   0.527720147477
4.616   0.542693573375   0.527720147479
4.712   0.542693573375   0.52772014748
4.808   0.542693573375   0.52772014748
4.904   0.542693573375   0.52772014748
5.0   0.542693573375   0.52772014748
5.096   0.542693573375   0.527720147481
5.192   0.542693573375   0.527720147481
5.288   0.542693573375   0.527720147481
5.384   0.542693573375   0.527720147481
5.48   0.542693573375   0.527720147481
5.576   0.542693573375   0.527720147481
5.672   0.542693573375   0.527720147481
5.768   0.542693573375   0.527720147481
5.864   0.542693573375   0.527720147481
5.96   0.542693573375   0.527720147481
6.056   0.542693573375   0.527720147481
6.152   0.542693573375   0.527720147481
6.248   0.542693573375   0.527720147481
6.344   0.542693573375   0.527720147481
6.44   0.542693573375   0.527720147481
6.536   0.542693573375   0.527720147481
6.632   0.542693573375   0.527720147481
6.728   0.542693573375   0.527720147481
6.824   0.542693573375   0.527720147481
6.92   0.542693573375   0.527720147481
7.016   0.542693573375   0.527720147481
7.112   0.542693573375   0.527720147481
7.208   0.542693573375   0.527720147481
7.304   0.542693573375   0.527720147481
7.4   0.542693573375   0.527720147481
7.496   0.542693573375   0.527720147481
7.592   0.542693573375   0.527720147481
7.688   0.542693573375   0.527720147481
7.784   0.542693573375   0.527720147481
7.88   0.542693573375   0.527720147481
7.976   0.542693573375   0.527720147481
8.072   0.542693573375   0.527720147481
8.168   0.542693573375   0.527720147481
8.264   0.542693573375   0.527720147481
8.36   0.542693573375   0.527720147481
8.456   0.542693573375   0.527720147481
8.552   0.542693573375   0.527720147481
8.648   0.542693573375   0.527720147481
8.744   0.542693573375   0.527720147481
8.84   0.542693573375   0.527720147481
8.936   0.542693573375   0.527720147481
9.032   0.542693573375   0.527720147481
9.128   0.542693573375   0.527720147481
9.224   0.542693573375   0.527720147481
9.32   0.542693573375   0.527720147481
9.416   0.542693573375   0.527720147481
9.512   0.542693573375   0.527720147481
9.608   0.542693573375   0.527720147481
9.704   0.542693573375   0.527720147481
