0.2   0.56770473419   0.456193751208
0.296   0.565925727225   0.49436290682
0.392   0.564811102217   0.517195668067
0.488   0.564222284055   0.529949777028
0.584   0.563958749583   0.536441252748
0.68   0.563854562787   0.539596473035
0.776   0.563815783229   0.541133081927
0.872   0.563801916988   0.541895751433
0.968   0.563797020706   0.54228148533
1.064   0.563795300665   0.542479290148
1.16   0.563794697659   0.542581679945
1.256   0.563794486427   0.542634996188
1.352   0.563794412455   0.542662860853
1.448   0.563794386554   0.542677456009
1.544   0.563794377485   0.542685110822
1.64   0.56379437431   0.542689128688
1.736   0.563794373198   0.542691238536
1.832   0.563794372809   0.542692346738
1.928   0.563794372672   0.542692928909
2.024   0.563794372625   0.542693234767
2.12   0.563794372608   0.542693395464
2.216   0.563794372602   0.542693479896
2.312   0.5637943726   0.542693524259
2.408   0.563794372599   0.542693547568
2.504   0.563794372599   0.542693559815
2.6   0.563794372599   0.54269356625
2.696   0.563794372599   0.542693569631
2.792   0.563794372599   0.542693571408
2.888   0.563794372599   0.542693572341
2.984   0.563794372599   0.542693572832
3.08   0.563794372599   0.542693573089
3.176   0.563794372599   0.542693573225
3.272   0.563794372599   0.542693573296
3.368   0.563794372599   0.542693573333
3.464   0.563794372599   0.542693573353
3.56   0.563794372599   0.542693573363
3.656   0.563794372599   0.542693573369
3.752   0.563794372599   0.542693573372
3.848   0.563794372599   0.542693573373
3.944   0.563794372599   0.542693573374
4.04   0.563794372599   0.542693573374
4.136   0.563794372599   0.542693573374
4.232   0.563794372599   0.542693573375
4.328   0.563794372599   0.542693573375
4.424   0.563794372599   0.542693573375
4.52   0.563794372599   0.542693573375
4.616   0.563794372599   0.542693573375
4.712   0.563794372599   0.542693573375
4.808   0.563794372599   0.542693573375
4.904   0.563794372599   0.542693573375
5.0   0.563794372599   0.542693573375
5.096   0.563794372599   0.542693573375
5.192   0.563794372599   0.542693573375
5.288   0.563794372599   0.542693573375
5.384   0.563794372599   0.542693573375
5.48   0.563794372599   0.542693573375
5.576   0.563794372599   0.542693573375
5.672   0.563794372599   0.542693573375
5.768   0.563794372599   0.542693573375
5.864   0.563794372599   0.542693573375
5.96   0.563794372599   0.542693573375
6.056   0.563794372599   0.542693573375
6.152   0.563794372599   0.542693573375
6.248   0.563794372599   0.542693573375
6.344   0.563794372599   0.542693573375
6.44   0.563794372599   0.542693573375
6.536   0.563794372599   0.542693573375
6.632   0.563794372599   0.542693573375
6.728   0.563794372599   0.542693573375
6.824   0.563794372599   0.542693573375
6.92   0.563794372599   0.542693573375
7.016   0.563794372599   0.542693573375
7.112   0.563794372599   0.542693573375
7.208   0.563794372599   0.542693573375
7.304   0.563794372599   0.542693573375
7.4   0.563794372599   0.542693573375
7.496   0.563794372599   0.542693573375
7.592   0.563794372599   0.542693573375
7.688   0.563794372599   0.542693573375
7.784   0.563794372599   0.542693573375
7.88   0.563794372599   0.542693573375
7.976   0.563794372599   0.542693573375
8.072   0.563794372599   0.542693573375
8.168   0.563794372599   0.542693573375
8.264   0.563794372599   0.542693573375
8.36   0.563794372599   0.542693573375
8.456   0.563794372599   0.542693573375
8.552   0.563794372599   0.542693573375
8.648   0.563794372599   0.542693573375
8.744   0.563794372599   0.542693573375
8.84   0.563794372599   0.542693573375
8.936   0.563794372599   0.542693573375
9.032   0.563794372599   0.542693573375
9.128   0.563794372599   0.542693573375
9.224   0.563794372599   0.542693573375
9.32   0.563794372599   0.542693573375
9.416   0.563794372599   0.542693573375
9.512   0.563794372599   0.542693573375
9.608   0.563794372599   0.542693573375
9.704   0.563794372599   0.542693573375
