0.2   0.562023303025   0.380544211795
0.296   0.557414101684   0.427690867656
0.392   0.553507547175   0.459003615432
0.488   0.550312782888   0.480309815781
0.584   0.547814041871   0.494696509293
0.68   0.545964382432   0.504172287834
0.776   0.544680482034   0.510226099158
0.872   0.543847679016   0.513985057128
0.968   0.543340634642   0.51626638083
1.064   0.543047657018   0.517628973904
1.16   0.54288395691   0.518434977332
1.256   0.542794941367   0.518909351957
1.352   0.542747235588   0.519188031479
1.448   0.542721887304   0.519351624537
1.544   0.542708484896   0.519447680165
1.64   0.54270141836   0.519504103854
1.736   0.542697698263   0.51953726144
1.832   0.54269574155   0.519556753525
1.928   0.542694712839   0.519568215305
2.024   0.542694172152   0.519574956426
2.12   0.54269388801   0.519578921695
2.216   0.542693738699   0.519581254373
2.312   0.542693660243   0.519582626721
2.408   0.542693619018   0.519583434128
2.504   0.542693597357   0.519583909171
2.6   0.542693585976   0.51958418867
2.696   0.542693579996   0.51958435312
2.792   0.542693576854   0.519584449879
2.888   0.542693575203   0.519584506809
2.984   0.542693574335   0.519584540306
3.08   0.542693573879   0.519584560016
3.176   0.54269357364   0.519584571612
3.272   0.542693573514   0.519584578435
3.368   0.542693573448   0.51958458245
3.464   0.542693573413   0.519584584812
3.56   0.542693573395   0.519584586202
3.656   0.542693573385   0.51958458702
3.752   0.54269357338   0.519584587501
3.848   0.542693573378   0.519584587784
3.944   0.542693573376   0.519584587951
4.04   0.542693573375   0.519584588049
4.136   0.542693573375   0.519584588106
4.232   0.542693573375   0.51958458814
4.328   0.542693573375   0.51958458816
4.424   0.542693573375   0.519584588172
4.52   0.542693573375   0.519584588179
4.616   0.542693573375   0.519584588183
4.712   0.542693573375   0.519584588185
4.808   0.542693573375   0.519584588187
4.904   0.542693573375   0.519584588188
5.0   0.542693573375   0.519584588188
5.096   0.542693573375   0.519584588188
5.192   0.542693573375   0.519584588188
5.288   0.542693573375   0.519584588189
5.384   0.542693573375   0.519584588189
5.48   0.542693573375   0.519584588189
5.576   0.542693573375   0.519584588189
5.672   0.542693573375   0.519584588189
5.768   0.542693573375   0.519584588189
5.864   0.542693573375   0.519584588189
5.96   0.542693573375   0.519584588189
6.056   0.542693573375   0.519584588189
6.152   0.542693573375   0.519584588189
6.248   0.542693573375   0.519584588189
6.344   0.542693573375   0.519584588189
6.44   0.542693573375   0.519584588189
6.536   0.542693573375   0.519584588189
6.632   0.542693573375   0.519584588189
6.728   0.542693573375   0.519584588189
6.824   0.542693573375   0.519584588189
6.92   0.542693573375   0.519584588189
7.016   0.542693573375   0.519584588189
7.112   0.542693573375   0.519584588189
7.208   0.542693573375   0.519584588189
7.304   0.542693573375   0.519584588189
7.4   0.542693573375   0.519584588189
7.496   0.542693573375   0.519584588189
7.592   0.542693573375   0.519584588189
7.688   0.542693573375   0.519584588189
7.784   0.542693573375   0.519584588189
7.88   0.542693573375   0.519584588189
7.976   0.542693573375   0.519584588189
8.072   0.542693573375   0.519584588189
8.168   0.542693573375   0.519584588189
8.264   0.542693573375   0.519584588189
8.36   0.542693573375   0.519584588189
8.456   0.542693573375   0.519584588189
8.552   0.542693573375   0.519584588189
8.648   0.542693573375   0.519584588189
8.744   0.542693573375   0.519584588189
8.84   0.542693573375   0.519584588189
8.936   0.542693573375   0.519584588189
9.032   0.542693573375   0.519584588189
9.128   0.542693573375   0.519584588189
9.224   0.542693573375   0.519584588189
9.32   0.542693573375   0.519584588189
9.416   0.542693573375   0.519584588189
9.512   0.542693573375   0.519584588189
9.608   0.542693573375   0.519584588189
9.704   0.542693573375   0.519584588189
