0.2   0.563443255211   0.428586918722
0.296   0.559402523961   0.465353776799
0.392   0.555928349672   0.490455486769
0.488   0.552994309702   0.507640687091
0.584   0.550560208206   0.519155899271
0.68   0.548576935411   0.526673670619
0.776   0.54699071318   0.531511359988
0.872   0.545747243716   0.534624082516
0.968   0.544794784514   0.536640521115
1.064   0.54408590009   0.537952667864
1.16   0.543577758594   0.538802308915
1.256   0.543230198401   0.539342919587
1.352   0.543005621159   0.539676441953
1.448   0.542868688253   0.539874721542
1.544   0.542789879009   0.539988605331
1.64   0.542745306293   0.540052194906
1.736   0.542721089003   0.540087111448
1.832   0.542708127458   0.540106081001
1.928   0.542701248069   0.54011632099
2.024   0.542697613682   0.540121828341
2.12   0.542695698468   0.540124784309
2.216   0.542694690579   0.540126369121
2.312   0.542694160561   0.540127218303
2.408   0.542693881948   0.540127673174
2.504   0.542693735522   0.54012791679
2.6   0.542693658576   0.540128047253
2.696   0.542693618143   0.540128117116
2.792   0.542693596898   0.540128154526
2.888   0.542693585734   0.540128174559
2.984   0.542693579869   0.540128185287
3.08   0.542693576787   0.540128191031
3.176   0.542693575168   0.540128194107
3.272   0.542693574317   0.540128195754
3.368   0.54269357387   0.540128196636
3.464   0.542693573635   0.540128197108
3.56   0.542693573511   0.540128197361
3.656   0.542693573446   0.540128197496
3.752   0.542693573412   0.540128197569
3.848   0.542693573394   0.540128197608
3.944   0.542693573385   0.540128197628
4.04   0.54269357338   0.540128197639
4.136   0.542693573378   0.540128197645
4.232   0.542693573376   0.540128197649
4.328   0.542693573375   0.54012819765
4.424   0.542693573375   0.540128197651
4.52   0.542693573375   0.540128197652
4.616   0.542693573375   0.540128197652
4.712   0.542693573375   0.540128197652
4.808   0.542693573375   0.540128197652
4.904   0.542693573375   0.540128197652
5.0   0.542693573375   0.540128197652
5.096   0.542693573375   0.540128197652
5.192   0.542693573375   0.540128197652
5.288   0.542693573375   0.540128197652
5.384   0.542693573375   0.540128197652
5.48   0.542693573375   0.540128197652
5.576   0.542693573375   0.540128197652
5.672   0.542693573375   0.540128197652
5.768   0.542693573375   0.540128197652
5.864   0.542693573375   0.540128197652
5.96   0.542693573375   0.540128197652
6.056   0.542693573375   0.540128197652
6.152   0.542693573375   0.540128197652
6.248   0.542693573375   0.540128197652
6.344   0.542693573375   0.540128197652
6.44   0.542693573375   0.540128197652
6.536   0.542693573375   0.540128197652
6.632   0.542693573375   0.540128197652
6.728   0.542693573375   0.540128197652
6.824   0.542693573375   0.540128197652
6.92   0.542693573375   0.540128197652
7.016   0.542693573375   0.540128197652
7.112   0.542693573375   0.540128197652
7.208   0.542693573375   0.540128197652
7.304   0.542693573375   0.540128197652
7.4   0.542693573375   0.540128197652
7.496   0.542693573375   0.540128197652
7.592   0.542693573375   0.540128197652
7.688   0.542693573375   0.540128197652
7.784   0.542693573375   0.540128197652
7.88   0.542693573375   0.540128197652
7.976   0.542693573375   0.540128197652
8.072   0.542693573375   0.540128197652
8.168   0.542693573375   0.540128197652
8.264   0.542693573375   0.540128197652
8.36   0.542693573375   0.540128197652
8.456   0.542693573375   0.540128197652
8.552   0.542693573375   0.540128197652
8.648   0.542693573375   0.540128197652
8.744   0.542693573375   0.540128197652
8.84   0.542693573375   0.540128197652
8.936   0.542693573375   0.540128197652
9.032   0.542693573375   0.540128197652
9.128   0.542693573375   0.540128197652
9.224   0.542693573375   0.540128197652
9.32   0.542693573375   0.540128197652
9.416   0.542693573375   0.540128197652
9.512   0.542693573375   0.540128197652
9.608   0.542693573375   0.540128197652
9.704   0.542693573375   0.540128197652
