0.2   0.565299062745   0.436969014712
0.296   0.562132046505   0.477372334896
0.392   0.559522405007   0.503416858934
0.488   0.55745851576   0.520009514361
0.584   0.55591329078   0.530061697282
0.68   0.554836798536   0.535833642363
0.776   0.554150027704   0.53902884391
0.872   0.553750549827   0.540756809488
0.968   0.55353632284   0.541676245944
1.064   0.553428148714   0.542160358765
1.16   0.553375243925   0.542414329804
1.256   0.553350004386   0.542547228933
1.352   0.553338089676   0.542616821113
1.448   0.553332495519   0.54265329524
1.544   0.55332987611   0.542672426836
1.64   0.553328651255   0.542682467843
1.736   0.553328078885   0.54268773995
1.832   0.553327811507   0.542690508869
1.928   0.553327686623   0.542691963361
2.024   0.553327628298   0.542692727477
2.12   0.553327601059   0.54269312893
2.216   0.553327588339   0.542693339855
2.312   0.553327582398   0.542693450678
2.408   0.553327579624   0.542693508906
2.504   0.553327578328   0.542693539501
2.6   0.553327577723   0.542693555577
2.696   0.553327577441   0.542693564023
2.792   0.553327577309   0.542693568461
2.888   0.553327577247   0.542693570793
2.984   0.553327577219   0.542693572018
3.08   0.553327577205   0.542693572662
3.176   0.553327577199   0.542693573
3.272   0.553327577196   0.542693573178
3.368   0.553327577195   0.542693573271
3.464   0.553327577194   0.54269357332
3.56   0.553327577194   0.542693573346
3.656   0.553327577193   0.54269357336
3.752   0.553327577193   0.542693573367
3.848   0.553327577193   0.542693573371
3.944   0.553327577193   0.542693573372
4.04   0.553327577193   0.542693573374
4.136   0.553327577193   0.542693573374
4.232   0.553327577193   0.542693573374
4.328   0.553327577193   0.542693573374
4.424   0.553327577193   0.542693573375
4.52   0.553327577193   0.542693573375
4.616   0.553327577193   0.542693573375
4.712   0.553327577193   0.542693573375
4.808   0.553327577193   0.542693573375
4.904   0.553327577193   0.542693573375
5.0   0.553327577193   0.542693573375
5.096   0.553327577193   0.542693573375
5.192   0.553327577193   0.542693573375
5.288   0.553327577193   0.542693573375
5.384   0.553327577193   0.542693573375
5.48   0.553327577193   0.542693573375
5.576   0.553327577193   0.542693573375
5.672   0.553327577193   0.542693573375
5.768   0.553327577193   0.542693573375
5.864   0.553327577193   0.542693573375
5.96   0.553327577193   0.542693573375
6.056   0.553327577193   0.542693573375
6.152   0.553327577193   0.542693573375
6.248   0.553327577193   0.542693573375
6.344   0.553327577193   0.542693573375
6.44   0.553327577193   0.542693573375
6.536   0.553327577193   0.542693573375
6.632   0.553327577193   0.542693573375
6.728   0.553327577193   0.542693573375
6.824   0.553327577193   0.542693573375
6.92   0.553327577193   0.542693573375
7.016   0.553327577193   0.542693573375
7.112   0.553327577193   0.542693573375
7.208   0.553327577193   0.542693573375
7.304   0.553327577193   0.542693573375
7.4   0.553327577193   0.542693573375
7.496   0.553327577193   0.542693573375
7.592   0.553327577193   0.542693573375
7.688   0.553327577193   0.542693573375
7.784   0.553327577193   0.542693573375
7.88   0.553327577193   0.542693573375
7.976   0.553327577193   0.542693573375
8.072   0.553327577193   0.542693573375
8.168   0.553327577193   0.542693573375
8.264   0.553327577193   0.542693573375
8.36   0.553327577193   0.542693573375
8.456   0.553327577193   0.542693573375
8.552   0.553327577193   0.542693573375
8.648   0.553327577193   0.542693573375
8.744   0.553327577193   0.542693573375
8.84   0.553327577193   0.542693573375
8.936   0.553327577193   0.542693573375
9.032   0.553327577193   0.542693573375
9.128   0.553327577193   0.542693573375
9.224   0.553327577193   0.542693573375
9.32   0.553327577193   0.542693573375
9.416   0.553327577193   0.542693573375
9.512   0.553327577193   0.542693573375
9.608   0.553327577193   0.542693573375
9.704   0.553327577193   0.542693573375
