0.2   0.56492726676   0.430508348204
0.296   0.561556116481   0.472443882913
0.392   0.558723062088   0.499563457192
0.488   0.556412658301   0.517061128968
0.584   0.554598374299   0.52791493165
0.68   0.55324188198   0.534358156232
0.776   0.552290535379   0.538074188439
0.872   0.551673460122   0.540176278838
0.968   0.551305053207   0.541342120344
1.064   0.551100926648   0.541975826329
1.16   0.550994130778   0.542314712824
1.256   0.550939914549   0.542494279696
1.352   0.550913091058   0.542588849263
1.448   0.550899965156   0.542638563219
1.544   0.550893579133   0.542664678869
1.64   0.550890481477   0.542678395498
1.736   0.550888981194   0.542685600051
1.832   0.550888255126   0.542689384512
1.928   0.550887903879   0.542691372609
2.024   0.550887733991   0.542692417088
2.12   0.550887651829   0.542692965846
2.216   0.550887612096   0.542693254167
2.312   0.550887592882   0.542693405655
2.408   0.55088758359   0.54269348525
2.504   0.550887579096   0.542693527072
2.6   0.550887576924   0.542693549046
2.696   0.550887575873   0.542693560592
2.792   0.550887575365   0.542693566658
2.888   0.550887575119   0.542693569846
2.984   0.550887575   0.54269357152
3.08   0.550887574943   0.5426935724
3.176   0.550887574915   0.542693572863
3.272   0.550887574902   0.542693573106
3.368   0.550887574895   0.542693573233
3.464   0.550887574892   0.5426935733
3.56   0.55088757489   0.542693573336
3.656   0.55088757489   0.542693573354
3.752   0.550887574889   0.542693573364
3.848   0.550887574889   0.542693573369
3.944   0.550887574889   0.542693573372
4.04   0.550887574889   0.542693573373
4.136   0.550887574889   0.542693573374
4.232   0.550887574889   0.542693573374
4.328   0.550887574889   0.542693573374
4.424   0.550887574889   0.542693573375
4.52   0.550887574889   0.542693573375
4.616   0.550887574889   0.542693573375
4.712   0.550887574889   0.542693573375
4.808   0.550887574889   0.542693573375
4.904   0.550887574889   0.542693573375
5.0   0.550887574889   0.542693573375
5.096   0.550887574889   0.542693573375
5.192   0.550887574889   0.542693573375
5.288   0.550887574889   0.542693573375
5.384   0.550887574889   0.542693573375
5.48   0.550887574889   0.542693573375
5.576   0.550887574889   0.542693573375
5.672   0.550887574889   0.542693573375
5.768   0.550887574889   0.542693573375
5.864   0.550887574889   0.542693573375
5.96   0.550887574889   0.542693573375
6.056   0.550887574889   0.542693573375
6.152   0.550887574889   0.542693573375
6.248   0.550887574889   0.542693573375
6.344   0.550887574889   0.542693573375
6.44   0.550887574889   0.542693573375
6.536   0.550887574889   0.542693573375
6.632   0.550887574889   0.542693573375
6.728   0.550887574889   0.542693573375
6.824   0.550887574889   0.542693573375
6.92   0.550887574889   0.542693573375
7.016   0.550887574889   0.542693573375
7.112   0.550887574889   0.542693573375
7.208   0.550887574889   0.542693573375
7.304   0.550887574889   0.542693573375
7.4   0.550887574889   0.542693573375
7.496   0.550887574889   0.542693573375
7.592   0.550887574889   0.542693573375
7.688   0.550887574889   0.542693573375
7.784   0.550887574889   0.542693573375
7.88   0.550887574889   0.542693573375
7.976   0.550887574889   0.542693573375
8.072   0.550887574889   0.542693573375
8.168   0.550887574889   0.542693573375
8.264   0.550887574889   0.542693573375
8.36   0.550887574889   0.542693573375
8.456   0.550887574889   0.542693573375
8.552   0.550887574889   0.542693573375
8.648   0.550887574889   0.542693573375
8.744   0.550887574889   0.542693573375
8.84   0.550887574889   0.542693573375
8.936   0.550887574889   0.542693573375
9.032   0.550887574889   0.542693573375
9.128   0.550887574889   0.542693573375
9.224   0.550887574889   0.542693573375
9.32   0.550887574889   0.542693573375
9.416   0.550887574889   0.542693573375
9.512   0.550887574889   0.542693573375
9.608   0.550887574889   0.542693573375
9.704   0.550887574889   0.542693573375
