0.2   0.561572722872   0.375435781855
0.296   0.556834767647   0.421218457458
0.392   0.552870959086   0.45191272394
0.488   0.549690962161   0.472936905792
0.584   0.547269300286   0.487215485178
0.68   0.545535911412   0.496673460465
0.776   0.544376795762   0.502751098029
0.872   0.543651493478   0.506550637079
0.968   0.543222839989   0.50887779586
1.064   0.542980359286   0.510284768324
1.16   0.542846903758   0.511129426499
1.256   0.542774943863   0.511635211538
1.352   0.542736568637   0.511937690884
1.448   0.542716235355   0.512118631661
1.544   0.542705501409   0.512226930704
1.64   0.542699846754   0.512291790404
1.736   0.542696871344   0.512330654866
1.832   0.542695306731   0.512353952377
1.928   0.542694484278   0.512367922485
2.024   0.542694052032   0.512376301359
2.12   0.542693824888   0.512381327542
2.216   0.542693705531   0.512384342885
2.312   0.542693642814   0.512386152
2.408   0.542693609861   0.512387237464
2.504   0.542693592546   0.512387888761
2.6   0.542693583448   0.512388279558
2.696   0.542693578667   0.512388514051
2.792   0.542693576156   0.512388654756
2.888   0.542693574836   0.512388739186
2.984   0.542693574142   0.512388789847
3.08   0.542693573778   0.512388820247
3.176   0.542693573587   0.512388838488
3.272   0.542693573486   0.512388849434
3.368   0.542693573433   0.512388856002
3.464   0.542693573405   0.512388859943
3.56   0.542693573391   0.512388862308
3.656   0.542693573383   0.512388863727
3.752   0.542693573379   0.512388864578
3.848   0.542693573377   0.512388865089
3.944   0.542693573376   0.512388865396
4.04   0.542693573375   0.51238886558
4.136   0.542693573375   0.51238886569
4.232   0.542693573375   0.512388865756
4.328   0.542693573375   0.512388865796
4.424   0.542693573375   0.51238886582
4.52   0.542693573375   0.512388865834
4.616   0.542693573375   0.512388865843
4.712   0.542693573375   0.512388865848
4.808   0.542693573375   0.512388865851
4.904   0.542693573375   0.512388865853
5.0   0.542693573375   0.512388865854
5.096   0.542693573375   0.512388865855
5.192   0.542693573375   0.512388865855
5.288   0.542693573375   0.512388865855
5.384   0.542693573375   0.512388865856
5.48   0.542693573375   0.512388865856
5.576   0.542693573375   0.512388865856
5.672   0.542693573375   0.512388865856
5.768   0.542693573375   0.512388865856
5.864   0.542693573375   0.512388865856
5.96   0.542693573375   0.512388865856
6.056   0.542693573375   0.512388865856
6.152   0.542693573375   0.512388865856
6.248   0.542693573375   0.512388865856
6.344   0.542693573375   0.512388865856
6.44   0.542693573375   0.512388865856
6.536   0.542693573375   0.512388865856
6.632   0.542693573375   0.512388865856
6.728   0.542693573375   0.512388865856
6.824   0.542693573375   0.512388865856
6.92   0.542693573375   0.512388865856
7.016   0.542693573375   0.512388865856
7.112   0.542693573375   0.512388865856
7.208   0.542693573375   0.512388865856
7.304   0.542693573375   0.512388865856
7.4   0.542693573375   0.512388865856
7.496   0.542693573375   0.512388865856
7.592   0.542693573375   0.512388865856
7.688   0.542693573375   0.512388865856
7.784   0.542693573375   0.512388865856
7.88   0.542693573375   0.512388865856
7.976   0.542693573375   0.512388865856
8.072   0.542693573375   0.512388865856
8.168   0.542693573375   0.512388865856
8.264   0.542693573375   0.512388865856
8.36   0.542693573375   0.512388865856
8.456   0.542693573375   0.512388865856
8.552   0.542693573375   0.512388865856
8.648   0.542693573375   0.512388865856
8.744   0.542693573375   0.512388865856
8.84   0.542693573375   0.512388865856
8.936   0.542693573375   0.512388865856
9.032   0.542693573375   0.512388865856
9.128   0.542693573375   0.512388865856
9.224   0.542693573375   0.512388865856
9.32   0.542693573375   0.512388865856
9.416   0.542693573375   0.512388865856
9.512   0.542693573375   0.512388865856
9.608   0.542693573375   0.512388865856
9.704   0.542693573375   0.512388865856
