0.2   0.561367333986   0.699999991114
0.296   0.556577949758   0.7
0.392   0.552597725073   0.446418923643
0.488   0.54943394854   0.47018243472
0.584   0.547053369233   0.484212769704
0.68   0.545373262343   0.493536103957
0.776   0.544266056031   0.499547714447
0.872   0.54358225869   0.503321322015
0.968   0.543182241843   0.505644205266
1.064   0.542957537206   0.507056960053
1.16   0.542834451945   0.507910755001
1.256   0.542768259139   0.508425599455
1.352   0.542733013594   0.50873575285
1.448   0.542714354833   0.508922658825
1.544   0.54270450965   0.509035360554
1.64   0.542699324589   0.509103359734
1.736   0.542696596674   0.509144408874
1.832   0.542695162323   0.509169199224
1.928   0.542694408376   0.509184175152
2.024   0.542694012144   0.50919322414
2.12   0.542693803927   0.509198692699
2.216   0.542693694517   0.509201997853
2.312   0.542693637027   0.509203995605
2.408   0.54269360682   0.509205203174
2.504   0.542693590948   0.509205933129
2.6   0.542693582608   0.509206374385
2.696   0.542693578226   0.509206641125
2.792   0.542693575924   0.509206802373
2.888   0.542693574714   0.509206899849
2.984   0.542693574078   0.509206958775
3.08   0.542693573744   0.509206994396
3.176   0.542693573569   0.50920701593
3.272   0.542693573477   0.509207028948
3.368   0.542693573428   0.509207036817
3.464   0.542693573403   0.509207041574
3.56   0.542693573389   0.50920704445
3.656   0.542693573382   0.509207046189
3.752   0.542693573379   0.50920704724
3.848   0.542693573377   0.509207047875
3.944   0.542693573376   0.509207048259
4.04   0.542693573375   0.509207048491
4.136   0.542693573375   0.509207048632
4.232   0.542693573375   0.509207048716
4.328   0.542693573375   0.509207048768
4.424   0.542693573375   0.509207048799
4.52   0.542693573375   0.509207048817
4.616   0.542693573375   0.509207048829
4.712   0.542693573375   0.509207048836
4.808   0.542693573375   0.50920704884
4.904   0.542693573375   0.509207048842
5.0   0.542693573375   0.509207048844
5.096   0.542693573375   0.509207048845
5.192   0.542693573375   0.509207048845
5.288   0.542693573375   0.509207048846
5.384   0.542693573375   0.509207048846
5.48   0.542693573375   0.509207048846
5.576   0.542693573375   0.509207048846
5.672   0.542693573375   0.509207048846
5.768   0.542693573375   0.509207048846
5.864   0.542693573375   0.509207048846
5.96   0.542693573375   0.509207048846
6.056   0.542693573375   0.509207048846
6.152   0.542693573375   0.509207048846
6.248   0.542693573375   0.509207048846
6.344   0.542693573375   0.509207048846
6.44   0.542693573375   0.509207048846
6.536   0.542693573375   0.509207048846
6.632   0.542693573375   0.509207048846
6.728   0.542693573375   0.509207048846
6.824   0.542693573375   0.509207048846
6.92   0.542693573375   0.509207048846
7.016   0.542693573375   0.509207048846
7.112   0.542693573375   0.509207048846
7.208   0.542693573375   0.509207048846
7.304   0.542693573375   0.509207048846
7.4   0.542693573375   0.509207048846
7.496   0.542693573375   0.509207048846
7.592   0.542693573375   0.509207048846
7.688   0.542693573375   0.509207048846
7.784   0.542693573375   0.509207048846
7.88   0.542693573375   0.509207048846
7.976   0.542693573375   0.509207048846
8.072   0.542693573375   0.509207048846
8.168   0.542693573375   0.509207048846
8.264   0.542693573375   0.509207048846
8.36   0.542693573375   0.509207048846
8.456   0.542693573375   0.509207048846
8.552   0.542693573375   0.509207048846
8.648   0.542693573375   0.509207048846
8.744   0.542693573375   0.509207048846
8.84   0.542693573375   0.509207048846
8.936   0.542693573375   0.509207048846
9.032   0.542693573375   0.509207048846
9.128   0.542693573375   0.509207048846
9.224   0.542693573375   0.509207048846
9.32   0.542693573375   0.509207048846
9.416   0.542693573375   0.509207048846
9.512   0.542693573375   0.509207048846
9.608   0.542693573375   0.509207048846
9.704   0.542693573375   0.509207048846
