0.2   0.562707204088   0.398780422269
0.296   0.558337541688   0.443352445413
0.392   0.554583442324   0.473056770197
0.488   0.551439960492   0.493241459444
0.584   0.548887191028   0.506807314518
0.68   0.546891623253   0.51569914778
0.776   0.545404578068   0.521374384659
0.872   0.544359298384   0.524910889513
0.968   0.543670722262   0.52706485194
1.064   0.543245418692   0.528348102022
1.16   0.54299713331   0.529098005712
1.256   0.542857207008   0.529530008245
1.352   0.54278081832   0.529776847688
1.448   0.542739792129   0.529917078791
1.544   0.542717968707   0.529996565539
1.64   0.542706423471   0.530041573695
1.736   0.542700334432   0.530067048162
1.832   0.542697128485   0.530081464818
1.928   0.542695442094   0.530089623561
2.024   0.542694555472   0.53009424098
2.12   0.54269408946   0.530096854319
2.216   0.542693844559   0.530098333459
2.312   0.542693715868   0.530099170673
2.408   0.542693648246   0.530099644557
2.504   0.542693612715   0.530099912792
2.6   0.542693594045   0.530100064624
2.696   0.542693584236   0.530100150567
2.792   0.542693579081   0.530100199215
2.888   0.542693576373   0.530100226752
2.984   0.54269357495   0.530100242339
3.08   0.542693574202   0.530100251162
3.176   0.54269357381   0.530100256157
3.272   0.542693573603   0.530100258984
3.368   0.542693573495   0.530100260584
3.464   0.542693573438   0.53010026149
3.56   0.542693573408   0.530100262002
3.656   0.542693573392   0.530100262293
3.752   0.542693573384   0.530100262457
3.848   0.542693573379   0.53010026255
3.944   0.542693573377   0.530100262603
4.04   0.542693573376   0.530100262632
4.136   0.542693573375   0.530100262649
4.232   0.542693573375   0.530100262659
4.328   0.542693573375   0.530100262664
4.424   0.542693573375   0.530100262667
4.52   0.542693573375   0.530100262669
4.616   0.542693573375   0.53010026267
4.712   0.542693573375   0.53010026267
4.808   0.542693573375   0.530100262671
4.904   0.542693573375   0.530100262671
5.0   0.542693573375   0.530100262671
5.096   0.542693573375   0.530100262671
5.192   0.542693573375   0.530100262671
5.288   0.542693573375   0.530100262671
5.384   0.542693573375   0.530100262671
5.48   0.542693573375   0.530100262671
5.576   0.542693573375   0.530100262671
5.672   0.542693573375   0.530100262671
5.768   0.542693573375   0.530100262671
5.864   0.542693573375   0.530100262671
5.96   0.542693573375   0.530100262671
6.056   0.542693573375   0.530100262671
6.152   0.542693573375   0.530100262671
6.248   0.542693573375   0.530100262671
6.344   0.542693573375   0.530100262671
6.44   0.542693573375   0.530100262671
6.536   0.542693573375   0.530100262671
6.632   0.542693573375   0.530100262671
6.728   0.542693573375   0.530100262671
6.824   0.542693573375   0.530100262671
6.92   0.542693573375   0.530100262671
7.016   0.542693573375   0.530100262671
7.112   0.542693573375   0.530100262671
7.208   0.542693573375   0.530100262671
7.304   0.542693573375   0.530100262671
7.4   0.542693573375   0.530100262671
7.496   0.542693573375   0.530100262671
7.592   0.542693573375   0.530100262671
7.688   0.542693573375   0.530100262671
7.784   0.542693573375   0.530100262671
7.88   0.542693573375   0.530100262671
7.976   0.542693573375   0.530100262671
8.072   0.542693573375   0.530100262671
8.168   0.542693573375   0.530100262671
8.264   0.542693573375   0.530100262671
8.36   0.542693573375   0.530100262671
8.456   0.542693573375   0.530100262671
8.552   0.542693573375   0.530100262671
8.648   0.542693573375   0.530100262671
8.744   0.542693573375   0.530100262671
8.84   0.542693573375   0.530100262671
8.936   0.542693573375   0.530100262671
9.032   0.542693573375   0.530100262671
9.128   0.542693573375   0.530100262671
9.224   0.542693573375   0.530100262671
9.32   0.542693573375   0.530100262671
9.416   0.542693573375   0.530100262671
9.512   0.542693573375   0.530100262671
9.608   0.542693573375   0.530100262671
9.704   0.542693573375   0.530100262671
