0.2   0.564136038813   0.433044895739
0.296   0.560399482377   0.470850219005
0.392   0.557204649257   0.496209744311
0.488   0.554525266449   0.513210884117
0.584   0.552322189015   0.524291207048
0.68   0.550548202911   0.531294455722
0.776   0.549152150601   0.535657517808
0.872   0.548082744322   0.538379355254
0.968   0.547290837661   0.540085799123
1.064   0.546729869153   0.541152486352
1.16   0.546353767354   0.541807931145
1.256   0.546117406074   0.542198719248
1.352   0.545977957282   0.542423345437
1.448   0.545900296681   0.542548446974
1.544   0.545857945906   0.542616363258
1.64   0.545835656816   0.542652726821
1.736   0.545824079841   0.542672033369
1.832   0.545818109636   0.542682234258
1.928   0.54581504265   0.542687609709
2.024   0.545813470307   0.542690438351
2.12   0.545812665083   0.542691925732
2.216   0.545812252946   0.542692707546
2.312   0.545812042064   0.542693118414
2.408   0.545811934177   0.542693334317
2.504   0.545811878987   0.542693447765
2.6   0.545811850755   0.542693507375
2.696   0.545811836313   0.542693538696
2.792   0.545811828926   0.542693555154
2.888   0.545811825148   0.542693563801
2.984   0.545811823215   0.542693568344
3.08   0.545811822226   0.542693570732
3.176   0.545811821721   0.542693571986
3.272   0.545811821462   0.542693572645
3.368   0.54581182133   0.542693572991
3.464   0.545811821262   0.542693573173
3.56   0.545811821227   0.542693573269
3.656   0.545811821209   0.542693573319
3.752   0.5458118212   0.542693573345
3.848   0.545811821196   0.542693573359
3.944   0.545811821193   0.542693573367
4.04   0.545811821192   0.54269357337
4.136   0.545811821192   0.542693573372
4.232   0.545811821191   0.542693573373
4.328   0.545811821191   0.542693573374
4.424   0.545811821191   0.542693573374
4.52   0.545811821191   0.542693573374
4.616   0.545811821191   0.542693573375
4.712   0.545811821191   0.542693573375
4.808   0.545811821191   0.542693573375
4.904   0.545811821191   0.542693573375
5.0   0.545811821191   0.542693573375
5.096   0.545811821191   0.542693573375
5.192   0.545811821191   0.542693573375
5.288   0.545811821191   0.542693573375
5.384   0.545811821191   0.542693573375
5.48   0.545811821191   0.542693573375
5.576   0.545811821191   0.542693573375
5.672   0.545811821191   0.542693573375
5.768   0.545811821191   0.542693573375
5.864   0.545811821191   0.542693573375
5.96   0.545811821191   0.542693573375
6.056   0.545811821191   0.542693573375
6.152   0.545811821191   0.542693573375
6.248   0.545811821191   0.542693573375
6.344   0.545811821191   0.542693573375
6.44   0.545811821191   0.542693573375
6.536   0.545811821191   0.542693573375
6.632   0.545811821191   0.542693573375
6.728   0.545811821191   0.542693573375
6.824   0.545811821191   0.542693573375
6.92   0.545811821191   0.542693573375
7.016   0.545811821191   0.542693573375
7.112   0.545811821191   0.542693573375
7.208   0.545811821191   0.542693573375
7.304   0.545811821191   0.542693573375
7.4   0.545811821191   0.542693573375
7.496   0.545811821191   0.542693573375
7.592   0.545811821191   0.542693573375
7.688   0.545811821191   0.542693573375
7.784   0.545811821191   0.542693573375
7.88   0.545811821191   0.542693573375
7.976   0.545811821191   0.542693573375
8.072   0.545811821191   0.542693573375
8.168   0.545811821191   0.542693573375
8.264   0.545811821191   0.542693573375
8.36   0.545811821191   0.542693573375
8.456   0.545811821191   0.542693573375
8.552   0.545811821191   0.542693573375
8.648   0.545811821191   0.542693573375
8.744   0.545811821191   0.542693573375
8.84   0.545811821191   0.542693573375
8.936   0.545811821191   0.542693573375
9.032   0.545811821191   0.542693573375
9.128   0.545811821191   0.542693573375
9.224   0.545811821191   0.542693573375
9.32   0.545811821191   0.542693573375
9.416   0.545811821191   0.542693573375
9.512   0.545811821191   0.542693573375
9.608   0.545811821191   0.542693573375
9.704   0.545811821191   0.542693573375
