0.2   0.562888078995   0.410681737226
0.296   0.558600630454   0.451687580089
0.392   0.554913914746   0.479378131308
0.488   0.551815041844   0.498316231743
0.584   0.549277286176   0.51107868173
0.68   0.547263483272   0.519460376613
0.776   0.545727290836   0.524834081887
0.872   0.544612236081   0.528212354051
0.968   0.543849719946   0.530294894689
1.064   0.543360743893   0.53154989472
1.16   0.543065713025   0.53228858026
1.256   0.542896557817   0.532714445872
1.352   0.542802414366   0.532956738332
1.448   0.542751419888   0.533093140688
1.544   0.542724161325   0.533169571049
1.64   0.542709701381   0.533212289164
1.736   0.542702063674   0.533236134273
1.832   0.542698039059   0.533249436313
1.928   0.542695921099   0.533256854823
2.024   0.542694807316   0.533260991636
2.12   0.542694221831   0.533263298373
2.216   0.542693914124   0.533264584628
2.312   0.542693752423   0.533265301857
2.408   0.542693667455   0.533265701793
2.504   0.542693622808   0.533265924804
2.6   0.542693599348   0.533266049159
2.696   0.542693587022   0.533266118503
2.792   0.542693580545   0.53326615717
2.888   0.542693577142   0.533266178732
2.984   0.542693575354   0.533266190755
3.08   0.542693574415   0.53326619746
3.176   0.542693573921   0.533266201198
3.272   0.542693573662   0.533266203283
3.368   0.542693573526   0.533266204445
3.464   0.542693573454   0.533266205094
3.56   0.542693573416   0.533266205455
3.656   0.542693573397   0.533266205657
3.752   0.542693573386   0.533266205769
3.848   0.542693573381   0.533266205832
3.944   0.542693573378   0.533266205867
4.04   0.542693573376   0.533266205886
4.136   0.542693573376   0.533266205897
4.232   0.542693573375   0.533266205903
4.328   0.542693573375   0.533266205907
4.424   0.542693573375   0.533266205908
4.52   0.542693573375   0.533266205909
4.616   0.542693573375   0.53326620591
4.712   0.542693573375   0.53326620591
4.808   0.542693573375   0.533266205911
4.904   0.542693573375   0.533266205911
5.0   0.542693573375   0.533266205911
5.096   0.542693573375   0.533266205911
5.192   0.542693573375   0.533266205911
5.288   0.542693573375   0.533266205911
5.384   0.542693573375   0.533266205911
5.48   0.542693573375   0.533266205911
5.576   0.542693573375   0.533266205911
5.672   0.542693573375   0.533266205911
5.768   0.542693573375   0.533266205911
5.864   0.542693573375   0.533266205911
5.96   0.542693573375   0.533266205911
6.056   0.542693573375   0.533266205911
6.152   0.542693573375   0.533266205911
6.248   0.542693573375   0.533266205911
6.344   0.542693573375   0.533266205911
6.44   0.542693573375   0.533266205911
6.536   0.542693573375   0.533266205911
6.632   0.542693573375   0.533266205911
6.728   0.542693573375   0.533266205911
6.824   0.542693573375   0.533266205911
6.92   0.542693573375   0.533266205911
7.016   0.542693573375   0.533266205911
7.112   0.542693573375   0.533266205911
7.208   0.542693573375   0.533266205911
7.304   0.542693573375   0.533266205911
7.4   0.542693573375   0.533266205911
7.496   0.542693573375   0.533266205911
7.592   0.542693573375   0.533266205911
7.688   0.542693573375   0.533266205911
7.784   0.542693573375   0.533266205911
7.88   0.542693573375   0.533266205911
7.976   0.542693573375   0.533266205911
8.072   0.542693573375   0.533266205911
8.168   0.542693573375   0.533266205911
8.264   0.542693573375   0.533266205911
8.36   0.542693573375   0.533266205911
8.456   0.542693573375   0.533266205911
8.552   0.542693573375   0.533266205911
8.648   0.542693573375   0.533266205911
8.744   0.542693573375   0.533266205911
8.84   0.542693573375   0.533266205911
8.936   0.542693573375   0.533266205911
9.032   0.542693573375   0.533266205911
9.128   0.542693573375   0.533266205911
9.224   0.542693573375   0.533266205911
9.32   0.542693573375   0.533266205911
9.416   0.542693573375   0.533266205911
9.512   0.542693573375   0.533266205911
9.608   0.542693573375   0.533266205911
9.704   0.542693573375   0.533266205911
