0.2   0.562451324829   0.411447464642
0.296   0.558015432327   0.449899652697
0.392   0.554229554769   0.476303059385
0.488   0.551085153348   0.494591584343
0.584   0.54855814171   0.507053502604
0.68   0.546609456927   0.515306971894
0.776   0.545182320468   0.520610869154
0.872   0.544199365478   0.523925452087
0.968   0.543565395552   0.525943989627
1.064   0.543181112816   0.527145318779
1.16   0.542959913557   0.527847339424
1.256   0.542836573661   0.528252468046
1.352   0.54276963958   0.528484658778
1.448   0.542733816756   0.528617146266
1.544   0.542714799123   0.528692616361
1.64   0.542704749389   0.528735576472
1.736   0.542699452319   0.528760024998
1.832   0.542696664281   0.528773938214
1.928   0.542695197983   0.528781856357
2.024   0.542694427151   0.528786362942
2.12   0.542694022019   0.528788928002
2.216   0.542693809119   0.528790388051
2.312   0.542693697245   0.52879121915
2.408   0.542693638461   0.528791692243
2.504   0.542693607573   0.528791961551
2.6   0.542693591344   0.528792114856
2.696   0.542693582816   0.528792202126
2.792   0.542693578336   0.528792251805
2.888   0.542693575981   0.528792280085
2.984   0.542693574744   0.528792296184
3.08   0.542693574094   0.528792305349
3.176   0.542693573753   0.528792310566
3.272   0.542693573573   0.528792313536
3.368   0.542693573479   0.528792315227
3.464   0.54269357343   0.528792316189
3.56   0.542693573403   0.528792316737
3.656   0.54269357339   0.528792317049
3.752   0.542693573383   0.528792317226
3.848   0.542693573379   0.528792317327
3.944   0.542693573377   0.528792317385
4.04   0.542693573376   0.528792317418
4.136   0.542693573375   0.528792317436
4.232   0.542693573375   0.528792317447
4.328   0.542693573375   0.528792317453
4.424   0.542693573375   0.528792317456
4.52   0.542693573375   0.528792317458
4.616   0.542693573375   0.528792317459
4.712   0.542693573375   0.52879231746
4.808   0.542693573375   0.52879231746
4.904   0.542693573375   0.528792317461
5.0   0.542693573375   0.528792317461
5.096   0.542693573375   0.528792317461
5.192   0.542693573375   0.528792317461
5.288   0.542693573375   0.528792317461
5.384   0.542693573375   0.528792317461
5.48   0.542693573375   0.528792317461
5.576   0.542693573375   0.528792317461
5.672   0.542693573375   0.528792317461
5.768   0.542693573375   0.528792317461
5.864   0.542693573375   0.528792317461
5.96   0.542693573375   0.528792317461
6.056   0.542693573375   0.528792317461
6.152   0.542693573375   0.528792317461
6.248   0.542693573375   0.528792317461
6.344   0.542693573375   0.528792317461
6.44   0.542693573375   0.528792317461
6.536   0.542693573375   0.528792317461
6.632   0.542693573375   0.528792317461
6.728   0.542693573375   0.528792317461
6.824   0.542693573375   0.528792317461
6.92   0.542693573375   0.528792317461
7.016   0.542693573375   0.528792317461
7.112   0.542693573375   0.528792317461
7.208   0.542693573375   0.528792317461
7.304   0.542693573375   0.528792317461
7.4   0.542693573375   0.528792317461
7.496   0.542693573375   0.528792317461
7.592   0.542693573375   0.528792317461
7.688   0.542693573375   0.528792317461
7.784   0.542693573375   0.528792317461
7.88   0.542693573375   0.528792317461
7.976   0.542693573375   0.528792317461
8.072   0.542693573375   0.528792317461
8.168   0.542693573375   0.528792317461
8.264   0.542693573375   0.528792317461
8.36   0.542693573375   0.528792317461
8.456   0.542693573375   0.528792317461
8.552   0.542693573375   0.528792317461
8.648   0.542693573375   0.528792317461
8.744   0.542693573375   0.528792317461
8.84   0.542693573375   0.528792317461
8.936   0.542693573375   0.528792317461
9.032   0.542693573375   0.528792317461
9.128   0.542693573375   0.528792317461
9.224   0.542693573375   0.528792317461
9.32   0.542693573375   0.528792317461
9.416   0.542693573375   0.528792317461
9.512   0.542693573375   0.528792317461
9.608   0.542693573375   0.528792317461
9.704   0.542693573375   0.528792317461
