0.2   0.564865135656   0.423612713335
0.296   0.561447061261   0.468390838358
0.392   0.558557390024   0.497040637947
0.488   0.556181086237   0.515452382103
0.584   0.554292139445   0.526879245121
0.68   0.552854115288   0.533689239919
0.776   0.551819555202   0.537646849798
0.872   0.551126450696   0.539911989527
0.968   0.550697765525   0.541186021247
1.064   0.550452374821   0.541887627921
1.16   0.550320617078   0.542266392401
1.256   0.550252288458   0.542468394042
1.352   0.550217964054   0.542575113603
1.448   0.550200957866   0.542631311604
1.544   0.550192594093   0.542660860268
1.64   0.550188496606   0.542676387158
1.736   0.550186493212   0.542684544391
1.832   0.550185514685   0.542688829754
1.928   0.550185036986   0.54269108111
2.024   0.550184803844   0.542692263924
2.12   0.550184690073   0.54269288537
2.216   0.550184634558   0.542693211883
2.312   0.55018460747   0.542693383438
2.408   0.550184594253   0.542693473577
2.504   0.550184587804   0.542693520938
2.6   0.550184584657   0.542693545823
2.696   0.550184583122   0.542693558898
2.792   0.550184582373   0.542693565768
2.888   0.550184582007   0.542693569378
2.984   0.550184581829   0.542693571275
3.08   0.550184581742   0.542693572271
3.176   0.550184581699   0.542693572795
3.272   0.550184581679   0.54269357307
3.368   0.550184581669   0.542693573215
3.464   0.550184581664   0.542693573291
3.56   0.550184581661   0.54269357333
3.656   0.55018458166   0.542693573351
3.752   0.55018458166   0.542693573362
3.848   0.550184581659   0.542693573368
3.944   0.550184581659   0.542693573371
4.04   0.550184581659   0.542693573373
4.136   0.550184581659   0.542693573374
4.232   0.550184581659   0.542693573374
4.328   0.550184581659   0.542693573374
4.424   0.550184581659   0.542693573375
4.52   0.550184581659   0.542693573375
4.616   0.550184581659   0.542693573375
4.712   0.550184581659   0.542693573375
4.808   0.550184581659   0.542693573375
4.904   0.550184581659   0.542693573375
5.0   0.550184581659   0.542693573375
5.096   0.550184581659   0.542693573375
5.192   0.550184581659   0.542693573375
5.288   0.550184581659   0.542693573375
5.384   0.550184581659   0.542693573375
5.48   0.550184581659   0.542693573375
5.576   0.550184581659   0.542693573375
5.672   0.550184581659   0.542693573375
5.768   0.550184581659   0.542693573375
5.864   0.550184581659   0.542693573375
5.96   0.550184581659   0.542693573375
6.056   0.550184581659   0.542693573375
6.152   0.550184581659   0.542693573375
6.248   0.550184581659   0.542693573375
6.344   0.550184581659   0.542693573375
6.44   0.550184581659   0.542693573375
6.536   0.550184581659   0.542693573375
6.632   0.550184581659   0.542693573375
6.728   0.550184581659   0.542693573375
6.824   0.550184581659   0.542693573375
6.92   0.550184581659   0.542693573375
7.016   0.550184581659   0.542693573375
7.112   0.550184581659   0.542693573375
7.208   0.550184581659   0.542693573375
7.304   0.550184581659   0.542693573375
7.4   0.550184581659   0.542693573375
7.496   0.550184581659   0.542693573375
7.592   0.550184581659   0.542693573375
7.688   0.550184581659   0.542693573375
7.784   0.550184581659   0.542693573375
7.88   0.550184581659   0.542693573375
7.976   0.550184581659   0.542693573375
8.072   0.550184581659   0.542693573375
8.168   0.550184581659   0.542693573375
8.264   0.550184581659   0.542693573375
8.36   0.550184581659   0.542693573375
8.456   0.550184581659   0.542693573375
8.552   0.550184581659   0.542693573375
8.648   0.550184581659   0.542693573375
8.744   0.550184581659   0.542693573375
8.84   0.550184581659   0.542693573375
8.936   0.550184581659   0.542693573375
9.032   0.550184581659   0.542693573375
9.128   0.550184581659   0.542693573375
9.224   0.550184581659   0.542693573375
9.32   0.550184581659   0.542693573375
9.416   0.550184581659   0.542693573375
9.512   0.550184581659   0.542693573375
9.608   0.550184581659   0.542693573375
9.704   0.550184581659   0.542693573375
