0.2   0.563466221864   0.412284647184
0.296   0.559400816528   0.455584848879
0.392   0.555888034111   0.484283369095
0.488   0.552908770657   0.503589889963
0.584   0.550429642788   0.516379868831
0.68   0.548407562089   0.524653669775
0.776   0.546793835702   0.529928650461
0.872   0.545538112201   0.533285607346
0.968   0.544590934569   0.535428359608
1.064   0.543904432535   0.536793291483
1.16   0.54343134911   0.537651086886
1.256   0.543123761862   0.538176712818
1.352   0.542935447163   0.538488215976
1.448   0.54282650155   0.538667705408
1.544   0.542765042178   0.538768256544
1.64   0.542731609691   0.538823742246
1.736   0.542713699974   0.538854073799
1.832   0.542704189003   0.53887056268
1.928   0.542699162665   0.538879498196
2.024   0.542696513416   0.538884332121
2.12   0.54269511908   0.538886944768
2.216   0.542694385794   0.538888356173
2.312   0.542694000317   0.538889118449
2.408   0.542693797724   0.538889530089
2.504   0.54269369126   0.538889752364
2.6   0.542693635317   0.538889872384
2.696   0.542693605921   0.538889937189
2.792   0.542693590476   0.53888997218
2.888   0.54269358236   0.538889991073
2.984   0.542693578096   0.538890001274
3.08   0.542693575855   0.538890006782
3.176   0.542693574678   0.538890009756
3.272   0.54269357406   0.538890011362
3.368   0.542693573735   0.538890012229
3.464   0.542693573564   0.538890012697
3.56   0.542693573474   0.538890012949
3.656   0.542693573427   0.538890013086
3.752   0.542693573402   0.53889001316
3.848   0.542693573389   0.538890013199
3.944   0.542693573382   0.538890013221
4.04   0.542693573379   0.538890013233
4.136   0.542693573377   0.538890013239
4.232   0.542693573376   0.538890013242
4.328   0.542693573375   0.538890013244
4.424   0.542693573375   0.538890013245
4.52   0.542693573375   0.538890013245
4.616   0.542693573375   0.538890013246
4.712   0.542693573375   0.538890013246
4.808   0.542693573375   0.538890013246
4.904   0.542693573375   0.538890013246
5.0   0.542693573375   0.538890013246
5.096   0.542693573375   0.538890013246
5.192   0.542693573375   0.538890013246
5.288   0.542693573375   0.538890013246
5.384   0.542693573375   0.538890013246
5.48   0.542693573375   0.538890013246
5.576   0.542693573375   0.538890013246
5.672   0.542693573375   0.538890013246
5.768   0.542693573375   0.538890013246
5.864   0.542693573375   0.538890013246
5.96   0.542693573375   0.538890013246
6.056   0.542693573375   0.538890013246
6.152   0.542693573375   0.538890013246
6.248   0.542693573375   0.538890013246
6.344   0.542693573375   0.538890013246
6.44   0.542693573375   0.538890013246
6.536   0.542693573375   0.538890013246
6.632   0.542693573375   0.538890013246
6.728   0.542693573375   0.538890013246
6.824   0.542693573375   0.538890013246
6.92   0.542693573375   0.538890013246
7.016   0.542693573375   0.538890013246
7.112   0.542693573375   0.538890013246
7.208   0.542693573375   0.538890013246
7.304   0.542693573375   0.538890013246
7.4   0.542693573375   0.538890013246
7.496   0.542693573375   0.538890013246
7.592   0.542693573375   0.538890013246
7.688   0.542693573375   0.538890013246
7.784   0.542693573375   0.538890013246
7.88   0.542693573375   0.538890013246
7.976   0.542693573375   0.538890013246
8.072   0.542693573375   0.538890013246
8.168   0.542693573375   0.538890013246
8.264   0.542693573375   0.538890013246
8.36   0.542693573375   0.538890013246
8.456   0.542693573375   0.538890013246
8.552   0.542693573375   0.538890013246
8.648   0.542693573375   0.538890013246
8.744   0.542693573375   0.538890013246
8.84   0.542693573375   0.538890013246
8.936   0.542693573375   0.538890013246
9.032   0.542693573375   0.538890013246
9.128   0.542693573375   0.538890013246
9.224   0.542693573375   0.538890013246
9.32   0.542693573375   0.538890013246
9.416   0.542693573375   0.538890013246
9.512   0.542693573375   0.538890013246
9.608   0.542693573375   0.538890013246
9.704   0.542693573375   0.538890013246
