0.2   0.563029921178   0.397681860149
0.296   0.558773390873   0.444550739924
0.392   0.555097807825   0.475348716013
0.488   0.551994677801   0.496057616626
0.584   0.549441329721   0.509846365946
0.68   0.547404212994   0.518816388436
0.776   0.545840336795   0.52452513739
0.872   0.544696633505   0.528097160219
0.968   0.543907937338   0.530294805174
1.064   0.543397896831   0.531619233127
1.16   0.543087903824   0.532399497252
1.256   0.542909215467   0.532849670338
1.352   0.542809371146   0.533105931909
1.448   0.542755169659   0.533250272492
1.544   0.542726159754   0.533330951433
1.64   0.542710759649   0.533376072526
1.736   0.542702622095   0.533401240173
1.832   0.54269833315   0.533415268785
1.928   0.542696075817   0.533423086052
2.024   0.542694888664   0.533427441579
2.12   0.54269426459   0.533429868229
2.216   0.542693936595   0.533431220205
2.312   0.542693764231   0.533431973444
2.408   0.542693673659   0.533432393105
2.504   0.542693626068   0.533432626917
2.6   0.542693601062   0.533432757185
2.696   0.542693587922   0.533432829764
2.792   0.542693581018   0.533432870201
2.888   0.542693577391   0.533432892731
2.984   0.542693575485   0.533432905284
3.08   0.542693574483   0.533432912277
3.176   0.542693573957   0.533432916174
3.272   0.542693573681   0.533432918345
3.368   0.542693573535   0.533432919554
3.464   0.542693573459   0.533432920228
3.56   0.542693573419   0.533432920604
3.656   0.542693573398   0.533432920813
3.752   0.542693573387   0.533432920929
3.848   0.542693573381   0.533432920994
3.944   0.542693573378   0.533432921031
4.04   0.542693573376   0.533432921051
4.136   0.542693573376   0.533432921062
4.232   0.542693573375   0.533432921068
4.328   0.542693573375   0.533432921072
4.424   0.542693573375   0.533432921074
4.52   0.542693573375   0.533432921075
4.616   0.542693573375   0.533432921075
4.712   0.542693573375   0.533432921076
4.808   0.542693573375   0.533432921076
4.904   0.542693573375   0.533432921076
5.0   0.542693573375   0.533432921076
5.096   0.542693573375   0.533432921076
5.192   0.542693573375   0.533432921076
5.288   0.542693573375   0.533432921076
5.384   0.542693573375   0.533432921076
5.48   0.542693573375   0.533432921076
5.576   0.542693573375   0.533432921076
5.672   0.542693573375   0.533432921076
5.768   0.542693573375   0.533432921076
5.864   0.542693573375   0.533432921076
5.96   0.542693573375   0.533432921076
6.056   0.542693573375   0.533432921076
6.152   0.542693573375   0.533432921076
6.248   0.542693573375   0.533432921076
6.344   0.542693573375   0.533432921076
6.44   0.542693573375   0.533432921076
6.536   0.542693573375   0.533432921076
6.632   0.542693573375   0.533432921076
6.728   0.542693573375   0.533432921076
6.824   0.542693573375   0.533432921076
6.92   0.542693573375   0.533432921076
7.016   0.542693573375   0.533432921076
7.112   0.542693573375   0.533432921076
7.208   0.542693573375   0.533432921076
7.304   0.542693573375   0.533432921076
7.4   0.542693573375   0.533432921076
7.496   0.542693573375   0.533432921076
7.592   0.542693573375   0.533432921076
7.688   0.542693573375   0.533432921076
7.784   0.542693573375   0.533432921076
7.88   0.542693573375   0.533432921076
7.976   0.542693573375   0.533432921076
8.072   0.542693573375   0.533432921076
8.168   0.542693573375   0.533432921076
8.264   0.542693573375   0.533432921076
8.36   0.542693573375   0.533432921076
8.456   0.542693573375   0.533432921076
8.552   0.542693573375   0.533432921076
8.648   0.542693573375   0.533432921076
8.744   0.542693573375   0.533432921076
8.84   0.542693573375   0.533432921076
8.936   0.542693573375   0.533432921076
9.032   0.542693573375   0.533432921076
9.128   0.542693573375   0.533432921076
9.224   0.542693573375   0.533432921076
9.32   0.542693573375   0.533432921076
9.416   0.542693573375   0.533432921076
9.512   0.542693573375   0.533432921076
9.608   0.542693573375   0.533432921076
9.704   0.542693573375   0.533432921076
