0.2   0.568049286749   0.467857046602
0.296   0.566497730228   0.500853427113
0.392   0.5656038916   0.520746233165
0.488   0.565179508047   0.531765235442
0.584   0.565009655075   0.537326137054
0.68   0.564947697859   0.540026241868
0.776   0.564926606899   0.541345371374
0.872   0.564919569072   0.542002729604
0.968   0.564917239447   0.542336174667
1.064   0.564916470698   0.542507540371
1.16   0.564916217313   0.542596370717
1.256   0.564916133832   0.542642667616
1.352   0.564916106332   0.542666876999
1.448   0.564916097273   0.542679561737
1.544   0.564916094289   0.542686215878
1.64   0.564916093306   0.54268970891
1.736   0.564916092983   0.54269154328
1.832   0.564916092876   0.542692506823
1.928   0.564916092841   0.542693013012
2.024   0.564916092829   0.542693278954
2.12   0.564916092826   0.54269341868
2.216   0.564916092824   0.542693492094
2.312   0.564916092824   0.542693530668
2.408   0.564916092824   0.542693550935
2.504   0.564916092824   0.542693561584
2.6   0.564916092824   0.54269356718
2.696   0.564916092824   0.54269357012
2.792   0.564916092824   0.542693571664
2.888   0.564916092824   0.542693572476
2.984   0.564916092824   0.542693572902
3.08   0.564916092824   0.542693573127
3.176   0.564916092824   0.542693573244
3.272   0.564916092824   0.542693573306
3.368   0.564916092824   0.542693573339
3.464   0.564916092824   0.542693573356
3.56   0.564916092824   0.542693573365
3.656   0.564916092824   0.542693573369
3.752   0.564916092824   0.542693573372
3.848   0.564916092824   0.542693573373
3.944   0.564916092824   0.542693573374
4.04   0.564916092824   0.542693573374
4.136   0.564916092824   0.542693573374
4.232   0.564916092824   0.542693573375
4.328   0.564916092824   0.542693573375
4.424   0.564916092824   0.542693573375
4.52   0.564916092824   0.542693573375
4.616   0.564916092824   0.542693573375
4.712   0.564916092824   0.542693573375
4.808   0.564916092824   0.542693573375
4.904   0.564916092824   0.542693573375
5.0   0.564916092824   0.542693573375
5.096   0.564916092824   0.542693573375
5.192   0.564916092824   0.542693573375
5.288   0.564916092824   0.542693573375
5.384   0.564916092824   0.542693573375
5.48   0.564916092824   0.542693573375
5.576   0.564916092824   0.542693573375
5.672   0.564916092824   0.542693573375
5.768   0.564916092824   0.542693573375
5.864   0.564916092824   0.542693573375
5.96   0.564916092824   0.542693573375
6.056   0.564916092824   0.542693573375
6.152   0.564916092824   0.542693573375
6.248   0.564916092824   0.542693573375
6.344   0.564916092824   0.542693573375
6.44   0.564916092824   0.542693573375
6.536   0.564916092824   0.542693573375
6.632   0.564916092824   0.542693573375
6.728   0.564916092824   0.542693573375
6.824   0.564916092824   0.542693573375
6.92   0.564916092824   0.542693573375
7.016   0.564916092824   0.542693573375
7.112   0.564916092824   0.542693573375
7.208   0.564916092824   0.542693573375
7.304   0.564916092824   0.542693573375
7.4   0.564916092824   0.542693573375
7.496   0.564916092824   0.542693573375
7.592   0.564916092824   0.542693573375
7.688   0.564916092824   0.542693573375
7.784   0.564916092824   0.542693573375
7.88   0.564916092824   0.542693573375
7.976   0.564916092824   0.542693573375
8.072   0.564916092824   0.542693573375
8.168   0.564916092824   0.542693573375
8.264   0.564916092824   0.542693573375
8.36   0.564916092824   0.542693573375
8.456   0.564916092824   0.542693573375
8.552   0.564916092824   0.542693573375
8.648   0.564916092824   0.542693573375
8.744   0.564916092824   0.542693573375
8.84   0.564916092824   0.542693573375
8.936   0.564916092824   0.542693573375
9.032   0.564916092824   0.542693573375
9.128   0.564916092824   0.542693573375
9.224   0.564916092824   0.542693573375
9.32   0.564916092824   0.542693573375
9.416   0.564916092824   0.542693573375
9.512   0.564916092824   0.542693573375
9.608   0.564916092824   0.542693573375
9.704   0.564916092824   0.542693573375
