0.2   0.563675225811   0.419462678917
0.296   0.559708862658   0.460848383207
0.392   0.556287807379   0.488410294959
0.488   0.553389111938   0.506953081261
0.584   0.550975509987   0.51919440714
0.68   0.548999986516   0.527077174576
0.776   0.547409874955   0.532092715702
0.872   0.546151033346   0.535298603568
0.968   0.545171194471   0.537376352359
1.064   0.544422400273   0.538742844603
1.16   0.543862406624   0.539650186838
1.256   0.543455211833   0.540252718365
1.352   0.543169387764   0.540648140917
1.448   0.542978154505   0.540900376935
1.544   0.542857059236   0.541056086343
1.64   0.542785636503   0.54114784182
1.736   0.542743575951   0.541199926092
1.832   0.542720331066   0.541228824211
1.928   0.542707773943   0.541244592093
2.024   0.542701075146   0.541253101364
2.12   0.542697526435   0.541257662068
2.216   0.542695653633   0.54126009661
2.312   0.542694667301   0.541261393234
2.408   0.542694148407   0.541262082948
2.504   0.542693875584   0.541262449583
2.6   0.542693732184   0.541262644407
2.696   0.542693656823   0.541262747914
2.792   0.542693617223   0.5412628029
2.888   0.542693596414   0.541262832109
2.984   0.54269358548   0.541262847624
3.08   0.542693579735   0.541262855865
3.176   0.542693576717   0.541262860243
3.272   0.542693575131   0.541262862568
3.368   0.542693574297   0.541262863804
3.464   0.542693573859   0.54126286446
3.56   0.542693573629   0.541262864808
3.656   0.542693573509   0.541262864993
3.752   0.542693573445   0.541262865092
3.848   0.542693573412   0.541262865144
3.944   0.542693573394   0.541262865172
4.04   0.542693573385   0.541262865186
4.136   0.54269357338   0.541262865194
4.232   0.542693573377   0.541262865198
4.328   0.542693573376   0.5412628652
4.424   0.542693573375   0.541262865202
4.52   0.542693573375   0.541262865202
4.616   0.542693573375   0.541262865203
4.712   0.542693573375   0.541262865203
4.808   0.542693573375   0.541262865203
4.904   0.542693573375   0.541262865203
5.0   0.542693573375   0.541262865203
5.096   0.542693573375   0.541262865203
5.192   0.542693573375   0.541262865203
5.288   0.542693573375   0.541262865203
5.384   0.542693573375   0.541262865203
5.48   0.542693573375   0.541262865203
5.576   0.542693573375   0.541262865203
5.672   0.542693573375   0.541262865203
5.768   0.542693573375   0.541262865203
5.864   0.542693573375   0.541262865203
5.96   0.542693573375   0.541262865203
6.056   0.542693573375   0.541262865203
6.152   0.542693573375   0.541262865203
6.248   0.542693573375   0.541262865203
6.344   0.542693573375   0.541262865203
6.44   0.542693573375   0.541262865203
6.536   0.542693573375   0.541262865203
6.632   0.542693573375   0.541262865203
6.728   0.542693573375   0.541262865203
6.824   0.542693573375   0.541262865203
6.92   0.542693573375   0.541262865203
7.016   0.542693573375   0.541262865203
7.112   0.542693573375   0.541262865203
7.208   0.542693573375   0.541262865203
7.304   0.542693573375   0.541262865203
7.4   0.542693573375   0.541262865203
7.496   0.542693573375   0.541262865203
7.592   0.542693573375   0.541262865203
7.688   0.542693573375   0.541262865203
7.784   0.542693573375   0.541262865203
7.88   0.542693573375   0.541262865203
7.976   0.542693573375   0.541262865203
8.072   0.542693573375   0.541262865203
8.168   0.542693573375   0.541262865203
8.264   0.542693573375   0.541262865203
8.36   0.542693573375   0.541262865203
8.456   0.542693573375   0.541262865203
8.552   0.542693573375   0.541262865203
8.648   0.542693573375   0.541262865203
8.744   0.542693573375   0.541262865203
8.84   0.542693573375   0.541262865203
8.936   0.542693573375   0.541262865203
9.032   0.542693573375   0.541262865203
9.128   0.542693573375   0.541262865203
9.224   0.542693573375   0.541262865203
9.32   0.542693573375   0.541262865203
9.416   0.542693573375   0.541262865203
9.512   0.542693573375   0.541262865203
9.608   0.542693573375   0.541262865203
9.704   0.542693573375   0.541262865203
