0.2   0.563437274177   0.423155446328
0.296   0.559381951793   0.461997873213
0.392   0.555889076917   0.488268226279
0.488   0.552934882189   0.506155871105
0.584   0.550481642073   0.518101517516
0.68   0.548482447703   0.525879759133
0.776   0.546885421712   0.530870710201
0.872   0.545637813086   0.5340696402
0.968   0.544688888236   0.536129787814
1.064   0.543991244252   0.537458003864
1.16   0.543500434664   0.538306161666
1.256   0.54317304179   0.538835842852
1.352   0.542967316168   0.539155913553
1.448   0.542845878182   0.539342665724
1.544   0.542776004941   0.53944842924
1.64   0.542737612105   0.539507032489
1.736   0.542716925977   0.539539094905
1.832   0.542705904946   0.539556500852
1.928   0.542700070234   0.53956590749
2.024   0.542696991964   0.539570978242
2.12   0.542695370998   0.539573707933
2.216   0.542694518292   0.539575176306
2.312   0.542694069973   0.539575965877
2.408   0.542693834333   0.539576390358
2.504   0.542693710499   0.539576618539
2.6   0.542693645426   0.539576741192
2.696   0.542693611233   0.539576807119
2.792   0.542693593267   0.539576842555
2.888   0.542693583827   0.539576861601
2.984   0.542693578867   0.539576871839
3.08   0.54269357626   0.539576877341
3.176   0.542693574891   0.539576880299
3.272   0.542693574171   0.539576881889
3.368   0.542693573793   0.539576882743
3.464   0.542693573595   0.539576883202
3.56   0.54269357349   0.539576883449
3.656   0.542693573435   0.539576883582
3.752   0.542693573407   0.539576883653
3.848   0.542693573391   0.539576883692
3.944   0.542693573383   0.539576883712
4.04   0.542693573379   0.539576883723
4.136   0.542693573377   0.539576883729
4.232   0.542693573376   0.539576883732
4.328   0.542693573375   0.539576883734
4.424   0.542693573375   0.539576883735
4.52   0.542693573375   0.539576883735
4.616   0.542693573375   0.539576883736
4.712   0.542693573375   0.539576883736
4.808   0.542693573375   0.539576883736
4.904   0.542693573375   0.539576883736
5.0   0.542693573375   0.539576883736
5.096   0.542693573375   0.539576883736
5.192   0.542693573375   0.539576883736
5.288   0.542693573375   0.539576883736
5.384   0.542693573375   0.539576883736
5.48   0.542693573375   0.539576883736
5.576   0.542693573375   0.539576883736
5.672   0.542693573375   0.539576883736
5.768   0.542693573375   0.539576883736
5.864   0.542693573375   0.539576883736
5.96   0.542693573375   0.539576883736
6.056   0.542693573375   0.539576883736
6.152   0.542693573375   0.539576883736
6.248   0.542693573375   0.539576883736
6.344   0.542693573375   0.539576883736
6.44   0.542693573375   0.539576883736
6.536   0.542693573375   0.539576883736
6.632   0.542693573375   0.539576883736
6.728   0.542693573375   0.539576883736
6.824   0.542693573375   0.539576883736
6.92   0.542693573375   0.539576883736
7.016   0.542693573375   0.539576883736
7.112   0.542693573375   0.539576883736
7.208   0.542693573375   0.539576883736
7.304   0.542693573375   0.539576883736
7.4   0.542693573375   0.539576883736
7.496   0.542693573375   0.539576883736
7.592   0.542693573375   0.539576883736
7.688   0.542693573375   0.539576883736
7.784   0.542693573375   0.539576883736
7.88   0.542693573375   0.539576883736
7.976   0.542693573375   0.539576883736
8.072   0.542693573375   0.539576883736
8.168   0.542693573375   0.539576883736
8.264   0.542693573375   0.539576883736
8.36   0.542693573375   0.539576883736
8.456   0.542693573375   0.539576883736
8.552   0.542693573375   0.539576883736
8.648   0.542693573375   0.539576883736
8.744   0.542693573375   0.539576883736
8.84   0.542693573375   0.539576883736
8.936   0.542693573375   0.539576883736
9.032   0.542693573375   0.539576883736
9.128   0.542693573375   0.539576883736
9.224   0.542693573375   0.539576883736
9.32   0.542693573375   0.539576883736
9.416   0.542693573375   0.539576883736
9.512   0.542693573375   0.539576883736
9.608   0.542693573375   0.539576883736
9.704   0.542693573375   0.539576883736
