0.2   0.563138475952   0.417555656764
0.296   0.55895573614   0.457183171649
0.392   0.555354081734   0.484013839976
0.488   0.552314559265   0.502353399732
0.584   0.549804558493   0.514678346295
0.68   0.547782350479   0.522753293777
0.776   0.546200543693   0.527940830017
0.872   0.545008282728   0.531235060546
0.968   0.544150976091   0.533304821963
1.064   0.543568800097   0.534583283023
1.16   0.543197336892   0.535353908873
1.256   0.542974030707   0.535805726094
1.352   0.542846429257   0.536064239554
1.448   0.54277545297   0.536209781463
1.544   0.542737061919   0.536290433323
1.64   0.54271655976   0.536335058788
1.736   0.542705690344   0.536359620518
1.832   0.542699951208   0.536373113851
1.928   0.54269692767   0.536380519315
2.024   0.542695336728   0.536384581575
2.12   0.54269450015   0.536386809365
2.216   0.542694060403   0.536388030963
2.312   0.542693829294   0.53638870078
2.408   0.542693707848   0.53638906804
2.504   0.542693644033   0.536389269405
2.6   0.542693610501   0.536389379811
2.696   0.542693592882   0.536389440345
2.792   0.542693583625   0.536389473535
2.888   0.54269357876   0.536389491733
2.984   0.542693576204   0.536389501711
3.08   0.542693574861   0.536389507181
3.176   0.542693574156   0.536389510181
3.272   0.542693573785   0.536389511825
3.368   0.54269357359   0.536389512727
3.464   0.542693573488   0.536389513221
3.56   0.542693573434   0.536389513492
3.656   0.542693573406   0.536389513641
3.752   0.542693573391   0.536389513722
3.848   0.542693573383   0.536389513767
3.944   0.542693573379   0.536389513792
4.04   0.542693573377   0.536389513805
4.136   0.542693573376   0.536389513812
4.232   0.542693573375   0.536389513817
4.328   0.542693573375   0.536389513819
4.424   0.542693573375   0.53638951382
4.52   0.542693573375   0.536389513821
4.616   0.542693573375   0.536389513821
4.712   0.542693573375   0.536389513821
4.808   0.542693573375   0.536389513821
4.904   0.542693573375   0.536389513821
5.0   0.542693573375   0.536389513821
5.096   0.542693573375   0.536389513821
5.192   0.542693573375   0.536389513821
5.288   0.542693573375   0.536389513821
5.384   0.542693573375   0.536389513821
5.48   0.542693573375   0.536389513821
5.576   0.542693573375   0.536389513821
5.672   0.542693573375   0.536389513821
5.768   0.542693573375   0.536389513821
5.864   0.542693573375   0.536389513821
5.96   0.542693573375   0.536389513821
6.056   0.542693573375   0.536389513821
6.152   0.542693573375   0.536389513821
6.248   0.542693573375   0.536389513821
6.344   0.542693573375   0.536389513821
6.44   0.542693573375   0.536389513821
6.536   0.542693573375   0.536389513821
6.632   0.542693573375   0.536389513821
6.728   0.542693573375   0.536389513821
6.824   0.542693573375   0.536389513821
6.92   0.542693573375   0.536389513821
7.016   0.542693573375   0.536389513821
7.112   0.542693573375   0.536389513821
7.208   0.542693573375   0.536389513821
7.304   0.542693573375   0.536389513821
7.4   0.542693573375   0.536389513821
7.496   0.542693573375   0.536389513821
7.592   0.542693573375   0.536389513821
7.688   0.542693573375   0.536389513821
7.784   0.542693573375   0.536389513821
7.88   0.542693573375   0.536389513821
7.976   0.542693573375   0.536389513821
8.072   0.542693573375   0.536389513821
8.168   0.542693573375   0.536389513821
8.264   0.542693573375   0.536389513821
8.36   0.542693573375   0.536389513821
8.456   0.542693573375   0.536389513821
8.552   0.542693573375   0.536389513821
8.648   0.542693573375   0.536389513821
8.744   0.542693573375   0.536389513821
8.84   0.542693573375   0.536389513821
8.936   0.542693573375   0.536389513821
9.032   0.542693573375   0.536389513821
9.128   0.542693573375   0.536389513821
9.224   0.542693573375   0.536389513821
9.32   0.542693573375   0.536389513821
9.416   0.542693573375   0.536389513821
9.512   0.542693573375   0.536389513821
9.608   0.542693573375   0.536389513821
9.704   0.542693573375   0.536389513821
