0.2   0.56185819829   0.392688919711
0.296   0.557215240211   0.434354834279
0.392   0.553301222176   0.46271991559
0.488   0.550120445839   0.482309344161
0.584   0.547651067486   0.495665743249
0.68   0.545838725414   0.50452214158
0.776   0.544592227137   0.510206913668
0.872   0.543790795812   0.513748270885
0.968   0.543306456297   0.515902717761
1.064   0.543028106103   0.5171921712
1.16   0.542873177842   0.51795640576
1.256   0.542789118552   0.518407070972
1.352   0.542744127817   0.518672316969
1.448   0.542720240063   0.518828297475
1.544   0.542707615194   0.518920072673
1.64   0.542700960176   0.518974066623
1.736   0.542697457168   0.519005850376
1.832   0.54269561477   0.519024566099
1.928   0.542694646196   0.519035589552
2.024   0.542694137128   0.519042083501
2.12   0.542693869605   0.519045909604
2.216   0.542693729028   0.519048164068
2.312   0.542693655161   0.51904949255
2.408   0.542693616348   0.519050275413
2.504   0.542693595954   0.519050736759
2.6   0.542693585239   0.519051008638
2.696   0.542693579608   0.519051168863
2.792   0.54269357665   0.519051263287
2.888   0.542693575096   0.519051318935
2.984   0.542693574279   0.519051351729
3.08   0.54269357385   0.519051371056
3.176   0.542693573624   0.519051382446
3.272   0.542693573506   0.519051389159
3.368   0.542693573444   0.519051393115
3.464   0.542693573411   0.519051395446
3.56   0.542693573394   0.51905139682
3.656   0.542693573385   0.51905139763
3.752   0.54269357338   0.519051398107
3.848   0.542693573377   0.519051398388
3.944   0.542693573376   0.519051398554
4.04   0.542693573375   0.519051398651
4.136   0.542693573375   0.519051398709
4.232   0.542693573375   0.519051398743
4.328   0.542693573375   0.519051398763
4.424   0.542693573375   0.519051398775
4.52   0.542693573375   0.519051398782
4.616   0.542693573375   0.519051398786
4.712   0.542693573375   0.519051398788
4.808   0.542693573375   0.519051398789
4.904   0.542693573375   0.51905139879
5.0   0.542693573375   0.519051398791
5.096   0.542693573375   0.519051398791
5.192   0.542693573375   0.519051398791
5.288   0.542693573375   0.519051398791
5.384   0.542693573375   0.519051398791
5.48   0.542693573375   0.519051398791
5.576   0.542693573375   0.519051398791
5.672   0.542693573375   0.519051398791
5.768   0.542693573375   0.519051398791
5.864   0.542693573375   0.519051398791
5.96   0.542693573375   0.519051398792
6.056   0.542693573375   0.519051398792
6.152   0.542693573375   0.519051398792
6.248   0.542693573375   0.519051398792
6.344   0.542693573375   0.519051398792
6.44   0.542693573375   0.519051398792
6.536   0.542693573375   0.519051398792
6.632   0.542693573375   0.519051398792
6.728   0.542693573375   0.519051398792
6.824   0.542693573375   0.519051398792
6.92   0.542693573375   0.519051398792
7.016   0.542693573375   0.519051398792
7.112   0.542693573375   0.519051398792
7.208   0.542693573375   0.519051398792
7.304   0.542693573375   0.519051398792
7.4   0.542693573375   0.519051398792
7.496   0.542693573375   0.519051398792
7.592   0.542693573375   0.519051398792
7.688   0.542693573375   0.519051398792
7.784   0.542693573375   0.519051398792
7.88   0.542693573375   0.519051398792
7.976   0.542693573375   0.519051398792
8.072   0.542693573375   0.519051398792
8.168   0.542693573375   0.519051398792
8.264   0.542693573375   0.519051398792
8.36   0.542693573375   0.519051398792
8.456   0.542693573375   0.519051398792
8.552   0.542693573375   0.519051398792
8.648   0.542693573375   0.519051398792
8.744   0.542693573375   0.519051398792
8.84   0.542693573375   0.519051398792
8.936   0.542693573375   0.519051398792
9.032   0.542693573375   0.519051398792
9.128   0.542693573375   0.519051398792
9.224   0.542693573375   0.519051398792
9.32   0.542693573375   0.519051398792
9.416   0.542693573375   0.519051398792
9.512   0.542693573375   0.519051398792
9.608   0.542693573375   0.519051398792
9.704   0.542693573375   0.519051398792
