0.2   0.564751840147   0.43942832255
0.296   0.561319049864   0.476842772751
0.392   0.558434129807   0.501636108176
0.488   0.55607675872   0.517917904175
0.584   0.554216197829   0.528186316507
0.68   0.552811728793   0.534388530801
0.776   0.55181161837   0.53802844734
0.872   0.551149476242   0.540122294475
0.968   0.550744897399   0.541301250217
1.064   0.550515753396   0.541949887493
1.16   0.550393679616   0.542299648004
1.256   0.550330740081   0.542485970315
1.352   0.550299233038   0.542584371328
1.448   0.550283659781   0.542636179648
1.544   0.550276014136   0.542663418245
1.64   0.55027227376   0.542677730965
1.736   0.550270447227   0.542685250322
1.832   0.550269556106   0.542689200609
1.928   0.550269121555   0.542691275944
2.024   0.550268909698   0.542692366288
2.12   0.550268806423   0.542692939152
2.216   0.550268756083   0.54269324014
2.312   0.550268731546   0.542693398285
2.408   0.550268719586   0.542693481378
2.504   0.550268713757   0.542693525037
2.6   0.550268710916   0.542693547977
2.696   0.550268709531   0.54269356003
2.792   0.550268708856   0.542693566363
2.888   0.550268708527   0.54269356969
2.984   0.550268708366   0.542693571439
3.08   0.550268708288   0.542693572358
3.176   0.55026870825   0.54269357284
3.272   0.550268708231   0.542693573094
3.368   0.550268708222   0.542693573227
3.464   0.550268708218   0.542693573297
3.56   0.550268708216   0.542693573334
3.656   0.550268708215   0.542693573353
3.752   0.550268708214   0.542693573363
3.848   0.550268708214   0.542693573369
3.944   0.550268708214   0.542693573372
4.04   0.550268708214   0.542693573373
4.136   0.550268708214   0.542693573374
4.232   0.550268708214   0.542693573374
4.328   0.550268708214   0.542693573374
4.424   0.550268708214   0.542693573375
4.52   0.550268708214   0.542693573375
4.616   0.550268708214   0.542693573375
4.712   0.550268708214   0.542693573375
4.808   0.550268708214   0.542693573375
4.904   0.550268708214   0.542693573375
5.0   0.550268708214   0.542693573375
5.096   0.550268708214   0.542693573375
5.192   0.550268708214   0.542693573375
5.288   0.550268708214   0.542693573375
5.384   0.550268708214   0.542693573375
5.48   0.550268708214   0.542693573375
5.576   0.550268708214   0.542693573375
5.672   0.550268708214   0.542693573375
5.768   0.550268708214   0.542693573375
5.864   0.550268708214   0.542693573375
5.96   0.550268708214   0.542693573375
6.056   0.550268708214   0.542693573375
6.152   0.550268708214   0.542693573375
6.248   0.550268708214   0.542693573375
6.344   0.550268708214   0.542693573375
6.44   0.550268708214   0.542693573375
6.536   0.550268708214   0.542693573375
6.632   0.550268708214   0.542693573375
6.728   0.550268708214   0.542693573375
6.824   0.550268708214   0.542693573375
6.92   0.550268708214   0.542693573375
7.016   0.550268708214   0.542693573375
7.112   0.550268708214   0.542693573375
7.208   0.550268708214   0.542693573375
7.304   0.550268708214   0.542693573375
7.4   0.550268708214   0.542693573375
7.496   0.550268708214   0.542693573375
7.592   0.550268708214   0.542693573375
7.688   0.550268708214   0.542693573375
7.784   0.550268708214   0.542693573375
7.88   0.550268708214   0.542693573375
7.976   0.550268708214   0.542693573375
8.072   0.550268708214   0.542693573375
8.168   0.550268708214   0.542693573375
8.264   0.550268708214   0.542693573375
8.36   0.550268708214   0.542693573375
8.456   0.550268708214   0.542693573375
8.552   0.550268708214   0.542693573375
8.648   0.550268708214   0.542693573375
8.744   0.550268708214   0.542693573375
8.84   0.550268708214   0.542693573375
8.936   0.550268708214   0.542693573375
9.032   0.550268708214   0.542693573375
9.128   0.550268708214   0.542693573375
9.224   0.550268708214   0.542693573375
9.32   0.550268708214   0.542693573375
9.416   0.550268708214   0.542693573375
9.512   0.550268708214   0.542693573375
9.608   0.550268708214   0.542693573375
9.704   0.550268708214   0.542693573375
