0.2   0.561688361767   0.387918032387
0.296   0.556993304279   0.430141227852
0.392   0.553053754451   0.4588546343
0.488   0.549875348398   0.478680016585
0.584   0.547433769282   0.492203333236
0.68   0.545666091788   0.501178651376
0.776   0.544468924567   0.506947062313
0.872   0.543710713875   0.510547490752
0.968   0.543258209874   0.512744959136
1.064   0.543000482239   0.514066447031
1.16   0.542857952631   0.514854409218
1.256   0.542780896816   0.515322621288
1.352   0.542739740865   0.515600286015
1.448   0.542717915223   0.515764934613
1.544   0.542706387876   0.515862602428
1.64   0.542700313634   0.515920565551
1.736   0.542697116974   0.515954980363
1.832   0.542695435884   0.515975421106
1.928   0.542694552164   0.515987565264
2.024   0.54269408771   0.515994781729
2.12   0.542693843636   0.515999070592
2.216   0.542693715382   0.516001619777
2.312   0.542693647991   0.516003135042
2.408   0.542693612581   0.516004035771
2.504   0.542693593975   0.516004571212
2.6   0.542693584199   0.516004889513
2.696   0.542693579062   0.516005078733
2.792   0.542693576363   0.516005191221
2.888   0.542693574945   0.516005258092
2.984   0.5426935742   0.516005297845
3.08   0.542693573808   0.516005321478
3.176   0.542693573602   0.516005335527
3.272   0.542693573494   0.516005343879
3.368   0.542693573438   0.516005348845
3.464   0.542693573408   0.516005351796
3.56   0.542693573392   0.516005353551
3.656   0.542693573384   0.516005354594
3.752   0.542693573379   0.516005355214
3.848   0.542693573377   0.516005355583
3.944   0.542693573376   0.516005355802
4.04   0.542693573375   0.516005355932
4.136   0.542693573375   0.51600535601
4.232   0.542693573375   0.516005356056
4.328   0.542693573375   0.516005356083
4.424   0.542693573375   0.5160053561
4.52   0.542693573375   0.516005356109
4.616   0.542693573375   0.516005356115
4.712   0.542693573375   0.516005356118
4.808   0.542693573375   0.51600535612
4.904   0.542693573375   0.516005356122
5.0   0.542693573375   0.516005356122
5.096   0.542693573375   0.516005356123
5.192   0.542693573375   0.516005356123
5.288   0.542693573375   0.516005356123
5.384   0.542693573375   0.516005356123
5.48   0.542693573375   0.516005356123
5.576   0.542693573375   0.516005356123
5.672   0.542693573375   0.516005356123
5.768   0.542693573375   0.516005356123
5.864   0.542693573375   0.516005356123
5.96   0.542693573375   0.516005356123
6.056   0.542693573375   0.516005356123
6.152   0.542693573375   0.516005356123
6.248   0.542693573375   0.516005356123
6.344   0.542693573375   0.516005356123
6.44   0.542693573375   0.516005356123
6.536   0.542693573375   0.516005356123
6.632   0.542693573375   0.516005356123
6.728   0.542693573375   0.516005356123
6.824   0.542693573375   0.516005356123
6.92   0.542693573375   0.516005356123
7.016   0.542693573375   0.516005356123
7.112   0.542693573375   0.516005356123
7.208   0.542693573375   0.516005356123
7.304   0.542693573375   0.516005356123
7.4   0.542693573375   0.516005356123
7.496   0.542693573375   0.516005356123
7.592   0.542693573375   0.516005356123
7.688   0.542693573375   0.516005356123
7.784   0.542693573375   0.516005356123
7.88   0.542693573375   0.516005356123
7.976   0.542693573375   0.516005356123
8.072   0.542693573375   0.516005356123
8.168   0.542693573375   0.516005356123
8.264   0.542693573375   0.516005356123
8.36   0.542693573375   0.516005356123
8.456   0.542693573375   0.516005356123
8.552   0.542693573375   0.516005356123
8.648   0.542693573375   0.516005356123
8.744   0.542693573375   0.516005356123
8.84   0.542693573375   0.516005356123
8.936   0.542693573375   0.516005356123
9.032   0.542693573375   0.516005356123
9.128   0.542693573375   0.516005356123
9.224   0.542693573375   0.516005356123
9.32   0.542693573375   0.516005356123
9.416   0.542693573375   0.516005356123
9.512   0.542693573375   0.516005356123
9.608   0.542693573375   0.516005356123
9.704   0.542693573375   0.516005356123
