0.2   0.566571889889   0.444057444083
0.296   0.56411293106   0.485249389847
0.392   0.562281759702   0.510665276472
0.488   0.561045991724   0.525777731562
0.584   0.560308796023   0.534071870024
0.68   0.559921529512   0.538340521408
0.776   0.559738860961   0.54048423314
0.872   0.559657807202   0.541561967536
0.968   0.559623473664   0.542109128869
1.064   0.559609192679   0.542389891476
1.16   0.559603303729   0.542535136197
1.256   0.55960088499   0.542610658713
1.352   0.559599893328   0.542650116271
1.448   0.559599487078   0.542670773286
1.544   0.55959932071   0.542681603786
1.64   0.559599252588   0.542687287303
1.736   0.559599224697   0.542690271419
1.832   0.559599213278   0.542691838707
1.928   0.559599208602   0.542692662011
2.024   0.559599206688   0.542693094541
2.12   0.559599205905   0.542693321788
2.216   0.559599205584   0.542693441186
2.312   0.559599205453   0.542693503919
2.408   0.559599205399   0.542693536881
2.504   0.559599205377   0.5426935542
2.6   0.559599205368   0.5426935633
2.696   0.559599205364   0.542693568081
2.792   0.559599205363   0.542693570593
2.888   0.559599205362   0.542693571913
2.984   0.559599205362   0.542693572607
3.08   0.559599205362   0.542693572971
3.176   0.559599205361   0.542693573163
3.272   0.559599205361   0.542693573263
3.368   0.559599205361   0.542693573316
3.464   0.559599205361   0.542693573344
3.56   0.559599205361   0.542693573358
3.656   0.559599205361   0.542693573366
3.752   0.559599205361   0.54269357337
3.848   0.559599205361   0.542693573372
3.944   0.559599205361   0.542693573373
4.04   0.559599205361   0.542693573374
4.136   0.559599205361   0.542693573374
4.232   0.559599205361   0.542693573374
4.328   0.559599205361   0.542693573375
4.424   0.559599205361   0.542693573375
4.52   0.559599205361   0.542693573375
4.616   0.559599205361   0.542693573375
4.712   0.559599205361   0.542693573375
4.808   0.559599205361   0.542693573375
4.904   0.559599205361   0.542693573375
5.0   0.559599205361   0.542693573375
5.096   0.559599205361   0.542693573375
5.192   0.559599205361   0.542693573375
5.288   0.559599205361   0.542693573375
5.384   0.559599205361   0.542693573375
5.48   0.559599205361   0.542693573375
5.576   0.559599205361   0.542693573375
5.672   0.559599205361   0.542693573375
5.768   0.559599205361   0.542693573375
5.864   0.559599205361   0.542693573375
5.96   0.559599205361   0.542693573375
6.056   0.559599205361   0.542693573375
6.152   0.559599205361   0.542693573375
6.248   0.559599205361   0.542693573375
6.344   0.559599205361   0.542693573375
6.44   0.559599205361   0.542693573375
6.536   0.559599205361   0.542693573375
6.632   0.559599205361   0.542693573375
6.728   0.559599205361   0.542693573375
6.824   0.559599205361   0.542693573375
6.92   0.559599205361   0.542693573375
7.016   0.559599205361   0.542693573375
7.112   0.559599205361   0.542693573375
7.208   0.559599205361   0.542693573375
7.304   0.559599205361   0.542693573375
7.4   0.559599205361   0.542693573375
7.496   0.559599205361   0.542693573375
7.592   0.559599205361   0.542693573375
7.688   0.559599205361   0.542693573375
7.784   0.559599205361   0.542693573375
7.88   0.559599205361   0.542693573375
7.976   0.559599205361   0.542693573375
8.072   0.559599205361   0.542693573375
8.168   0.559599205361   0.542693573375
8.264   0.559599205361   0.542693573375
8.36   0.559599205361   0.542693573375
8.456   0.559599205361   0.542693573375
8.552   0.559599205361   0.542693573375
8.648   0.559599205361   0.542693573375
8.744   0.559599205361   0.542693573375
8.84   0.559599205361   0.542693573375
8.936   0.559599205361   0.542693573375
9.032   0.559599205361   0.542693573375
9.128   0.559599205361   0.542693573375
9.224   0.559599205361   0.542693573375
9.32   0.559599205361   0.542693573375
9.416   0.559599205361   0.542693573375
9.512   0.559599205361   0.542693573375
9.608   0.559599205361   0.542693573375
9.704   0.559599205361   0.542693573375
