0.2   0.563017325732   0.406178565669
0.296   0.558769254068   0.449601396348
0.392   0.555107091341   0.478564053924
0.488   0.552018692964   0.498208954125
0.584   0.549477988557   0.511362662647
0.68   0.547448679538   0.519956831409
0.776   0.545886208484   0.525449461399
0.872   0.544737715402   0.528901960755
0.968   0.543940175787   0.531036392218
1.064   0.543420329595   0.532328585306
1.16   0.543102056871   0.533092458043
1.256   0.542917588227   0.533533894124
1.352   0.542814053949   0.53378521088
1.448   0.542757718116   0.533926464336
1.544   0.542727525063   0.534005397893
1.64   0.54271148468   0.534049365146
1.736   0.542703005248   0.534073814236
1.832   0.542698535097   0.534087398262
1.928   0.542696182104   0.534094942567
2.024   0.542694944561   0.534099131767
2.12   0.542694293974   0.534101457769
2.216   0.542693952038   0.534102749218
2.312   0.542693772347   0.534103466255
2.408   0.542693677924   0.534103864367
2.504   0.542693628309   0.534104085407
2.6   0.542693602239   0.534104208134
2.696   0.542693588541   0.534104276275
2.792   0.542693581343   0.534104314108
2.888   0.542693577562   0.534104335114
2.984   0.542693575575   0.534104346777
3.08   0.542693574531   0.534104353253
3.176   0.542693573982   0.534104356848
3.272   0.542693573694   0.534104358845
3.368   0.542693573542   0.534104359953
3.464   0.542693573463   0.534104360569
3.56   0.542693573421   0.53410436091
3.656   0.542693573399   0.5341043611
3.752   0.542693573387   0.534104361205
3.848   0.542693573381   0.534104361264
3.944   0.542693573378   0.534104361296
4.04   0.542693573377   0.534104361314
4.136   0.542693573376   0.534104361324
4.232   0.542693573375   0.53410436133
4.328   0.542693573375   0.534104361333
4.424   0.542693573375   0.534104361335
4.52   0.542693573375   0.534104361336
4.616   0.542693573375   0.534104361336
4.712   0.542693573375   0.534104361336
4.808   0.542693573375   0.534104361337
4.904   0.542693573375   0.534104361337
5.0   0.542693573375   0.534104361337
5.096   0.542693573375   0.534104361337
5.192   0.542693573375   0.534104361337
5.288   0.542693573375   0.534104361337
5.384   0.542693573375   0.534104361337
5.48   0.542693573375   0.534104361337
5.576   0.542693573375   0.534104361337
5.672   0.542693573375   0.534104361337
5.768   0.542693573375   0.534104361337
5.864   0.542693573375   0.534104361337
5.96   0.542693573375   0.534104361337
6.056   0.542693573375   0.534104361337
6.152   0.542693573375   0.534104361337
6.248   0.542693573375   0.534104361337
6.344   0.542693573375   0.534104361337
6.44   0.542693573375   0.534104361337
6.536   0.542693573375   0.534104361337
6.632   0.542693573375   0.534104361337
6.728   0.542693573375   0.534104361337
6.824   0.542693573375   0.534104361337
6.92   0.542693573375   0.534104361337
7.016   0.542693573375   0.534104361337
7.112   0.542693573375   0.534104361337
7.208   0.542693573375   0.534104361337
7.304   0.542693573375   0.534104361337
7.4   0.542693573375   0.534104361337
7.496   0.542693573375   0.534104361337
7.592   0.542693573375   0.534104361337
7.688   0.542693573375   0.534104361337
7.784   0.542693573375   0.534104361337
7.88   0.542693573375   0.534104361337
7.976   0.542693573375   0.534104361337
8.072   0.542693573375   0.534104361337
8.168   0.542693573375   0.534104361337
8.264   0.542693573375   0.534104361337
8.36   0.542693573375   0.534104361337
8.456   0.542693573375   0.534104361337
8.552   0.542693573375   0.534104361337
8.648   0.542693573375   0.534104361337
8.744   0.542693573375   0.534104361337
8.84   0.542693573375   0.534104361337
8.936   0.542693573375   0.534104361337
9.032   0.542693573375   0.534104361337
9.128   0.542693573375   0.534104361337
9.224   0.542693573375   0.534104361337
9.32   0.542693573375   0.534104361337
9.416   0.542693573375   0.534104361337
9.512   0.542693573375   0.534104361337
9.608   0.542693573375   0.534104361337
9.704   0.542693573375   0.534104361337
