0.2   0.564876744308   0.431401420208
0.296   0.56148298728   0.472748812314
0.392   0.558627597158   0.499590883258
0.488   0.556294139662   0.516968502816
0.584   0.554455286032   0.527790383397
0.68   0.553072626547   0.534245050299
0.776   0.55209484211   0.537987839954
0.872   0.551453820624   0.540117652213
0.968   0.55106663825   0.541305809135
1.064   0.550849799183   0.541954819235
1.16   0.550735371735   0.542303068261
1.256   0.55067686291   0.542488003789
1.352   0.550647760809   0.542585508462
1.448   0.550633455756   0.542636796495
1.544   0.55062646805   0.542663747701
1.64   0.550623065791   0.542677905528
1.736   0.550621412014   0.542685342438
1.832   0.550620608823   0.542689249115
1.928   0.550620218904   0.542691301459
2.024   0.550620029654   0.542692379702
2.12   0.55061993781   0.542692946202
2.216   0.55061989324   0.542693243845
2.312   0.550619871612   0.542693400232
2.408   0.550619861117   0.542693482401
2.504   0.550619856024   0.542693525574
2.6   0.550619853553   0.542693548259
2.696   0.550619852353   0.542693560178
2.792   0.550619851771   0.542693566441
2.888   0.550619851489   0.542693569731
2.984   0.550619851352   0.54269357146
3.08   0.550619851286   0.542693572369
3.176   0.550619851253   0.542693572846
3.272   0.550619851238   0.542693573097
3.368   0.55061985123   0.542693573229
3.464   0.550619851226   0.542693573298
3.56   0.550619851225   0.542693573334
3.656   0.550619851224   0.542693573353
3.752   0.550619851223   0.542693573364
3.848   0.550619851223   0.542693573369
3.944   0.550619851223   0.542693573372
4.04   0.550619851223   0.542693573373
4.136   0.550619851223   0.542693573374
4.232   0.550619851223   0.542693573374
4.328   0.550619851223   0.542693573374
4.424   0.550619851223   0.542693573375
4.52   0.550619851223   0.542693573375
4.616   0.550619851223   0.542693573375
4.712   0.550619851223   0.542693573375
4.808   0.550619851223   0.542693573375
4.904   0.550619851223   0.542693573375
5.0   0.550619851223   0.542693573375
5.096   0.550619851223   0.542693573375
5.192   0.550619851223   0.542693573375
5.288   0.550619851223   0.542693573375
5.384   0.550619851223   0.542693573375
5.48   0.550619851223   0.542693573375
5.576   0.550619851223   0.542693573375
5.672   0.550619851223   0.542693573375
5.768   0.550619851223   0.542693573375
5.864   0.550619851223   0.542693573375
5.96   0.550619851223   0.542693573375
6.056   0.550619851223   0.542693573375
6.152   0.550619851223   0.542693573375
6.248   0.550619851223   0.542693573375
6.344   0.550619851223   0.542693573375
6.44   0.550619851223   0.542693573375
6.536   0.550619851223   0.542693573375
6.632   0.550619851223   0.542693573375
6.728   0.550619851223   0.542693573375
6.824   0.550619851223   0.542693573375
6.92   0.550619851223   0.542693573375
7.016   0.550619851223   0.542693573375
7.112   0.550619851223   0.542693573375
7.208   0.550619851223   0.542693573375
7.304   0.550619851223   0.542693573375
7.4   0.550619851223   0.542693573375
7.496   0.550619851223   0.542693573375
7.592   0.550619851223   0.542693573375
7.688   0.550619851223   0.542693573375
7.784   0.550619851223   0.542693573375
7.88   0.550619851223   0.542693573375
7.976   0.550619851223   0.542693573375
8.072   0.550619851223   0.542693573375
8.168   0.550619851223   0.542693573375
8.264   0.550619851223   0.542693573375
8.36   0.550619851223   0.542693573375
8.456   0.550619851223   0.542693573375
8.552   0.550619851223   0.542693573375
8.648   0.550619851223   0.542693573375
8.744   0.550619851223   0.542693573375
8.84   0.550619851223   0.542693573375
8.936   0.550619851223   0.542693573375
9.032   0.550619851223   0.542693573375
9.128   0.550619851223   0.542693573375
9.224   0.550619851223   0.542693573375
9.32   0.550619851223   0.542693573375
9.416   0.550619851223   0.542693573375
9.512   0.550619851223   0.542693573375
9.608   0.550619851223   0.542693573375
9.704   0.550619851223   0.542693573375
