0.2   0.565219382529   0.432069566671
0.296   0.561998687754   0.474403065605
0.392   0.559325724577   0.501523664196
0.488   0.557189080898   0.518789538921
0.584   0.555563672604   0.529285828913
0.68   0.55440538718   0.535352371749
0.776   0.553644940087   0.538740764432
0.872   0.553188637737   0.540591465437
0.968   0.552936864211   0.541584836434
1.064   0.552806772227   0.542111226314
1.16   0.552741931749   0.542388142347
1.256   0.552710547487   0.54253349481
1.352   0.552695547872   0.542609553116
1.448   0.552688426125   0.542649475722
1.544   0.552685056081   0.542670420327
1.64   0.552683464044   0.542681413833
1.736   0.552682712583   0.542687186263
1.832   0.552682358031   0.542690217991
1.928   0.552682190782   0.542691810542
2.024   0.552682111895   0.542692647187
2.12   0.552682074688   0.542693086745
2.216   0.55268205714   0.54269331769
2.312   0.552682048863   0.542693439032
2.408   0.55268204496   0.542693502787
2.504   0.552682043119   0.542693536286
2.6   0.552682042251   0.542693553887
2.696   0.552682041841   0.542693563135
2.792   0.552682041648   0.542693567995
2.888   0.552682041557   0.542693570548
2.984   0.552682041514   0.542693571889
3.08   0.552682041494   0.542693572594
3.176   0.552682041484   0.542693572965
3.272   0.55268204148   0.542693573159
3.368   0.552682041478   0.542693573261
3.464   0.552682041477   0.542693573315
3.56   0.552682041476   0.542693573343
3.656   0.552682041476   0.542693573358
3.752   0.552682041476   0.542693573366
3.848   0.552682041476   0.54269357337
3.944   0.552682041476   0.542693573372
4.04   0.552682041476   0.542693573373
4.136   0.552682041476   0.542693573374
4.232   0.552682041476   0.542693573374
4.328   0.552682041476   0.542693573374
4.424   0.552682041476   0.542693573375
4.52   0.552682041476   0.542693573375
4.616   0.552682041476   0.542693573375
4.712   0.552682041476   0.542693573375
4.808   0.552682041476   0.542693573375
4.904   0.552682041476   0.542693573375
5.0   0.552682041476   0.542693573375
5.096   0.552682041476   0.542693573375
5.192   0.552682041476   0.542693573375
5.288   0.552682041476   0.542693573375
5.384   0.552682041476   0.542693573375
5.48   0.552682041476   0.542693573375
5.576   0.552682041476   0.542693573375
5.672   0.552682041476   0.542693573375
5.768   0.552682041476   0.542693573375
5.864   0.552682041476   0.542693573375
5.96   0.552682041476   0.542693573375
6.056   0.552682041476   0.542693573375
6.152   0.552682041476   0.542693573375
6.248   0.552682041476   0.542693573375
6.344   0.552682041476   0.542693573375
6.44   0.552682041476   0.542693573375
6.536   0.552682041476   0.542693573375
6.632   0.552682041476   0.542693573375
6.728   0.552682041476   0.542693573375
6.824   0.552682041476   0.542693573375
6.92   0.552682041476   0.542693573375
7.016   0.552682041476   0.542693573375
7.112   0.552682041476   0.542693573375
7.208   0.552682041476   0.542693573375
7.304   0.552682041476   0.542693573375
7.4   0.552682041476   0.542693573375
7.496   0.552682041476   0.542693573375
7.592   0.552682041476   0.542693573375
7.688   0.552682041476   0.542693573375
7.784   0.552682041476   0.542693573375
7.88   0.552682041476   0.542693573375
7.976   0.552682041476   0.542693573375
8.072   0.552682041476   0.542693573375
8.168   0.552682041476   0.542693573375
8.264   0.552682041476   0.542693573375
8.36   0.552682041476   0.542693573375
8.456   0.552682041476   0.542693573375
8.552   0.552682041476   0.542693573375
8.648   0.552682041476   0.542693573375
8.744   0.552682041476   0.542693573375
8.84   0.552682041476   0.542693573375
8.936   0.552682041476   0.542693573375
9.032   0.552682041476   0.542693573375
9.128   0.552682041476   0.542693573375
9.224   0.552682041476   0.542693573375
9.32   0.552682041476   0.542693573375
9.416   0.552682041476   0.542693573375
9.512   0.552682041476   0.542693573375
9.608   0.552682041476   0.542693573375
9.704   0.552682041476   0.542693573375
