0.2   0.562120046695   0.402516795521
0.296   0.557566192614   0.442318765315
0.392   0.55370393747   0.469574978614
0.488   0.550532116295   0.488449707882
0.584   0.548029448842   0.501328027943
0.68   0.546151147552   0.509866312294
0.776   0.54482380895   0.515346342933
0.872   0.543946197132   0.518758496589
0.968   0.543402384992   0.520829379721
1.064   0.543083542592   0.522062015501
1.16   0.542904281857   0.522786220792
1.256   0.542806012136   0.523208486291
1.352   0.542753171419   0.523453831248
1.448   0.542725041398   0.523596114301
1.544   0.542710152425   0.523678595471
1.64   0.542702297498   0.523726411361
1.736   0.542698161041   0.523754136439
1.832   0.542695984951   0.523770215722
1.928   0.542694840799   0.523779542714
2.024   0.542694239406   0.52378495374
2.12   0.542693923353   0.52378809326
2.216   0.542693757271   0.52378991497
2.312   0.542693670002   0.523790972071
2.408   0.542693624146   0.523791585507
2.504   0.542693600052   0.52379194149
2.6   0.542693587392   0.523792148075
2.696   0.54269358074   0.523792267961
2.792   0.542693577244   0.523792337535
2.888   0.542693575408   0.52379237791
2.984   0.542693574443   0.523792401341
3.08   0.542693573936   0.523792414939
3.176   0.54269357367   0.523792422831
3.272   0.54269357353   0.52379242741
3.368   0.542693573456   0.523792430068
3.464   0.542693573417   0.52379243161
3.56   0.542693573397   0.523792432505
3.656   0.542693573386   0.523792433025
3.752   0.542693573381   0.523792433326
3.848   0.542693573378   0.523792433501
3.944   0.542693573376   0.523792433603
4.04   0.542693573376   0.523792433662
4.136   0.542693573375   0.523792433696
4.232   0.542693573375   0.523792433716
4.328   0.542693573375   0.523792433727
4.424   0.542693573375   0.523792433734
4.52   0.542693573375   0.523792433738
4.616   0.542693573375   0.52379243374
4.712   0.542693573375   0.523792433741
4.808   0.542693573375   0.523792433742
4.904   0.542693573375   0.523792433742
5.0   0.542693573375   0.523792433743
5.096   0.542693573375   0.523792433743
5.192   0.542693573375   0.523792433743
5.288   0.542693573375   0.523792433743
5.384   0.542693573375   0.523792433743
5.48   0.542693573375   0.523792433743
5.576   0.542693573375   0.523792433743
5.672   0.542693573375   0.523792433743
5.768   0.542693573375   0.523792433743
5.864   0.542693573375   0.523792433743
5.96   0.542693573375   0.523792433743
6.056   0.542693573375   0.523792433743
6.152   0.542693573375   0.523792433743
6.248   0.542693573375   0.523792433743
6.344   0.542693573375   0.523792433743
6.44   0.542693573375   0.523792433743
6.536   0.542693573375   0.523792433743
6.632   0.542693573375   0.523792433743
6.728   0.542693573375   0.523792433743
6.824   0.542693573375   0.523792433743
6.92   0.542693573375   0.523792433743
7.016   0.542693573375   0.523792433743
7.112   0.542693573375   0.523792433743
7.208   0.542693573375   0.523792433743
7.304   0.542693573375   0.523792433743
7.4   0.542693573375   0.523792433743
7.496   0.542693573375   0.523792433743
7.592   0.542693573375   0.523792433743
7.688   0.542693573375   0.523792433743
7.784   0.542693573375   0.523792433743
7.88   0.542693573375   0.523792433743
7.976   0.542693573375   0.523792433743
8.072   0.542693573375   0.523792433743
8.168   0.542693573375   0.523792433743
8.264   0.542693573375   0.523792433743
8.36   0.542693573375   0.523792433743
8.456   0.542693573375   0.523792433743
8.552   0.542693573375   0.523792433743
8.648   0.542693573375   0.523792433743
8.744   0.542693573375   0.523792433743
8.84   0.542693573375   0.523792433743
8.936   0.542693573375   0.523792433743
9.032   0.542693573375   0.523792433743
9.128   0.542693573375   0.523792433743
9.224   0.542693573375   0.523792433743
9.32   0.542693573375   0.523792433743
9.416   0.542693573375   0.523792433743
9.512   0.542693573375   0.523792433743
9.608   0.542693573375   0.523792433743
9.704   0.542693573375   0.523792433743
