0.2   0.566962212095   0.46081229441
0.296   0.56477526956   0.494934912399
0.392   0.563252113541   0.516330258594
0.488   0.562318245544   0.528952720497
0.584   0.561822924211   0.535755114982
0.68   0.561592089143   0.539204108034
0.776   0.561493964489   0.540923425541
0.872   0.561454113946   0.541786014015
0.968   0.561438415198   0.54222436347
1.064   0.561432297468   0.542449517028
1.16   0.561429924808   0.542566127718
1.256   0.561429006507   0.542626856763
1.352   0.561428651404   0.542658594963
1.448   0.561428514137   0.5426752181
1.544   0.561428461083   0.542683936077
1.64   0.56142844058   0.542688511792
1.736   0.561428432656   0.542690914509
1.832   0.561428429594   0.542692176517
1.928   0.56142842841   0.54269283948
2.024   0.561428427953   0.542693187781
2.12   0.561428427776   0.542693370777
2.216   0.561428427708   0.542693466925
2.312   0.561428427682   0.542693517443
2.408   0.561428427671   0.542693543987
2.504   0.561428427668   0.542693557933
2.6   0.561428427666   0.542693565261
2.696   0.561428427665   0.542693569112
2.792   0.561428427665   0.542693571135
2.888   0.561428427665   0.542693572198
2.984   0.561428427665   0.542693572756
3.08   0.561428427665   0.54269357305
3.176   0.561428427665   0.542693573204
3.272   0.561428427665   0.542693573285
3.368   0.561428427665   0.542693573328
3.464   0.561428427665   0.54269357335
3.56   0.561428427665   0.542693573362
3.656   0.561428427665   0.542693573368
3.752   0.561428427665   0.542693573371
3.848   0.561428427665   0.542693573373
3.944   0.561428427665   0.542693573374
4.04   0.561428427665   0.542693573374
4.136   0.561428427665   0.542693573374
4.232   0.561428427665   0.542693573375
4.328   0.561428427665   0.542693573375
4.424   0.561428427665   0.542693573375
4.52   0.561428427665   0.542693573375
4.616   0.561428427665   0.542693573375
4.712   0.561428427665   0.542693573375
4.808   0.561428427665   0.542693573375
4.904   0.561428427665   0.542693573375
5.0   0.561428427665   0.542693573375
5.096   0.561428427665   0.542693573375
5.192   0.561428427665   0.542693573375
5.288   0.561428427665   0.542693573375
5.384   0.561428427665   0.542693573375
5.48   0.561428427665   0.542693573375
5.576   0.561428427665   0.542693573375
5.672   0.561428427665   0.542693573375
5.768   0.561428427665   0.542693573375
5.864   0.561428427665   0.542693573375
5.96   0.561428427665   0.542693573375
6.056   0.561428427665   0.542693573375
6.152   0.561428427665   0.542693573375
6.248   0.561428427665   0.542693573375
6.344   0.561428427665   0.542693573375
6.44   0.561428427665   0.542693573375
6.536   0.561428427665   0.542693573375
6.632   0.561428427665   0.542693573375
6.728   0.561428427665   0.542693573375
6.824   0.561428427665   0.542693573375
6.92   0.561428427665   0.542693573375
7.016   0.561428427665   0.542693573375
7.112   0.561428427665   0.542693573375
7.208   0.561428427665   0.542693573375
7.304   0.561428427665   0.542693573375
7.4   0.561428427665   0.542693573375
7.496   0.561428427665   0.542693573375
7.592   0.561428427665   0.542693573375
7.688   0.561428427665   0.542693573375
7.784   0.561428427665   0.542693573375
7.88   0.561428427665   0.542693573375
7.976   0.561428427665   0.542693573375
8.072   0.561428427665   0.542693573375
8.168   0.561428427665   0.542693573375
8.264   0.561428427665   0.542693573375
8.36   0.561428427665   0.542693573375
8.456   0.561428427665   0.542693573375
8.552   0.561428427665   0.542693573375
8.648   0.561428427665   0.542693573375
8.744   0.561428427665   0.542693573375
8.84   0.561428427665   0.542693573375
8.936   0.561428427665   0.542693573375
9.032   0.561428427665   0.542693573375
9.128   0.561428427665   0.542693573375
9.224   0.561428427665   0.542693573375
9.32   0.561428427665   0.542693573375
9.416   0.561428427665   0.542693573375
9.512   0.561428427665   0.542693573375
9.608   0.561428427665   0.542693573375
9.704   0.561428427665   0.542693573375
