0.2   0.563083414415   0.410155143545
0.296   0.55886646654   0.452370551301
0.392   0.555231246419   0.480649861978
0.488   0.552162994225   0.499868561557
0.584   0.549633131624   0.512744292194
0.68   0.547603375897   0.521159847925
0.776   0.546028460684   0.526546653419
0.872   0.544857147417   0.529945742994
0.968   0.544030955765   0.532060652047
1.064   0.543482729281   0.533351075508
1.16   0.543141322487   0.534119398366
1.256   0.54294083029   0.534565690802
1.352   0.542827073718   0.534819813929
1.448   0.542764812014   0.534962621357
1.544   0.542731328402   0.535042183587
1.64   0.542713505301   0.535086320616
1.736   0.542704073347   0.535110748499
1.832   0.542699098136   0.535124251814
1.928   0.542696478461   0.535131711662
2.024   0.542695100423   0.535135831607
2.12   0.54269437591   0.535138106668
2.216   0.542693995101   0.535139362894
2.312   0.542693794977   0.535140056531
2.408   0.542693689815   0.535140439524
2.504   0.542693634557   0.535140650995
2.6   0.542693605522   0.535140767759
2.696   0.542693590266   0.535140832231
2.792   0.54269358225   0.535140867829
2.888   0.542693578038   0.535140887485
2.984   0.542693575825   0.535140898338
3.08   0.542693574662   0.53514090433
3.176   0.542693574051   0.535140907639
3.272   0.54269357373   0.535140909466
3.368   0.542693573561   0.535140910475
3.464   0.542693573473   0.535140911032
3.56   0.542693573426   0.535140911339
3.656   0.542693573402   0.535140911509
3.752   0.542693573389   0.535140911603
3.848   0.542693573382   0.535140911655
3.944   0.542693573379   0.535140911683
4.04   0.542693573377   0.535140911699
4.136   0.542693573376   0.535140911708
4.232   0.542693573375   0.535140911712
4.328   0.542693573375   0.535140911715
4.424   0.542693573375   0.535140911717
4.52   0.542693573375   0.535140911717
4.616   0.542693573375   0.535140911718
4.712   0.542693573375   0.535140911718
4.808   0.542693573375   0.535140911718
4.904   0.542693573375   0.535140911718
5.0   0.542693573375   0.535140911718
5.096   0.542693573375   0.535140911718
5.192   0.542693573375   0.535140911718
5.288   0.542693573375   0.535140911718
5.384   0.542693573375   0.535140911718
5.48   0.542693573375   0.535140911718
5.576   0.542693573375   0.535140911718
5.672   0.542693573375   0.535140911718
5.768   0.542693573375   0.535140911718
5.864   0.542693573375   0.535140911718
5.96   0.542693573375   0.535140911718
6.056   0.542693573375   0.535140911718
6.152   0.542693573375   0.535140911718
6.248   0.542693573375   0.535140911718
6.344   0.542693573375   0.535140911718
6.44   0.542693573375   0.535140911718
6.536   0.542693573375   0.535140911718
6.632   0.542693573375   0.535140911718
6.728   0.542693573375   0.535140911718
6.824   0.542693573375   0.535140911718
6.92   0.542693573375   0.535140911718
7.016   0.542693573375   0.535140911718
7.112   0.542693573375   0.535140911718
7.208   0.542693573375   0.535140911718
7.304   0.542693573375   0.535140911718
7.4   0.542693573375   0.535140911718
7.496   0.542693573375   0.535140911718
7.592   0.542693573375   0.535140911718
7.688   0.542693573375   0.535140911718
7.784   0.542693573375   0.535140911718
7.88   0.542693573375   0.535140911718
7.976   0.542693573375   0.535140911718
8.072   0.542693573375   0.535140911718
8.168   0.542693573375   0.535140911718
8.264   0.542693573375   0.535140911718
8.36   0.542693573375   0.535140911718
8.456   0.542693573375   0.535140911718
8.552   0.542693573375   0.535140911718
8.648   0.542693573375   0.535140911718
8.744   0.542693573375   0.535140911718
8.84   0.542693573375   0.535140911718
8.936   0.542693573375   0.535140911718
9.032   0.542693573375   0.535140911718
9.128   0.542693573375   0.535140911718
9.224   0.542693573375   0.535140911718
9.32   0.542693573375   0.535140911718
9.416   0.542693573375   0.535140911718
9.512   0.542693573375   0.535140911718
9.608   0.542693573375   0.535140911718
9.704   0.542693573375   0.535140911718
