0.2   0.563781708996   0.425632488636
0.296   0.559873285055   0.464997491279
0.392   0.556510407172   0.491399875088
0.488   0.553667640687   0.509207032063
0.584   0.551305496866   0.520956120343
0.68   0.549375056094   0.528507516689
0.776   0.547822036661   0.533304980329
0.872   0.546590886414   0.536371815982
0.968   0.545628016079   0.538365175277
1.064   0.54488413631   0.539686252382
1.16   0.544315681605   0.54057782467
1.256   0.543885426992   0.541188659277
1.352   0.543562473741   0.541612739344
1.448   0.543321803027   0.541909825995
1.544   0.54314396074   0.542119023808
1.64   0.543012765748   0.542268933268
1.736   0.54291675391   0.542372936355
1.832   0.542846972677   0.542449075101
1.928   0.542796721932   0.542502183185
2.024   0.542767547146   0.542540565741
2.12   0.542743507211   0.542629421215
2.216   0.542726202839   0.542718781049
2.312   0.542714319989   0.542711882545
2.408   0.542706422167   0.54270555101
2.504   0.542701331594   0.54270100155
2.6   0.542698148399   0.54269801843
2.696   0.542696214757   0.542696162309
2.792   0.542695070764   0.542695049284
2.888   0.542694409351   0.542694400477
2.984   0.542694034281   0.542694030598
3.08   0.54269382494   0.542693823407
3.176   0.542693709581   0.542693708942
3.272   0.542693646654   0.542693646388
3.368   0.542693612602   0.542693612491
3.464   0.542693594291   0.542693594245
3.56   0.542693584493   0.542693584474
3.656   0.54269357927   0.542693579262
3.752   0.542693576495   0.542693576492
3.848   0.542693575024   0.542693575022
3.944   0.542693574245   0.542693574244
4.04   0.542693573834   0.542693573833
4.136   0.542693573616   0.542693573616
4.232   0.542693573502   0.542693573502
4.328   0.542693573442   0.542693573442
4.424   0.54269357341   0.54269357341
4.52   0.542693573393   0.542693573393
4.616   0.542693573384   0.542693573384
4.712   0.54269357338   0.54269357338
4.808   0.542693573377   0.542693573377
4.904   0.542693573376   0.542693573376
5.0   0.542693573375   0.542693573375
5.096   0.542693573375   0.542693573375
5.192   0.542693573375   0.542693573375
5.288   0.542693573375   0.542693573375
5.384   0.542693573375   0.542693573375
5.48   0.542693573375   0.542693573375
5.576   0.542693573375   0.542693573375
5.672   0.542693573375   0.542693573375
5.768   0.542693573375   0.542693573375
5.864   0.542693573375   0.542693573375
5.96   0.542693573375   0.542693573375
6.056   0.542693573375   0.542693573375
6.152   0.542693573375   0.542693573375
6.248   0.542693573375   0.542693573375
6.344   0.542693573375   0.542693573375
6.44   0.542693573375   0.542693573375
6.536   0.542693573375   0.542693573375
6.632   0.542693573375   0.542693573375
6.728   0.542693573375   0.542693573375
6.824   0.542693573375   0.542693573375
6.92   0.542693573375   0.542693573375
7.016   0.542693573375   0.542693573375
7.112   0.542693573375   0.542693573375
7.208   0.542693573375   0.542693573375
7.304   0.542693573375   0.542693573375
7.4   0.542693573375   0.542693573375
7.496   0.542693573375   0.542693573375
7.592   0.542693573375   0.542693573375
7.688   0.542693573375   0.542693573375
7.784   0.542693573375   0.542693573375
7.88   0.542693573375   0.542693573375
7.976   0.542693573375   0.542693573375
8.072   0.542693573375   0.542693573375
8.168   0.542693573375   0.542693573375
8.264   0.542693573375   0.542693573375
8.36   0.542693573375   0.542693573375
8.456   0.542693573375   0.542693573375
8.552   0.542693573375   0.542693573375
8.648   0.542693573375   0.542693573375
8.744   0.542693573375   0.542693573375
8.84   0.542693573375   0.542693573375
8.936   0.542693573375   0.542693573375
9.032   0.542693573375   0.542693573375
9.128   0.542693573375   0.542693573375
9.224   0.542693573375   0.542693573375
9.32   0.542693573375   0.542693573375
9.416   0.542693573375   0.542693573375
9.512   0.542693573375   0.542693573375
9.608   0.542693573375   0.542693573375
9.704   0.542693573375   0.542693573375
