0.2   0.561403245222   -0.700000002628
0.296   0.556622001732   -0.7
0.392   0.552643715398   0.446692800565
0.488   0.549476423438   0.470418411052
0.584   0.547088445792   0.484543297345
0.68   0.545399282617   0.493922479552
0.776   0.544283551493   0.499965950754
0.872   0.543593096036   0.503756801642
0.968   0.543188557118   0.506088390857
1.064   0.54296107283   0.507505145981
1.16   0.54283637673   0.508360516759
1.256   0.542769291146   0.508875793163
1.352   0.542733562042   0.509185886937
1.448   0.542714644833   0.50937256478
1.544   0.542704662559   0.509485013721
1.64   0.542699405087   0.509552791277
1.736   0.542696639015   0.509593665133
1.832   0.542695184583   0.509618324667
1.928   0.542694420076   0.509633206541
2.024   0.542694018292   0.50964218964
2.12   0.542693807158   0.509647612916
2.216   0.542693696214   0.509650887404
2.312   0.542693637919   0.50965286463
2.408   0.542693607289   0.50965405859
2.504   0.542693591194   0.509654779593
2.6   0.542693582738   0.509655214998
2.696   0.542693578294   0.509655477938
2.792   0.54269357596   0.509655636728
2.888   0.542693574733   0.509655732622
2.984   0.542693574088   0.509655790533
3.08   0.54269357375   0.509655825506
3.176   0.542693573572   0.509655846627
3.272   0.542693573478   0.509655859382
3.368   0.542693573429   0.509655867085
3.464   0.542693573403   0.509655871737
3.56   0.54269357339   0.509655874546
3.656   0.542693573383   0.509655876242
3.752   0.542693573379   0.509655877267
3.848   0.542693573377   0.509655877886
3.944   0.542693573376   0.509655878259
4.04   0.542693573375   0.509655878485
4.136   0.542693573375   0.509655878621
4.232   0.542693573375   0.509655878704
4.328   0.542693573375   0.509655878753
4.424   0.542693573375   0.509655878783
4.52   0.542693573375   0.509655878801
4.616   0.542693573375   0.509655878812
4.712   0.542693573375   0.509655878819
4.808   0.542693573375   0.509655878823
4.904   0.542693573375   0.509655878825
5.0   0.542693573375   0.509655878827
5.096   0.542693573375   0.509655878828
5.192   0.542693573375   0.509655878828
5.288   0.542693573375   0.509655878829
5.384   0.542693573375   0.509655878829
5.48   0.542693573375   0.509655878829
5.576   0.542693573375   0.509655878829
5.672   0.542693573375   0.509655878829
5.768   0.542693573375   0.509655878829
5.864   0.542693573375   0.509655878829
5.96   0.542693573375   0.509655878829
6.056   0.542693573375   0.509655878829
6.152   0.542693573375   0.509655878829
6.248   0.542693573375   0.509655878829
6.344   0.542693573375   0.509655878829
6.44   0.542693573375   0.509655878829
6.536   0.542693573375   0.509655878829
6.632   0.542693573375   0.509655878829
6.728   0.542693573375   0.509655878829
6.824   0.542693573375   0.509655878829
6.92   0.542693573375   0.509655878829
7.016   0.542693573375   0.509655878829
7.112   0.542693573375   0.509655878829
7.208   0.542693573375   0.509655878829
7.304   0.542693573375   0.509655878829
7.4   0.542693573375   0.509655878829
7.496   0.542693573375   0.509655878829
7.592   0.542693573375   0.509655878829
7.688   0.542693573375   0.509655878829
7.784   0.542693573375   0.509655878829
7.88   0.542693573375   0.509655878829
7.976   0.542693573375   0.509655878829
8.072   0.542693573375   0.509655878829
8.168   0.542693573375   0.509655878829
8.264   0.542693573375   0.509655878829
8.36   0.542693573375   0.509655878829
8.456   0.542693573375   0.509655878829
8.552   0.542693573375   0.509655878829
8.648   0.542693573375   0.509655878829
8.744   0.542693573375   0.509655878829
8.84   0.542693573375   0.509655878829
8.936   0.542693573375   0.509655878829
9.032   0.542693573375   0.509655878829
9.128   0.542693573375   0.509655878829
9.224   0.542693573375   0.509655878829
9.32   0.542693573375   0.509655878829
9.416   0.542693573375   0.509655878829
9.512   0.542693573375   0.509655878829
9.608   0.542693573375   0.509655878829
9.704   0.542693573375   0.509655878829
