0.2   0.563984611401   0.414810616405
0.296   0.560140247483   0.459564393948
0.392   0.5568234702   0.488766151104
0.488   0.554012999962   0.508094765902
0.584   0.551673186711   0.52064695591
0.68   0.549758405016   0.528593602438
0.776   0.548217039569   0.533572838652
0.872   0.546995611101   0.536718763248
0.968   0.546042128656   0.538743422632
1.064   0.545308585697   0.540072890409
1.16   0.544752542304   0.540960677105
1.256   0.544337856074   0.541559918305
1.352   0.544034945791   0.541965977175
1.448   0.543819015075   0.542238989302
1.544   0.543670740962   0.542418818635
1.64   0.543573634443   0.542533305529
1.736   0.543515594022   0.542602678064
1.832   0.543479355123   0.542643112221
1.928   0.543458831673   0.542666013658
2.024   0.543447625   0.542678711924
2.12   0.543441627284   0.542685635386
2.216   0.543438453275   0.542689361296
2.312   0.54343678386   0.542691347737
2.408   0.543435908691   0.542692400313
2.504   0.543435450696   0.542692955974
2.6   0.543435211237   0.542693248682
2.696   0.5434350861   0.54269340269
2.792   0.543435020721   0.542693483669
2.888   0.543434986569   0.542693526235
2.984   0.543434968729   0.542693548604
3.08   0.543434959411   0.542693560359
3.176   0.543434954544   0.542693566536
3.272   0.543434952002   0.542693569781
3.368   0.543434950674   0.542693571487
3.464   0.543434949981   0.542693572383
3.56   0.543434949619   0.542693572853
3.656   0.54343494943   0.542693573101
3.752   0.543434949331   0.542693573231
3.848   0.543434949279   0.542693573299
3.944   0.543434949252   0.542693573335
4.04   0.543434949238   0.542693573354
4.136   0.543434949231   0.542693573364
4.232   0.543434949227   0.542693573369
4.328   0.543434949225   0.542693573372
4.424   0.543434949224   0.542693573373
4.52   0.543434949223   0.542693573374
4.616   0.543434949223   0.542693573374
4.712   0.543434949223   0.542693573374
4.808   0.543434949223   0.542693573375
4.904   0.543434949223   0.542693573375
5.0   0.543434949223   0.542693573375
5.096   0.543434949223   0.542693573375
5.192   0.543434949223   0.542693573375
5.288   0.543434949223   0.542693573375
5.384   0.543434949223   0.542693573375
5.48   0.543434949223   0.542693573375
5.576   0.543434949223   0.542693573375
5.672   0.543434949223   0.542693573375
5.768   0.543434949223   0.542693573375
5.864   0.543434949223   0.542693573375
5.96   0.543434949223   0.542693573375
6.056   0.543434949223   0.542693573375
6.152   0.543434949223   0.542693573375
6.248   0.543434949223   0.542693573375
6.344   0.543434949223   0.542693573375
6.44   0.543434949223   0.542693573375
6.536   0.543434949223   0.542693573375
6.632   0.543434949223   0.542693573375
6.728   0.543434949223   0.542693573375
6.824   0.543434949223   0.542693573375
6.92   0.543434949223   0.542693573375
7.016   0.543434949223   0.542693573375
7.112   0.543434949223   0.542693573375
7.208   0.543434949223   0.542693573375
7.304   0.543434949223   0.542693573375
7.4   0.543434949223   0.542693573375
7.496   0.543434949223   0.542693573375
7.592   0.543434949223   0.542693573375
7.688   0.543434949223   0.542693573375
7.784   0.543434949223   0.542693573375
7.88   0.543434949223   0.542693573375
7.976   0.543434949223   0.542693573375
8.072   0.543434949223   0.542693573375
8.168   0.543434949223   0.542693573375
8.264   0.543434949223   0.542693573375
8.36   0.543434949223   0.542693573375
8.456   0.543434949223   0.542693573375
8.552   0.543434949223   0.542693573375
8.648   0.543434949223   0.542693573375
8.744   0.543434949223   0.542693573375
8.84   0.543434949223   0.542693573375
8.936   0.543434949223   0.542693573375
9.032   0.543434949223   0.542693573375
9.128   0.543434949223   0.542693573375
9.224   0.543434949223   0.542693573375
9.32   0.543434949223   0.542693573375
9.416   0.543434949223   0.542693573375
9.512   0.543434949223   0.542693573375
9.608   0.543434949223   0.542693573375
9.704   0.543434949223   0.542693573375
