0.2   0.563053008191   0.411335522982
0.296   0.558826827011   0.452936773878
0.392   0.555185767369   0.480892135814
0.488   0.552114817928   0.499930659458
0.584   0.549585199208   0.512706747292
0.68   0.54755844457   0.52106847302
0.776   0.545989000043   0.526425500918
0.872   0.544825027413   0.529806209944
0.968   0.54400698072   0.531908146265
1.064   0.543466393308   0.533188924301
1.16   0.543131076972   0.533950377093
1.256   0.542934773043   0.534392191883
1.352   0.542823680082   0.534643637974
1.448   0.542762962533   0.534784941435
1.544   0.542730336629   0.534863700355
1.64   0.542712978331   0.534907420879
1.736   0.542703794769   0.5349316377
1.832   0.54269895128   0.534945036164
1.928   0.542696401161   0.534952444949
2.024   0.542695059768   0.534956540583
2.12   0.542694354538   0.534958804398
2.216   0.542693983869   0.534960055629
2.312   0.542693789074   0.534960747179
2.408   0.542693686713   0.534961129394
2.504   0.542693632927   0.534961340641
2.6   0.542693604666   0.534961457396
2.696   0.542693589816   0.534961521925
2.792   0.542693582013   0.53496155759
2.888   0.542693577914   0.534961577302
2.984   0.54269357576   0.534961588196
3.08   0.542693574628   0.534961594218
3.176   0.542693574033   0.534961597546
3.272   0.542693573721   0.534961599385
3.368   0.542693573556   0.534961600402
3.464   0.54269357347   0.534961600964
3.56   0.542693573425   0.534961601274
3.656   0.542693573401   0.534961601446
3.752   0.542693573389   0.534961601541
3.848   0.542693573382   0.534961601593
3.944   0.542693573378   0.534961601622
4.04   0.542693573377   0.534961601638
4.136   0.542693573376   0.534961601647
4.232   0.542693573375   0.534961601652
4.328   0.542693573375   0.534961601655
4.424   0.542693573375   0.534961601656
4.52   0.542693573375   0.534961601657
4.616   0.542693573375   0.534961601657
4.712   0.542693573375   0.534961601658
4.808   0.542693573375   0.534961601658
4.904   0.542693573375   0.534961601658
5.0   0.542693573375   0.534961601658
5.096   0.542693573375   0.534961601658
5.192   0.542693573375   0.534961601658
5.288   0.542693573375   0.534961601658
5.384   0.542693573375   0.534961601658
5.48   0.542693573375   0.534961601658
5.576   0.542693573375   0.534961601658
5.672   0.542693573375   0.534961601658
5.768   0.542693573375   0.534961601658
5.864   0.542693573375   0.534961601658
5.96   0.542693573375   0.534961601658
6.056   0.542693573375   0.534961601658
6.152   0.542693573375   0.534961601658
6.248   0.542693573375   0.534961601658
6.344   0.542693573375   0.534961601658
6.44   0.542693573375   0.534961601658
6.536   0.542693573375   0.534961601658
6.632   0.542693573375   0.534961601658
6.728   0.542693573375   0.534961601658
6.824   0.542693573375   0.534961601658
6.92   0.542693573375   0.534961601658
7.016   0.542693573375   0.534961601658
7.112   0.542693573375   0.534961601658
7.208   0.542693573375   0.534961601658
7.304   0.542693573375   0.534961601658
7.4   0.542693573375   0.534961601658
7.496   0.542693573375   0.534961601658
7.592   0.542693573375   0.534961601658
7.688   0.542693573375   0.534961601658
7.784   0.542693573375   0.534961601658
7.88   0.542693573375   0.534961601658
7.976   0.542693573375   0.534961601658
8.072   0.542693573375   0.534961601658
8.168   0.542693573375   0.534961601658
8.264   0.542693573375   0.534961601658
8.36   0.542693573375   0.534961601658
8.456   0.542693573375   0.534961601658
8.552   0.542693573375   0.534961601658
8.648   0.542693573375   0.534961601658
8.744   0.542693573375   0.534961601658
8.84   0.542693573375   0.534961601658
8.936   0.542693573375   0.534961601658
9.032   0.542693573375   0.534961601658
9.128   0.542693573375   0.534961601658
9.224   0.542693573375   0.534961601658
9.32   0.542693573375   0.534961601658
9.416   0.542693573375   0.534961601658
9.512   0.542693573375   0.534961601658
9.608   0.542693573375   0.534961601658
9.704   0.542693573375   0.534961601658
