0.2   0.561975786734   0.388289010962
0.296   0.55736124579   0.432275212184
0.392   0.553457303099   0.461893043015
0.488   0.550270054872   0.482209478429
0.584   0.547780954786   0.495998075693
0.68   0.545940851417   0.505110916741
0.776   0.544664998845   0.510946338919
0.872   0.543838156295   0.514574967009
0.968   0.543335084708   0.516778789891
1.064   0.54304454545   0.518095274965
1.16   0.542882257861   0.518873773753
1.256   0.542794028411   0.519331686541
1.352   0.54274674972   0.519600476024
1.448   0.542721630168   0.519758091252
1.544   0.542708349244   0.519850577468
1.64   0.542701346925   0.519904831158
1.736   0.542697660682   0.519936677156
1.832   0.54269572179   0.519955376341
1.928   0.542694702453   0.51996635884
2.024   0.542694166694   0.519972810342
2.12   0.542693885142   0.519976600678
2.216   0.542693737192   0.519978827748
2.312   0.542693659451   0.519980136376
2.408   0.542693618602   0.519980905359
2.504   0.542693597139   0.519981357244
2.6   0.542693585861   0.519981622794
2.696   0.542693579935   0.519981778846
2.792   0.542693576822   0.519981870552
2.888   0.542693575186   0.519981924444
2.984   0.542693574326   0.519981956114
3.08   0.542693573875   0.519981974726
3.176   0.542693573637   0.519981985663
3.272   0.542693573513   0.519981992091
3.368   0.542693573447   0.519981995868
3.464   0.542693573413   0.519981998088
3.56   0.542693573395   0.519981999393
3.656   0.542693573385   0.519982000159
3.752   0.54269357338   0.51998200061
3.848   0.542693573378   0.519982000874
3.944   0.542693573376   0.51998200103
4.04   0.542693573375   0.519982001121
4.136   0.542693573375   0.519982001175
4.232   0.542693573375   0.519982001207
4.328   0.542693573375   0.519982001225
4.424   0.542693573375   0.519982001236
4.52   0.542693573375   0.519982001243
4.616   0.542693573375   0.519982001246
4.712   0.542693573375   0.519982001249
4.808   0.542693573375   0.51998200125
4.904   0.542693573375   0.519982001251
5.0   0.542693573375   0.519982001251
5.096   0.542693573375   0.519982001251
5.192   0.542693573375   0.519982001251
5.288   0.542693573375   0.519982001252
5.384   0.542693573375   0.519982001252
5.48   0.542693573375   0.519982001252
5.576   0.542693573375   0.519982001252
5.672   0.542693573375   0.519982001252
5.768   0.542693573375   0.519982001252
5.864   0.542693573375   0.519982001252
5.96   0.542693573375   0.519982001252
6.056   0.542693573375   0.519982001252
6.152   0.542693573375   0.519982001252
6.248   0.542693573375   0.519982001252
6.344   0.542693573375   0.519982001252
6.44   0.542693573375   0.519982001252
6.536   0.542693573375   0.519982001252
6.632   0.542693573375   0.519982001252
6.728   0.542693573375   0.519982001252
6.824   0.542693573375   0.519982001252
6.92   0.542693573375   0.519982001252
7.016   0.542693573375   0.519982001252
7.112   0.542693573375   0.519982001252
7.208   0.542693573375   0.519982001252
7.304   0.542693573375   0.519982001252
7.4   0.542693573375   0.519982001252
7.496   0.542693573375   0.519982001252
7.592   0.542693573375   0.519982001252
7.688   0.542693573375   0.519982001252
7.784   0.542693573375   0.519982001252
7.88   0.542693573375   0.519982001252
7.976   0.542693573375   0.519982001252
8.072   0.542693573375   0.519982001252
8.168   0.542693573375   0.519982001252
8.264   0.542693573375   0.519982001252
8.36   0.542693573375   0.519982001252
8.456   0.542693573375   0.519982001252
8.552   0.542693573375   0.519982001252
8.648   0.542693573375   0.519982001252
8.744   0.542693573375   0.519982001252
8.84   0.542693573375   0.519982001252
8.936   0.542693573375   0.519982001252
9.032   0.542693573375   0.519982001252
9.128   0.542693573375   0.519982001252
9.224   0.542693573375   0.519982001252
9.32   0.542693573375   0.519982001252
9.416   0.542693573375   0.519982001252
9.512   0.542693573375   0.519982001252
9.608   0.542693573375   0.519982001252
9.704   0.542693573375   0.519982001252
