0.2   0.565090048626   0.699999999998
0.296   0.561789007759   0.7
0.392   0.559023914451   0.496328838088
0.488   0.556782772178   0.517079680882
0.584   0.555041629477   0.528149112728
0.68   0.553762082155   0.534616391806
0.776   0.552886811443   0.538282147592
0.872   0.552336491165   0.540319127866
0.968   0.552018563734   0.541430390654
1.064   0.551847928481   0.542026633153
1.16   0.551760129585   0.542342751767
1.256   0.551716623624   0.542509356041
1.352   0.551695422525   0.542596863547
1.448   0.55168518254   0.54264279813
1.544   0.55168025954   0.542666909991
1.64   0.551677898331   0.542679569237
1.736   0.551676767178   0.542686217103
1.832   0.551676225616   0.542689708804
1.928   0.55167596641   0.542691543018
2.024   0.551675842365   0.542692506628
2.12   0.551675783007   0.542693012894
2.216   0.551675754604   0.542693278887
2.312   0.551675741014   0.542693418644
2.408   0.551675734511   0.542693492075
2.504   0.551675731399   0.542693530658
2.6   0.55167572991   0.54269355093
2.696   0.551675729198   0.542693561581
2.792   0.551675728857   0.542693567178
2.888   0.551675728694   0.542693570119
2.984   0.551675728616   0.542693571664
3.08   0.551675728578   0.542693572476
3.176   0.551675728561   0.542693572902
3.272   0.551675728552   0.542693573127
3.368   0.551675728548   0.542693573244
3.464   0.551675728546   0.542693573306
3.56   0.551675728545   0.542693573339
3.656   0.551675728545   0.542693573356
3.752   0.551675728544   0.542693573365
3.848   0.551675728544   0.542693573369
3.944   0.551675728544   0.542693573372
4.04   0.551675728544   0.542693573373
4.136   0.551675728544   0.542693573374
4.232   0.551675728544   0.542693573374
4.328   0.551675728544   0.542693573374
4.424   0.551675728544   0.542693573375
4.52   0.551675728544   0.542693573375
4.616   0.551675728544   0.542693573375
4.712   0.551675728544   0.542693573375
4.808   0.551675728544   0.542693573375
4.904   0.551675728544   0.542693573375
5.0   0.551675728544   0.542693573375
5.096   0.551675728544   0.542693573375
5.192   0.551675728544   0.542693573375
5.288   0.551675728544   0.542693573375
5.384   0.551675728544   0.542693573375
5.48   0.551675728544   0.542693573375
5.576   0.551675728544   0.542693573375
5.672   0.551675728544   0.542693573375
5.768   0.551675728544   0.542693573375
5.864   0.551675728544   0.542693573375
5.96   0.551675728544   0.542693573375
6.056   0.551675728544   0.542693573375
6.152   0.551675728544   0.542693573375
6.248   0.551675728544   0.542693573375
6.344   0.551675728544   0.542693573375
6.44   0.551675728544   0.542693573375
6.536   0.551675728544   0.542693573375
6.632   0.551675728544   0.542693573375
6.728   0.551675728544   0.542693573375
6.824   0.551675728544   0.542693573375
6.92   0.551675728544   0.542693573375
7.016   0.551675728544   0.542693573375
7.112   0.551675728544   0.542693573375
7.208   0.551675728544   0.542693573375
7.304   0.551675728544   0.542693573375
7.4   0.551675728544   0.542693573375
7.496   0.551675728544   0.542693573375
7.592   0.551675728544   0.542693573375
7.688   0.551675728544   0.542693573375
7.784   0.551675728544   0.542693573375
7.88   0.551675728544   0.542693573375
7.976   0.551675728544   0.542693573375
8.072   0.551675728544   0.542693573375
8.168   0.551675728544   0.542693573375
8.264   0.551675728544   0.542693573375
8.36   0.551675728544   0.542693573375
8.456   0.551675728544   0.542693573375
8.552   0.551675728544   0.542693573375
8.648   0.551675728544   0.542693573375
8.744   0.551675728544   0.542693573375
8.84   0.551675728544   0.542693573375
8.936   0.551675728544   0.542693573375
9.032   0.551675728544   0.542693573375
9.128   0.551675728544   0.542693573375
9.224   0.551675728544   0.542693573375
9.32   0.551675728544   0.542693573375
9.416   0.551675728544   0.542693573375
9.512   0.551675728544   0.542693573375
9.608   0.551675728544   0.542693573375
9.704   0.551675728544   0.542693573375
