0.2   0.561329359332   0.368320250432
0.296   0.556524814216   0.414751936467
0.392   0.552536222009   0.445847899079
0.488   0.54937255403   0.467143962658
0.584   0.546999777744   0.481618762606
0.68   0.545332013322   0.491225559233
0.776   0.544237680561   0.497419543568
0.872   0.543564448405   0.501311316897
0.968   0.543171787317   0.5037113259
1.064   0.542951659093   0.505174693454
1.16   0.542831245865   0.506061768097
1.256   0.542766538435   0.506598473346
1.352   0.542732098671   0.506922949773
1.448   0.542713870922   0.507119207324
1.544   0.542704254462   0.507237992157
1.64   0.542699190237   0.507309933831
1.736   0.542696526005   0.507353529142
1.832   0.542695125169   0.507379958428
1.928   0.542694388848   0.507395986053
2.024   0.542694001881   0.507405707971
2.12   0.542693798534   0.507411605961
2.216   0.542693691683   0.507415184485
2.312   0.542693635538   0.507417355866
2.408   0.542693606037   0.507418673485
2.504   0.542693590537   0.507419473059
2.6   0.542693582392   0.507419958276
2.696   0.542693578113   0.507420252732
2.792   0.542693575864   0.507420431425
2.888   0.542693574683   0.507420539868
2.984   0.542693574062   0.507420605678
3.08   0.542693573736   0.507420645616
3.176   0.542693573564   0.507420669853
3.272   0.542693573474   0.507420684561
3.368   0.542693573427   0.507420693488
3.464   0.542693573402   0.507420698905
3.56   0.542693573389   0.507420702192
3.656   0.542693573382   0.507420704187
3.752   0.542693573379   0.507420705398
3.848   0.542693573377   0.507420706133
3.944   0.542693573376   0.507420706579
4.04   0.542693573375   0.507420706849
4.136   0.542693573375   0.507420707013
4.232   0.542693573375   0.507420707113
4.328   0.542693573375   0.507420707174
4.424   0.542693573375   0.50742070721
4.52   0.542693573375   0.507420707233
4.616   0.542693573375   0.507420707246
4.712   0.542693573375   0.507420707254
4.808   0.542693573375   0.507420707259
4.904   0.542693573375   0.507420707262
5.0   0.542693573375   0.507420707264
5.096   0.542693573375   0.507420707265
5.192   0.542693573375   0.507420707266
5.288   0.542693573375   0.507420707266
5.384   0.542693573375   0.507420707267
5.48   0.542693573375   0.507420707267
5.576   0.542693573375   0.507420707267
5.672   0.542693573375   0.507420707267
5.768   0.542693573375   0.507420707267
5.864   0.542693573375   0.507420707267
5.96   0.542693573375   0.507420707267
6.056   0.542693573375   0.507420707267
6.152   0.542693573375   0.507420707267
6.248   0.542693573375   0.507420707267
6.344   0.542693573375   0.507420707267
6.44   0.542693573375   0.507420707267
6.536   0.542693573375   0.507420707267
6.632   0.542693573375   0.507420707267
6.728   0.542693573375   0.507420707267
6.824   0.542693573375   0.507420707267
6.92   0.542693573375   0.507420707267
7.016   0.542693573375   0.507420707267
7.112   0.542693573375   0.507420707267
7.208   0.542693573375   0.507420707267
7.304   0.542693573375   0.507420707267
7.4   0.542693573375   0.507420707267
7.496   0.542693573375   0.507420707267
7.592   0.542693573375   0.507420707267
7.688   0.542693573375   0.507420707267
7.784   0.542693573375   0.507420707267
7.88   0.542693573375   0.507420707267
7.976   0.542693573375   0.507420707267
8.072   0.542693573375   0.507420707267
8.168   0.542693573375   0.507420707267
8.264   0.542693573375   0.507420707267
8.36   0.542693573375   0.507420707267
8.456   0.542693573375   0.507420707267
8.552   0.542693573375   0.507420707267
8.648   0.542693573375   0.507420707267
8.744   0.542693573375   0.507420707267
8.84   0.542693573375   0.507420707267
8.936   0.542693573375   0.507420707267
9.032   0.542693573375   0.507420707267
9.128   0.542693573375   0.507420707267
9.224   0.542693573375   0.507420707267
9.32   0.542693573375   0.507420707267
9.416   0.542693573375   0.507420707267
9.512   0.542693573375   0.507420707267
9.608   0.542693573375   0.507420707267
9.704   0.542693573375   0.507420707267
