0.2   0.562080026497   0.390094122563
0.296   0.557498142079   0.434100712084
0.392   0.553611632312   0.463701446879
0.488   0.550425439868   0.48398680515
0.584   0.547921957964   0.497740266475
0.68   0.546056046365   0.506820924202
0.776   0.544749614146   0.512631195381
0.872   0.543894601782   0.516241479681
0.968   0.543369770114   0.518431447953
1.064   0.543064323752   0.519736847741
1.16   0.542893449246   0.52050638341
1.256   0.542800101115   0.520957262744
1.352   0.542749998869   0.52122076784
1.448   0.54272335467   0.521374572493
1.544   0.542709260401   0.521464359551
1.64   0.542701827137   0.521516777391
1.736   0.542697913421   0.521547391531
1.832   0.542695854708   0.521565276739
1.928   0.542694772326   0.521575728004
2.024   0.542694203418   0.521581836303
2.12   0.54269390444   0.521585406778
2.216   0.542693747333   0.521587494002
2.312   0.542693664779   0.521588714221
2.408   0.542693621402   0.521589427603
2.504   0.54269359861   0.521589844682
2.6   0.542693586634   0.521590088531
2.696   0.542693580342   0.521590231101
2.792   0.542693577035   0.521590314458
2.888   0.542693575298   0.521590363194
2.984   0.542693574385   0.521590391689
3.08   0.542693573906   0.521590408349
3.176   0.542693573654   0.521590418089
3.272   0.542693573521   0.521590423785
3.368   0.542693573452   0.521590427114
3.464   0.542693573415   0.521590429061
3.56   0.542693573396   0.5215904302
3.656   0.542693573386   0.521590430865
3.752   0.542693573381   0.521590431254
3.848   0.542693573378   0.521590431482
3.944   0.542693573376   0.521590431615
4.04   0.542693573376   0.521590431693
4.136   0.542693573375   0.521590431738
4.232   0.542693573375   0.521590431765
4.328   0.542693573375   0.52159043178
4.424   0.542693573375   0.521590431789
4.52   0.542693573375   0.521590431795
4.616   0.542693573375   0.521590431798
4.712   0.542693573375   0.521590431799
4.808   0.542693573375   0.521590431801
4.904   0.542693573375   0.521590431801
5.0   0.542693573375   0.521590431802
5.096   0.542693573375   0.521590431802
5.192   0.542693573375   0.521590431802
5.288   0.542693573375   0.521590431802
5.384   0.542693573375   0.521590431802
5.48   0.542693573375   0.521590431802
5.576   0.542693573375   0.521590431802
5.672   0.542693573375   0.521590431802
5.768   0.542693573375   0.521590431802
5.864   0.542693573375   0.521590431802
5.96   0.542693573375   0.521590431802
6.056   0.542693573375   0.521590431802
6.152   0.542693573375   0.521590431802
6.248   0.542693573375   0.521590431802
6.344   0.542693573375   0.521590431802
6.44   0.542693573375   0.521590431802
6.536   0.542693573375   0.521590431802
6.632   0.542693573375   0.521590431802
6.728   0.542693573375   0.521590431802
6.824   0.542693573375   0.521590431802
6.92   0.542693573375   0.521590431802
7.016   0.542693573375   0.521590431802
7.112   0.542693573375   0.521590431802
7.208   0.542693573375   0.521590431802
7.304   0.542693573375   0.521590431802
7.4   0.542693573375   0.521590431802
7.496   0.542693573375   0.521590431802
7.592   0.542693573375   0.521590431802
7.688   0.542693573375   0.521590431802
7.784   0.542693573375   0.521590431802
7.88   0.542693573375   0.521590431802
7.976   0.542693573375   0.521590431802
8.072   0.542693573375   0.521590431802
8.168   0.542693573375   0.521590431802
8.264   0.542693573375   0.521590431802
8.36   0.542693573375   0.521590431802
8.456   0.542693573375   0.521590431802
8.552   0.542693573375   0.521590431802
8.648   0.542693573375   0.521590431802
8.744   0.542693573375   0.521590431802
8.84   0.542693573375   0.521590431802
8.936   0.542693573375   0.521590431802
9.032   0.542693573375   0.521590431802
9.128   0.542693573375   0.521590431802
9.224   0.542693573375   0.521590431802
9.32   0.542693573375   0.521590431802
9.416   0.542693573375   0.521590431802
9.512   0.542693573375   0.521590431802
9.608   0.542693573375   0.521590431802
9.704   0.542693573375   0.521590431802
