0.2   0.569241071896   0.472011209594
0.296   0.568330839122   0.505057163848
0.392   0.567948747434   0.523929993049
0.488   0.567823154735   0.533680349859
0.584   0.567786509355   0.538335721291
0.68   0.567776719056   0.540536964501
0.776   0.567774144291   0.541603584643
0.872   0.567773470674   0.542134444321
0.968   0.567773294737   0.542404013421
1.064   0.567773248808   0.542542732462
1.16   0.567773236821   0.542614715978
1.256   0.567773233692   0.542652260692
1.352   0.567773232875   0.542671903128
1.448   0.567773232662   0.542682198191
1.544   0.567773232607   0.542687599801
1.64   0.567773232592   0.542690435656
1.736   0.567773232588   0.542691925012
1.832   0.567773232587   0.54269270736
1.928   0.567773232587   0.54269311837
2.024   0.567773232587   0.542693334309
2.12   0.567773232587   0.542693447764
2.216   0.567773232587   0.542693507376
2.312   0.567773232587   0.542693538697
2.408   0.567773232587   0.542693555154
2.504   0.567773232587   0.542693563801
2.6   0.567773232587   0.542693568344
2.696   0.567773232587   0.542693570732
2.792   0.567773232587   0.542693571986
2.888   0.567773232587   0.542693572645
2.984   0.567773232587   0.542693572991
3.08   0.567773232587   0.542693573173
3.176   0.567773232587   0.542693573269
3.272   0.567773232587   0.542693573319
3.368   0.567773232587   0.542693573345
3.464   0.567773232587   0.542693573359
3.56   0.567773232587   0.542693573367
3.656   0.567773232587   0.54269357337
3.752   0.567773232587   0.542693573372
3.848   0.567773232587   0.542693573373
3.944   0.567773232587   0.542693573374
4.04   0.567773232587   0.542693573374
4.136   0.567773232587   0.542693573374
4.232   0.567773232587   0.542693573375
4.328   0.567773232587   0.542693573375
4.424   0.567773232587   0.542693573375
4.52   0.567773232587   0.542693573375
4.616   0.567773232587   0.542693573375
4.712   0.567773232587   0.542693573375
4.808   0.567773232587   0.542693573375
4.904   0.567773232587   0.542693573375
5.0   0.567773232587   0.542693573375
5.096   0.567773232587   0.542693573375
5.192   0.567773232587   0.542693573375
5.288   0.567773232587   0.542693573375
5.384   0.567773232587   0.542693573375
5.48   0.567773232587   0.542693573375
5.576   0.567773232587   0.542693573375
5.672   0.567773232587   0.542693573375
5.768   0.567773232587   0.542693573375
5.864   0.567773232587   0.542693573375
5.96   0.567773232587   0.542693573375
6.056   0.567773232587   0.542693573375
6.152   0.567773232587   0.542693573375
6.248   0.567773232587   0.542693573375
6.344   0.567773232587   0.542693573375
6.44   0.567773232587   0.542693573375
6.536   0.567773232587   0.542693573375
6.632   0.567773232587   0.542693573375
6.728   0.567773232587   0.542693573375
6.824   0.567773232587   0.542693573375
6.92   0.567773232587   0.542693573375
7.016   0.567773232587   0.542693573375
7.112   0.567773232587   0.542693573375
7.208   0.567773232587   0.542693573375
7.304   0.567773232587   0.542693573375
7.4   0.567773232587   0.542693573375
7.496   0.567773232587   0.542693573375
7.592   0.567773232587   0.542693573375
7.688   0.567773232587   0.542693573375
7.784   0.567773232587   0.542693573375
7.88   0.567773232587   0.542693573375
7.976   0.567773232587   0.542693573375
8.072   0.567773232587   0.542693573375
8.168   0.567773232587   0.542693573375
8.264   0.567773232587   0.542693573375
8.36   0.567773232587   0.542693573375
8.456   0.567773232587   0.542693573375
8.552   0.567773232587   0.542693573375
8.648   0.567773232587   0.542693573375
8.744   0.567773232587   0.542693573375
8.84   0.567773232587   0.542693573375
8.936   0.567773232587   0.542693573375
9.032   0.567773232587   0.542693573375
9.128   0.567773232587   0.542693573375
9.224   0.567773232587   0.542693573375
9.32   0.567773232587   0.542693573375
9.416   0.567773232587   0.542693573375
9.512   0.567773232587   0.542693573375
9.608   0.567773232587   0.542693573375
9.704   0.567773232587   0.542693573375
