0.2   0.562150734372   -0.392804891636
0.296   0.557593338573   -0.436270980354
0.392   0.553721533914   -0.465556067318
0.488   0.55053867304   -0.485639153926
0.584   0.548027049136   -0.499257120998
0.68   0.546143780336   -0.508247350664
0.776   0.544815395789   -0.513999540753
0.872   0.543939172567   -0.51757358552
0.968   0.543397494558   -0.519740525276
1.064   0.543080506207   -0.521030502638
1.16   0.542902516875   -0.521789255272
1.256   0.542805035298   -0.522232498122
1.352   0.542752643129   -0.522490649479
1.448   0.542724759382   -0.522640777526
1.544   0.54271000296   -0.522728045818
1.64   0.542702218595   -0.522778797176
1.736   0.542698119478   -0.522808316538
1.832   0.542695963083   -0.522825490908
1.928   0.542694829301   -0.522835485131
2.024   0.542694233362   -0.52284130199
2.12   0.542693920177   -0.52284468793
2.216   0.542693755602   -0.522846659016
2.312   0.542693669124   -0.522847806523
2.408   0.542693623685   -0.522848474592
2.504   0.542693599809   -0.522848863546
2.6   0.542693587264   -0.52284909
2.696   0.542693580673   -0.522849221846
2.792   0.542693577209   -0.52284929861
2.888   0.542693575389   -0.522849343304
2.984   0.542693574433   -0.522849369326
3.08   0.542693573931   -0.522849384477
3.176   0.542693573667   -0.522849393298
3.272   0.542693573528   -0.522849398434
3.368   0.542693573455   -0.522849401424
3.464   0.542693573417   -0.522849403165
3.56   0.542693573397   -0.522849404179
3.656   0.542693573386   -0.522849404769
3.752   0.542693573381   -0.522849405113
3.848   0.542693573378   -0.522849405313
3.944   0.542693573376   -0.522849405429
4.04   0.542693573376   -0.522849405497
4.136   0.542693573375   -0.522849405537
4.232   0.542693573375   -0.52284940556
4.328   0.542693573375   -0.522849405573
4.424   0.542693573375   -0.522849405581
4.52   0.542693573375   -0.522849405585
4.616   0.542693573375   -0.522849405588
4.712   0.542693573375   -0.52284940559
4.808   0.542693573375   -0.52284940559
4.904   0.542693573375   -0.522849405591
5.0   0.542693573375   -0.522849405591
5.096   0.542693573375   -0.522849405591
5.192   0.542693573375   -0.522849405592
5.288   0.542693573375   -0.522849405592
5.384   0.542693573375   -0.522849405592
5.48   0.542693573375   -0.522849405592
5.576   0.542693573375   -0.522849405592
5.672   0.542693573375   -0.522849405592
5.768   0.542693573375   -0.522849405592
5.864   0.542693573375   -0.522849405592
5.96   0.542693573375   -0.522849405592
6.056   0.542693573375   -0.522849405592
6.152   0.542693573375   -0.522849405592
6.248   0.542693573375   -0.522849405592
6.344   0.542693573375   -0.522849405592
6.44   0.542693573375   -0.522849405592
6.536   0.542693573375   -0.522849405592
6.632   0.542693573375   -0.522849405592
6.728   0.542693573375   -0.522849405592
6.824   0.542693573375   -0.522849405592
6.92   0.542693573375   -0.522849405592
7.016   0.542693573375   -0.522849405592
7.112   0.542693573375   -0.522849405592
7.208   0.542693573375   -0.522849405592
7.304   0.542693573375   -0.522849405592
7.4   0.542693573375   -0.522849405592
7.496   0.542693573375   -0.522849405592
7.592   0.542693573375   -0.522849405592
7.688   0.542693573375   -0.522849405592
7.784   0.542693573375   -0.522849405592
7.88   0.542693573375   -0.522849405592
7.976   0.542693573375   -0.522849405592
8.072   0.542693573375   -0.522849405592
8.168   0.542693573375   -0.522849405592
8.264   0.542693573375   -0.522849405592
8.36   0.542693573375   -0.522849405592
8.456   0.542693573375   -0.522849405592
8.552   0.542693573375   -0.522849405592
8.648   0.542693573375   -0.522849405592
8.744   0.542693573375   -0.522849405592
8.84   0.542693573375   -0.522849405592
8.936   0.542693573375   -0.522849405592
9.032   0.542693573375   -0.522849405592
9.128   0.542693573375   -0.522849405592
9.224   0.542693573375   -0.522849405592
9.32   0.542693573375   -0.522849405592
9.416   0.542693573375   -0.522849405592
9.512   0.542693573375   -0.522849405592
9.608   0.542693573375   -0.522849405592
9.704   0.542693573375   -0.522849405592
