0.2   0.561898684898   0.400693932456
0.296   0.557277274842   0.439836937018
0.392   0.553379477655   0.466772440683
0.488   0.550205793428   0.485492064987
0.584   0.547732785407   0.498303415438
0.68   0.545907707133   0.506817928446
0.776   0.544643835144   0.512290962391
0.872   0.543825446673   0.515702245255
0.968   0.543327800795   0.517776274427
1.064   0.543040509128   0.519015222789
1.16   0.542880066812   0.519747275939
1.256   0.542792855009   0.520177275995
1.352   0.542746126392   0.520429231695
1.448   0.542721300613   0.520576717014
1.544   0.54270817548   0.520663006299
1.64   0.542701255446   0.520713531584
1.736   0.542697612564   0.520743118645
1.832   0.542695696493   0.520760449357
1.928   0.542694689156   0.520770603148
2.024   0.542694159706   0.520776553085
2.12   0.54269388147   0.520780040054
2.216   0.542693735263   0.520782083763
2.312   0.542693658437   0.520783281646
2.408   0.542693618069   0.520783983789
2.504   0.542693596859   0.520784395362
2.6   0.542693585714   0.520784636616
2.696   0.542693579858   0.520784778035
2.792   0.542693576781   0.520784860932
2.888   0.542693575165   0.520784909526
2.984   0.542693574315   0.520784938011
3.08   0.542693573869   0.520784954709
3.176   0.542693573634   0.520784964497
3.272   0.542693573511   0.520784970235
3.368   0.542693573446   0.520784973598
3.464   0.542693573412   0.52078497557
3.56   0.542693573394   0.520784976725
3.656   0.542693573385   0.520784977403
3.752   0.54269357338   0.5207849778
3.848   0.542693573378   0.520784978033
3.944   0.542693573376   0.520784978169
4.04   0.542693573375   0.520784978249
4.136   0.542693573375   0.520784978296
4.232   0.542693573375   0.520784978323
4.328   0.542693573375   0.52078497834
4.424   0.542693573375   0.520784978349
4.52   0.542693573375   0.520784978355
4.616   0.542693573375   0.520784978358
4.712   0.542693573375   0.52078497836
4.808   0.542693573375   0.520784978361
4.904   0.542693573375   0.520784978362
5.0   0.542693573375   0.520784978362
5.096   0.542693573375   0.520784978362
5.192   0.542693573375   0.520784978362
5.288   0.542693573375   0.520784978362
5.384   0.542693573375   0.520784978362
5.48   0.542693573375   0.520784978362
5.576   0.542693573375   0.520784978362
5.672   0.542693573375   0.520784978362
5.768   0.542693573375   0.520784978362
5.864   0.542693573375   0.520784978362
5.96   0.542693573375   0.520784978362
6.056   0.542693573375   0.520784978362
6.152   0.542693573375   0.520784978362
6.248   0.542693573375   0.520784978362
6.344   0.542693573375   0.520784978362
6.44   0.542693573375   0.520784978362
6.536   0.542693573375   0.520784978362
6.632   0.542693573375   0.520784978362
6.728   0.542693573375   0.520784978362
6.824   0.542693573375   0.520784978362
6.92   0.542693573375   0.520784978362
7.016   0.542693573375   0.520784978362
7.112   0.542693573375   0.520784978362
7.208   0.542693573375   0.520784978362
7.304   0.542693573375   0.520784978362
7.4   0.542693573375   0.520784978362
7.496   0.542693573375   0.520784978362
7.592   0.542693573375   0.520784978362
7.688   0.542693573375   0.520784978362
7.784   0.542693573375   0.520784978362
7.88   0.542693573375   0.520784978362
7.976   0.542693573375   0.520784978362
8.072   0.542693573375   0.520784978362
8.168   0.542693573375   0.520784978362
8.264   0.542693573375   0.520784978362
8.36   0.542693573375   0.520784978362
8.456   0.542693573375   0.520784978362
8.552   0.542693573375   0.520784978362
8.648   0.542693573375   0.520784978362
8.744   0.542693573375   0.520784978362
8.84   0.542693573375   0.520784978362
8.936   0.542693573375   0.520784978362
9.032   0.542693573375   0.520784978362
9.128   0.542693573375   0.520784978362
9.224   0.542693573375   0.520784978362
9.32   0.542693573375   0.520784978362
9.416   0.542693573375   0.520784978362
9.512   0.542693573375   0.520784978362
9.608   0.542693573375   0.520784978362
9.704   0.542693573375   0.520784978362
