0.2   0.562879191318   0.404194633706
0.296   0.558577925471   0.447642501709
0.392   0.554875462861   0.476673633883
0.488   0.551762221519   0.496407201534
0.584   0.549214486279   0.509654778591
0.68   0.547197329635   0.51832913076
0.776   0.545665220959   0.523872854346
0.872   0.544560450552   0.527344648887
0.968   0.543811264136   0.52947559733
1.064   0.543335074714   0.530754624305
1.16   0.543049983433   0.531505377435
1.256   0.542887441091   0.531937793673
1.352   0.542797369841   0.532183949396
1.448   0.542748691246   0.532322800556
1.544   0.542722704425   0.532400815128
1.64   0.542708929141   0.532444557635
1.736   0.54270165598   0.532469059012
1.832   0.542697824292   0.53248277656
1.928   0.542695808098   0.532490455125
2.024   0.542694747897   0.532494753019
2.12   0.542694190598   0.532497158635
2.216   0.542693897709   0.532498505116
2.312   0.542693743797   0.532499258783
2.408   0.542693662922   0.532499680639
2.504   0.542693620426   0.532499916769
2.6   0.542693598097   0.532500048942
2.696   0.542693586365   0.532500122925
2.792   0.5426935802   0.532500164338
2.888   0.542693576961   0.532500187518
2.984   0.542693575259   0.532500200493
3.08   0.542693574365   0.532500207756
3.176   0.542693573895   0.532500211822
3.272   0.542693573648   0.532500214098
3.368   0.542693573518   0.532500215371
3.464   0.54269357345   0.532500216084
3.56   0.542693573414   0.532500216484
3.656   0.542693573395   0.532500216707
3.752   0.542693573386   0.532500216832
3.848   0.54269357338   0.532500216902
3.944   0.542693573378   0.532500216941
4.04   0.542693573376   0.532500216963
4.136   0.542693573375   0.532500216975
4.232   0.542693573375   0.532500216982
4.328   0.542693573375   0.532500216986
4.424   0.542693573375   0.532500216988
4.52   0.542693573375   0.532500216989
4.616   0.542693573375   0.53250021699
4.712   0.542693573375   0.53250021699
4.808   0.542693573375   0.532500216991
4.904   0.542693573375   0.532500216991
5.0   0.542693573375   0.532500216991
5.096   0.542693573375   0.532500216991
5.192   0.542693573375   0.532500216991
5.288   0.542693573375   0.532500216991
5.384   0.542693573375   0.532500216991
5.48   0.542693573375   0.532500216991
5.576   0.542693573375   0.532500216991
5.672   0.542693573375   0.532500216991
5.768   0.542693573375   0.532500216991
5.864   0.542693573375   0.532500216991
5.96   0.542693573375   0.532500216991
6.056   0.542693573375   0.532500216991
6.152   0.542693573375   0.532500216991
6.248   0.542693573375   0.532500216991
6.344   0.542693573375   0.532500216991
6.44   0.542693573375   0.532500216991
6.536   0.542693573375   0.532500216991
6.632   0.542693573375   0.532500216991
6.728   0.542693573375   0.532500216991
6.824   0.542693573375   0.532500216991
6.92   0.542693573375   0.532500216991
7.016   0.542693573375   0.532500216991
7.112   0.542693573375   0.532500216991
7.208   0.542693573375   0.532500216991
7.304   0.542693573375   0.532500216991
7.4   0.542693573375   0.532500216991
7.496   0.542693573375   0.532500216991
7.592   0.542693573375   0.532500216991
7.688   0.542693573375   0.532500216991
7.784   0.542693573375   0.532500216991
7.88   0.542693573375   0.532500216991
7.976   0.542693573375   0.532500216991
8.072   0.542693573375   0.532500216991
8.168   0.542693573375   0.532500216991
8.264   0.542693573375   0.532500216991
8.36   0.542693573375   0.532500216991
8.456   0.542693573375   0.532500216991
8.552   0.542693573375   0.532500216991
8.648   0.542693573375   0.532500216991
8.744   0.542693573375   0.532500216991
8.84   0.542693573375   0.532500216991
8.936   0.542693573375   0.532500216991
9.032   0.542693573375   0.532500216991
9.128   0.542693573375   0.532500216991
9.224   0.542693573375   0.532500216991
9.32   0.542693573375   0.532500216991
9.416   0.542693573375   0.532500216991
9.512   0.542693573375   0.532500216991
9.608   0.542693573375   0.532500216991
9.704   0.542693573375   0.532500216991
