0.2   0.566086807477   0.443978815912
0.296   0.563358160706   0.483735874472
0.392   0.561232866737   0.508828967282
0.488   0.559695217547   0.524212778366
0.584   0.558686188019   0.532997778523
0.68   0.558095040915   0.537698585611
0.776   0.557784336704   0.540128857643
0.872   0.55763448204   0.541372333159
0.968   0.557565567224   0.542009349987
1.064   0.55753497863   0.542337704492
1.16   0.557521597263   0.542507810494
1.256   0.557515784896   0.542596366641
1.352   0.557513268761   0.542642625494
1.448   0.557512181268   0.542666843901
1.544   0.557511711591   0.542679541334
1.64   0.557511508811   0.54268620433
1.736   0.557511421275   0.542689702614
1.832   0.557511383491   0.542691539909
1.928   0.557511367182   0.542692505035
2.024   0.557511360142   0.542693012068
2.12   0.557511357104   0.542693278456
2.216   0.557511355792   0.542693418418
2.312   0.557511355226   0.542693491957
2.408   0.557511354982   0.542693530595
2.504   0.557511354877   0.542693550897
2.6   0.557511354831   0.542693561564
2.696   0.557511354812   0.542693567169
2.792   0.557511354803   0.542693570114
2.888   0.557511354799   0.542693571661
2.984   0.557511354798   0.542693572474
3.08   0.557511354797   0.542693572902
3.176   0.557511354797   0.542693573126
3.272   0.557511354797   0.542693573244
3.368   0.557511354797   0.542693573306
3.464   0.557511354797   0.542693573339
3.56   0.557511354797   0.542693573356
3.656   0.557511354797   0.542693573365
3.752   0.557511354797   0.542693573369
3.848   0.557511354797   0.542693573372
3.944   0.557511354797   0.542693573373
4.04   0.557511354797   0.542693573374
4.136   0.557511354797   0.542693573374
4.232   0.557511354797   0.542693573374
4.328   0.557511354797   0.542693573375
4.424   0.557511354797   0.542693573375
4.52   0.557511354797   0.542693573375
4.616   0.557511354797   0.542693573375
4.712   0.557511354797   0.542693573375
4.808   0.557511354797   0.542693573375
4.904   0.557511354797   0.542693573375
5.0   0.557511354797   0.542693573375
5.096   0.557511354797   0.542693573375
5.192   0.557511354797   0.542693573375
5.288   0.557511354797   0.542693573375
5.384   0.557511354797   0.542693573375
5.48   0.557511354797   0.542693573375
5.576   0.557511354797   0.542693573375
5.672   0.557511354797   0.542693573375
5.768   0.557511354797   0.542693573375
5.864   0.557511354797   0.542693573375
5.96   0.557511354797   0.542693573375
6.056   0.557511354797   0.542693573375
6.152   0.557511354797   0.542693573375
6.248   0.557511354797   0.542693573375
6.344   0.557511354797   0.542693573375
6.44   0.557511354797   0.542693573375
6.536   0.557511354797   0.542693573375
6.632   0.557511354797   0.542693573375
6.728   0.557511354797   0.542693573375
6.824   0.557511354797   0.542693573375
6.92   0.557511354797   0.542693573375
7.016   0.557511354797   0.542693573375
7.112   0.557511354797   0.542693573375
7.208   0.557511354797   0.542693573375
7.304   0.557511354797   0.542693573375
7.4   0.557511354797   0.542693573375
7.496   0.557511354797   0.542693573375
7.592   0.557511354797   0.542693573375
7.688   0.557511354797   0.542693573375
7.784   0.557511354797   0.542693573375
7.88   0.557511354797   0.542693573375
7.976   0.557511354797   0.542693573375
8.072   0.557511354797   0.542693573375
8.168   0.557511354797   0.542693573375
8.264   0.557511354797   0.542693573375
8.36   0.557511354797   0.542693573375
8.456   0.557511354797   0.542693573375
8.552   0.557511354797   0.542693573375
8.648   0.557511354797   0.542693573375
8.744   0.557511354797   0.542693573375
8.84   0.557511354797   0.542693573375
8.936   0.557511354797   0.542693573375
9.032   0.557511354797   0.542693573375
9.128   0.557511354797   0.542693573375
9.224   0.557511354797   0.542693573375
9.32   0.557511354797   0.542693573375
9.416   0.557511354797   0.542693573375
9.512   0.557511354797   0.542693573375
9.608   0.557511354797   0.542693573375
9.704   0.557511354797   0.542693573375
