0.2   0.566931155883   0.459110144602
0.296   0.564720899358   0.493976013473
0.392   0.563171465082   0.51579121912
0.488   0.562212877168   0.528663916987
0.584   0.561699064155   0.535607752048
0.68   0.561457160864   0.539130400821
0.776   0.561353444911   0.540886469379
0.872   0.561311018321   0.541767274551
0.968   0.561294203136   0.542214766498
1.064   0.561287613878   0.542444557566
1.16   0.561285044787   0.542563548882
1.256   0.561284045309   0.542625510386
1.352   0.561283656835   0.542657890247
1.448   0.561283505902   0.542674848663
1.544   0.561283447271   0.542683742222
1.64   0.561283424496   0.542688410013
1.736   0.56128341565   0.542690861055
1.832   0.561283412214   0.542692148438
1.928   0.561283410879   0.542692824729
2.024   0.561283410361   0.542693180031
2.12   0.56128341016   0.542693366705
2.216   0.561283410081   0.542693464786
2.312   0.561283410051   0.542693516319
2.408   0.561283410039   0.542693543396
2.504   0.561283410035   0.542693557623
2.6   0.561283410033   0.542693565098
2.696   0.561283410032   0.542693569026
2.792   0.561283410032   0.54269357109
2.888   0.561283410032   0.542693572174
2.984   0.561283410032   0.542693572744
3.08   0.561283410032   0.542693573043
3.176   0.561283410032   0.542693573201
3.272   0.561283410032   0.542693573283
3.368   0.561283410032   0.542693573327
3.464   0.561283410032   0.542693573349
3.56   0.561283410032   0.542693573361
3.656   0.561283410032   0.542693573368
3.752   0.561283410032   0.542693573371
3.848   0.561283410032   0.542693573373
3.944   0.561283410032   0.542693573374
4.04   0.561283410032   0.542693573374
4.136   0.561283410032   0.542693573374
4.232   0.561283410032   0.542693573375
4.328   0.561283410032   0.542693573375
4.424   0.561283410032   0.542693573375
4.52   0.561283410032   0.542693573375
4.616   0.561283410032   0.542693573375
4.712   0.561283410032   0.542693573375
4.808   0.561283410032   0.542693573375
4.904   0.561283410032   0.542693573375
5.0   0.561283410032   0.542693573375
5.096   0.561283410032   0.542693573375
5.192   0.561283410032   0.542693573375
5.288   0.561283410032   0.542693573375
5.384   0.561283410032   0.542693573375
5.48   0.561283410032   0.542693573375
5.576   0.561283410032   0.542693573375
5.672   0.561283410032   0.542693573375
5.768   0.561283410032   0.542693573375
5.864   0.561283410032   0.542693573375
5.96   0.561283410032   0.542693573375
6.056   0.561283410032   0.542693573375
6.152   0.561283410032   0.542693573375
6.248   0.561283410032   0.542693573375
6.344   0.561283410032   0.542693573375
6.44   0.561283410032   0.542693573375
6.536   0.561283410032   0.542693573375
6.632   0.561283410032   0.542693573375
6.728   0.561283410032   0.542693573375
6.824   0.561283410032   0.542693573375
6.92   0.561283410032   0.542693573375
7.016   0.561283410032   0.542693573375
7.112   0.561283410032   0.542693573375
7.208   0.561283410032   0.542693573375
7.304   0.561283410032   0.542693573375
7.4   0.561283410032   0.542693573375
7.496   0.561283410032   0.542693573375
7.592   0.561283410032   0.542693573375
7.688   0.561283410032   0.542693573375
7.784   0.561283410032   0.542693573375
7.88   0.561283410032   0.542693573375
7.976   0.561283410032   0.542693573375
8.072   0.561283410032   0.542693573375
8.168   0.561283410032   0.542693573375
8.264   0.561283410032   0.542693573375
8.36   0.561283410032   0.542693573375
8.456   0.561283410032   0.542693573375
8.552   0.561283410032   0.542693573375
8.648   0.561283410032   0.542693573375
8.744   0.561283410032   0.542693573375
8.84   0.561283410032   0.542693573375
8.936   0.561283410032   0.542693573375
9.032   0.561283410032   0.542693573375
9.128   0.561283410032   0.542693573375
9.224   0.561283410032   0.542693573375
9.32   0.561283410032   0.542693573375
9.416   0.561283410032   0.542693573375
9.512   0.561283410032   0.542693573375
9.608   0.561283410032   0.542693573375
9.704   0.561283410032   0.542693573375
