0.2   0.561940608888   0.389194998762
0.296   0.55731697561   0.432626195656
0.392   0.553409348809   0.461948751951
0.488   0.550223505759   0.482096280431
0.584   0.547740069209   0.495786124918
0.68   0.545908373591   0.504841458477
0.776   0.544641659492   0.510643711214
0.872   0.543822869171   0.514253494542
0.968   0.543325802811   0.516446967986
1.064   0.543039199406   0.517758081888
1.16   0.542879300262   0.518534001134
1.256   0.542792427647   0.51899080382
1.352   0.542745894451   0.5192591992
1.448   0.542721176582   0.519416743227
1.544   0.542708109689   0.519509282053
1.64   0.5427012207   0.519563623438
1.736   0.542697594257   0.519595554231
1.832   0.542695686859   0.519614322822
1.928   0.542694684091   0.519625357628
2.024   0.542694157044   0.519631846645
2.12   0.542693880071   0.519635663016
2.216   0.542693734527   0.519637907731
2.312   0.542693658051   0.51963922811
2.408   0.542693617866   0.51964000481
2.504   0.542693596752   0.519640461709
2.6   0.542693585658   0.519640730486
2.696   0.542693579829   0.5196408886
2.792   0.542693576766   0.519640981615
2.888   0.542693575156   0.519641036334
2.984   0.542693574311   0.519641068524
3.08   0.542693573867   0.519641087461
3.176   0.542693573633   0.519641098601
3.272   0.54269357351   0.519641105154
3.368   0.542693573446   0.51964110901
3.464   0.542693573412   0.519641111278
3.56   0.542693573394   0.519641112612
3.656   0.542693573385   0.519641113397
3.752   0.54269357338   0.519641113859
3.848   0.542693573378   0.51964111413
3.944   0.542693573376   0.51964111429
4.04   0.542693573375   0.519641114384
4.136   0.542693573375   0.519641114439
4.232   0.542693573375   0.519641114472
4.328   0.542693573375   0.519641114491
4.424   0.542693573375   0.519641114502
4.52   0.542693573375   0.519641114509
4.616   0.542693573375   0.519641114513
4.712   0.542693573375   0.519641114515
4.808   0.542693573375   0.519641114517
4.904   0.542693573375   0.519641114517
5.0   0.542693573375   0.519641114518
5.096   0.542693573375   0.519641114518
5.192   0.542693573375   0.519641114518
5.288   0.542693573375   0.519641114518
5.384   0.542693573375   0.519641114518
5.48   0.542693573375   0.519641114518
5.576   0.542693573375   0.519641114518
5.672   0.542693573375   0.519641114518
5.768   0.542693573375   0.519641114518
5.864   0.542693573375   0.519641114519
5.96   0.542693573375   0.519641114519
6.056   0.542693573375   0.519641114519
6.152   0.542693573375   0.519641114519
6.248   0.542693573375   0.519641114519
6.344   0.542693573375   0.519641114519
6.44   0.542693573375   0.519641114519
6.536   0.542693573375   0.519641114519
6.632   0.542693573375   0.519641114519
6.728   0.542693573375   0.519641114519
6.824   0.542693573375   0.519641114519
6.92   0.542693573375   0.519641114519
7.016   0.542693573375   0.519641114519
7.112   0.542693573375   0.519641114519
7.208   0.542693573375   0.519641114519
7.304   0.542693573375   0.519641114519
7.4   0.542693573375   0.519641114519
7.496   0.542693573375   0.519641114519
7.592   0.542693573375   0.519641114519
7.688   0.542693573375   0.519641114519
7.784   0.542693573375   0.519641114519
7.88   0.542693573375   0.519641114519
7.976   0.542693573375   0.519641114519
8.072   0.542693573375   0.519641114519
8.168   0.542693573375   0.519641114519
8.264   0.542693573375   0.519641114519
8.36   0.542693573375   0.519641114519
8.456   0.542693573375   0.519641114519
8.552   0.542693573375   0.519641114519
8.648   0.542693573375   0.519641114519
8.744   0.542693573375   0.519641114519
8.84   0.542693573375   0.519641114519
8.936   0.542693573375   0.519641114519
9.032   0.542693573375   0.519641114519
9.128   0.542693573375   0.519641114519
9.224   0.542693573375   0.519641114519
9.32   0.542693573375   0.519641114519
9.416   0.542693573375   0.519641114519
9.512   0.542693573375   0.519641114519
9.608   0.542693573375   0.519641114519
9.704   0.542693573375   0.519641114519
