0.2   0.566289350272   0.449899246129
0.296   0.563690049833   0.48746733274
0.392   0.561713045123   0.511242446226
0.488   0.560333209479   0.525722840897
0.584   0.559471063945   0.533884701054
0.68   0.55899386771   0.53819047967
0.776   0.558756558012   0.540391743954
0.872   0.558647351674   0.541510255336
0.968   0.558599083768   0.542081308504
1.064   0.55857834168   0.542375177984
1.16   0.558569526349   0.542527374908
1.256   0.558565799463   0.542606593457
1.352   0.558564227658   0.54264798212
1.448   0.558563565487   0.542669652817
1.544   0.558563286667   0.542681015402
1.64   0.55856316929   0.542686978271
1.736   0.558563119883   0.542690109086
1.832   0.558563099087   0.542691753426
1.928   0.558563090333   0.542692617206
2.024   0.558563086649   0.542693071001
2.12   0.558563085098   0.54269330942
2.216   0.558563084446   0.542693434687
2.312   0.558563084171   0.542693500505
2.408   0.558563084055   0.542693535087
2.504   0.558563084007   0.542693553257
2.6   0.558563083986   0.542693562804
2.696   0.558563083977   0.542693567821
2.792   0.558563083974   0.542693570456
2.888   0.558563083972   0.542693571841
2.984   0.558563083972   0.542693572569
3.08   0.558563083971   0.542693572951
3.176   0.558563083971   0.542693573152
3.272   0.558563083971   0.542693573258
3.368   0.558563083971   0.542693573313
3.464   0.558563083971   0.542693573342
3.56   0.558563083971   0.542693573358
3.656   0.558563083971   0.542693573366
3.752   0.558563083971   0.54269357337
3.848   0.558563083971   0.542693573372
3.944   0.558563083971   0.542693573373
4.04   0.558563083971   0.542693573374
4.136   0.558563083971   0.542693573374
4.232   0.558563083971   0.542693573374
4.328   0.558563083971   0.542693573375
4.424   0.558563083971   0.542693573375
4.52   0.558563083971   0.542693573375
4.616   0.558563083971   0.542693573375
4.712   0.558563083971   0.542693573375
4.808   0.558563083971   0.542693573375
4.904   0.558563083971   0.542693573375
5.0   0.558563083971   0.542693573375
5.096   0.558563083971   0.542693573375
5.192   0.558563083971   0.542693573375
5.288   0.558563083971   0.542693573375
5.384   0.558563083971   0.542693573375
5.48   0.558563083971   0.542693573375
5.576   0.558563083971   0.542693573375
5.672   0.558563083971   0.542693573375
5.768   0.558563083971   0.542693573375
5.864   0.558563083971   0.542693573375
5.96   0.558563083971   0.542693573375
6.056   0.558563083971   0.542693573375
6.152   0.558563083971   0.542693573375
6.248   0.558563083971   0.542693573375
6.344   0.558563083971   0.542693573375
6.44   0.558563083971   0.542693573375
6.536   0.558563083971   0.542693573375
6.632   0.558563083971   0.542693573375
6.728   0.558563083971   0.542693573375
6.824   0.558563083971   0.542693573375
6.92   0.558563083971   0.542693573375
7.016   0.558563083971   0.542693573375
7.112   0.558563083971   0.542693573375
7.208   0.558563083971   0.542693573375
7.304   0.558563083971   0.542693573375
7.4   0.558563083971   0.542693573375
7.496   0.558563083971   0.542693573375
7.592   0.558563083971   0.542693573375
7.688   0.558563083971   0.542693573375
7.784   0.558563083971   0.542693573375
7.88   0.558563083971   0.542693573375
7.976   0.558563083971   0.542693573375
8.072   0.558563083971   0.542693573375
8.168   0.558563083971   0.542693573375
8.264   0.558563083971   0.542693573375
8.36   0.558563083971   0.542693573375
8.456   0.558563083971   0.542693573375
8.552   0.558563083971   0.542693573375
8.648   0.558563083971   0.542693573375
8.744   0.558563083971   0.542693573375
8.84   0.558563083971   0.542693573375
8.936   0.558563083971   0.542693573375
9.032   0.558563083971   0.542693573375
9.128   0.558563083971   0.542693573375
9.224   0.558563083971   0.542693573375
9.32   0.558563083971   0.542693573375
9.416   0.558563083971   0.542693573375
9.512   0.558563083971   0.542693573375
9.608   0.558563083971   0.542693573375
9.704   0.558563083971   0.542693573375
