0.2   0.56350990663   0.417392941168
0.296   0.559471783661   0.458846080126
0.392   0.5559870039   0.486523569174
0.488   0.55303405016   0.505212305157
0.584   0.550577180942   0.51761335909
0.68   0.548571072354   0.52564340779
0.776   0.546964985379   0.530771661698
0.872   0.545706902364   0.534047389412
0.968   0.544746557246   0.536153452395
1.064   0.544036986818   0.537511768532
1.16   0.543534436678   0.538381362978
1.256   0.543196444085   0.538926873163
1.352   0.542982217665   0.539258276468
1.448   0.542854865881   0.539452587337
1.544   0.542781087327   0.539563043248
1.64   0.542740395747   0.539624368351
1.736   0.542718422602   0.539657952397
1.832   0.542706701228   0.539676189132
1.928   0.54270049146   0.539686042806
2.024   0.542697214092   0.539691352034
2.12   0.542695487937   0.539694208307
2.216   0.542694579799   0.539695743673
2.312   0.542694102308   0.53969656864
2.408   0.542693851328   0.539697011802
2.504   0.54269371943   0.539697249835
2.6   0.542693650119   0.53969737768
2.696   0.542693613699   0.539697446342
2.792   0.542693594563   0.539697483218
2.888   0.542693584508   0.539697503023
2.984   0.542693579224   0.539697513659
3.08   0.542693576448   0.539697519371
3.176   0.54269357499   0.539697522439
3.272   0.542693574223   0.539697524087
3.368   0.542693573821   0.539697524972
3.464   0.542693573609   0.539697525447
3.56   0.542693573498   0.539697525702
3.656   0.542693573439   0.539697525839
3.752   0.542693573409   0.539697525913
3.848   0.542693573393   0.539697525952
3.944   0.542693573384   0.539697525973
4.04   0.54269357338   0.539697525985
4.136   0.542693573377   0.539697525991
4.232   0.542693573376   0.539697525994
4.328   0.542693573375   0.539697525996
4.424   0.542693573375   0.539697525997
4.52   0.542693573375   0.539697525997
4.616   0.542693573375   0.539697525998
4.712   0.542693573375   0.539697525998
4.808   0.542693573375   0.539697525998
4.904   0.542693573375   0.539697525998
5.0   0.542693573375   0.539697525998
5.096   0.542693573375   0.539697525998
5.192   0.542693573375   0.539697525998
5.288   0.542693573375   0.539697525998
5.384   0.542693573375   0.539697525998
5.48   0.542693573375   0.539697525998
5.576   0.542693573375   0.539697525998
5.672   0.542693573375   0.539697525998
5.768   0.542693573375   0.539697525998
5.864   0.542693573375   0.539697525998
5.96   0.542693573375   0.539697525998
6.056   0.542693573375   0.539697525998
6.152   0.542693573375   0.539697525998
6.248   0.542693573375   0.539697525998
6.344   0.542693573375   0.539697525998
6.44   0.542693573375   0.539697525998
6.536   0.542693573375   0.539697525998
6.632   0.542693573375   0.539697525998
6.728   0.542693573375   0.539697525998
6.824   0.542693573375   0.539697525998
6.92   0.542693573375   0.539697525998
7.016   0.542693573375   0.539697525998
7.112   0.542693573375   0.539697525998
7.208   0.542693573375   0.539697525998
7.304   0.542693573375   0.539697525998
7.4   0.542693573375   0.539697525998
7.496   0.542693573375   0.539697525998
7.592   0.542693573375   0.539697525998
7.688   0.542693573375   0.539697525998
7.784   0.542693573375   0.539697525998
7.88   0.542693573375   0.539697525998
7.976   0.542693573375   0.539697525998
8.072   0.542693573375   0.539697525998
8.168   0.542693573375   0.539697525998
8.264   0.542693573375   0.539697525998
8.36   0.542693573375   0.539697525998
8.456   0.542693573375   0.539697525998
8.552   0.542693573375   0.539697525998
8.648   0.542693573375   0.539697525998
8.744   0.542693573375   0.539697525998
8.84   0.542693573375   0.539697525998
8.936   0.542693573375   0.539697525998
9.032   0.542693573375   0.539697525998
9.128   0.542693573375   0.539697525998
9.224   0.542693573375   0.539697525998
9.32   0.542693573375   0.539697525998
9.416   0.542693573375   0.539697525998
9.512   0.542693573375   0.539697525998
9.608   0.542693573375   0.539697525998
9.704   0.542693573375   0.539697525998
