0.2   0.563238048465   0.700000000028
0.296   0.559069044003   0.7
0.392   0.555465025421   0.476599376088
0.488   0.552412407995   0.499567700173
0.584   0.549883511595   0.51295386654
0.68   0.547840783229   0.521640088
0.776   0.546240043994   0.527173637033
0.872   0.545032525062   0.530662549038
0.968   0.544164473276   0.532841913505
1.064   0.543575706719   0.534181998644
1.16   0.543200691106   0.534987148411
1.256   0.5429756367   0.535458284671
1.352   0.542847191444   0.535727643681
1.448   0.542775833339   0.535879209565
1.544   0.542737255663   0.535963452203
1.64   0.542716659778   0.536010058494
1.736   0.542705742393   0.536035749179
1.832   0.542699978416   0.536049886107
1.928   0.542696941928   0.536057658312
2.024   0.542695344209   0.536061929384
2.12   0.542694504078   0.536064275949
2.216   0.542694062466   0.536065565036
2.312   0.542693830378   0.536066273161
2.408   0.542693708418   0.536066662142
2.504   0.542693644332   0.536066875812
2.6   0.542693610658   0.536066993181
2.696   0.542693592965   0.536067057653
2.792   0.542693583668   0.536067093067
2.888   0.542693578783   0.53606711252
2.984   0.542693576216   0.536067123206
3.08   0.542693574868   0.536067129076
3.176   0.542693574159   0.5360671323
3.272   0.542693573787   0.536067134071
3.368   0.542693573591   0.536067135044
3.464   0.542693573488   0.536067135578
3.56   0.542693573434   0.536067135872
3.656   0.542693573406   0.536067136033
3.752   0.542693573391   0.536067136122
3.848   0.542693573383   0.53606713617
3.944   0.542693573379   0.536067136197
4.04   0.542693573377   0.536067136212
4.136   0.542693573376   0.53606713622
4.232   0.542693573375   0.536067136224
4.328   0.542693573375   0.536067136227
4.424   0.542693573375   0.536067136228
4.52   0.542693573375   0.536067136229
4.616   0.542693573375   0.536067136229
4.712   0.542693573375   0.536067136229
4.808   0.542693573375   0.536067136229
4.904   0.542693573375   0.536067136229
5.0   0.542693573375   0.536067136229
5.096   0.542693573375   0.53606713623
5.192   0.542693573375   0.53606713623
5.288   0.542693573375   0.53606713623
5.384   0.542693573375   0.53606713623
5.48   0.542693573375   0.53606713623
5.576   0.542693573375   0.53606713623
5.672   0.542693573375   0.53606713623
5.768   0.542693573375   0.53606713623
5.864   0.542693573375   0.53606713623
5.96   0.542693573375   0.53606713623
6.056   0.542693573375   0.53606713623
6.152   0.542693573375   0.53606713623
6.248   0.542693573375   0.53606713623
6.344   0.542693573375   0.53606713623
6.44   0.542693573375   0.53606713623
6.536   0.542693573375   0.53606713623
6.632   0.542693573375   0.53606713623
6.728   0.542693573375   0.53606713623
6.824   0.542693573375   0.53606713623
6.92   0.542693573375   0.53606713623
7.016   0.542693573375   0.53606713623
7.112   0.542693573375   0.53606713623
7.208   0.542693573375   0.53606713623
7.304   0.542693573375   0.53606713623
7.4   0.542693573375   0.53606713623
7.496   0.542693573375   0.53606713623
7.592   0.542693573375   0.53606713623
7.688   0.542693573375   0.53606713623
7.784   0.542693573375   0.53606713623
7.88   0.542693573375   0.53606713623
7.976   0.542693573375   0.53606713623
8.072   0.542693573375   0.53606713623
8.168   0.542693573375   0.53606713623
8.264   0.542693573375   0.53606713623
8.36   0.542693573375   0.53606713623
8.456   0.542693573375   0.53606713623
8.552   0.542693573375   0.53606713623
8.648   0.542693573375   0.53606713623
8.744   0.542693573375   0.53606713623
8.84   0.542693573375   0.53606713623
8.936   0.542693573375   0.53606713623
9.032   0.542693573375   0.53606713623
9.128   0.542693573375   0.53606713623
9.224   0.542693573375   0.53606713623
9.32   0.542693573375   0.53606713623
9.416   0.542693573375   0.53606713623
9.512   0.542693573375   0.53606713623
9.608   0.542693573375   0.53606713623
9.704   0.542693573375   0.53606713623
