0.2   0.5658891168   0.435860940702
0.296   0.563030519857   0.478817776485
0.392   0.560753566803   0.505731627469
0.488   0.559049148871   0.522293936444
0.584   0.557875773709   0.531863541493
0.68   0.557146848787   0.537059971878
0.776   0.556739869342   0.539782431855
0.872   0.5565329495   0.541188704402
0.968   0.556433404684   0.541913173756
1.064   0.556387634199   0.54228737245
1.16   0.556366991713   0.542481512271
1.256   0.556357772812   0.542582606968
1.352   0.556353675466   0.542635416903
1.448   0.556351858615   0.542663063584
1.544   0.55635105387   0.542677557465
1.64   0.556350697606   0.542685162728
1.736   0.556350539924   0.542689155573
1.832   0.556350470143   0.542691252555
1.928   0.556350439263   0.542692354074
2.024   0.556350425598   0.542692932756
2.12   0.556350419552   0.542693236785
2.216   0.556350416876   0.542693396524
2.312   0.556350415692   0.542693480453
2.408   0.556350415168   0.542693524551
2.504   0.556350414936   0.542693547721
2.6   0.556350414833   0.542693559896
2.696   0.556350414788   0.542693566292
2.792   0.556350414768   0.542693569653
2.888   0.556350414759   0.542693571419
2.984   0.556350414755   0.542693572347
3.08   0.556350414753   0.542693572835
3.176   0.556350414753   0.542693573091
3.272   0.556350414752   0.542693573226
3.368   0.556350414752   0.542693573296
3.464   0.556350414752   0.542693573334
3.56   0.556350414752   0.542693573353
3.656   0.556350414752   0.542693573363
3.752   0.556350414752   0.542693573369
3.848   0.556350414752   0.542693573372
3.944   0.556350414752   0.542693573373
4.04   0.556350414752   0.542693573374
4.136   0.556350414752   0.542693573374
4.232   0.556350414752   0.542693573374
4.328   0.556350414752   0.542693573375
4.424   0.556350414752   0.542693573375
4.52   0.556350414752   0.542693573375
4.616   0.556350414752   0.542693573375
4.712   0.556350414752   0.542693573375
4.808   0.556350414752   0.542693573375
4.904   0.556350414752   0.542693573375
5.0   0.556350414752   0.542693573375
5.096   0.556350414752   0.542693573375
5.192   0.556350414752   0.542693573375
5.288   0.556350414752   0.542693573375
5.384   0.556350414752   0.542693573375
5.48   0.556350414752   0.542693573375
5.576   0.556350414752   0.542693573375
5.672   0.556350414752   0.542693573375
5.768   0.556350414752   0.542693573375
5.864   0.556350414752   0.542693573375
5.96   0.556350414752   0.542693573375
6.056   0.556350414752   0.542693573375
6.152   0.556350414752   0.542693573375
6.248   0.556350414752   0.542693573375
6.344   0.556350414752   0.542693573375
6.44   0.556350414752   0.542693573375
6.536   0.556350414752   0.542693573375
6.632   0.556350414752   0.542693573375
6.728   0.556350414752   0.542693573375
6.824   0.556350414752   0.542693573375
6.92   0.556350414752   0.542693573375
7.016   0.556350414752   0.542693573375
7.112   0.556350414752   0.542693573375
7.208   0.556350414752   0.542693573375
7.304   0.556350414752   0.542693573375
7.4   0.556350414752   0.542693573375
7.496   0.556350414752   0.542693573375
7.592   0.556350414752   0.542693573375
7.688   0.556350414752   0.542693573375
7.784   0.556350414752   0.542693573375
7.88   0.556350414752   0.542693573375
7.976   0.556350414752   0.542693573375
8.072   0.556350414752   0.542693573375
8.168   0.556350414752   0.542693573375
8.264   0.556350414752   0.542693573375
8.36   0.556350414752   0.542693573375
8.456   0.556350414752   0.542693573375
8.552   0.556350414752   0.542693573375
8.648   0.556350414752   0.542693573375
8.744   0.556350414752   0.542693573375
8.84   0.556350414752   0.542693573375
8.936   0.556350414752   0.542693573375
9.032   0.556350414752   0.542693573375
9.128   0.556350414752   0.542693573375
9.224   0.556350414752   0.542693573375
9.32   0.556350414752   0.542693573375
9.416   0.556350414752   0.542693573375
9.512   0.556350414752   0.542693573375
9.608   0.556350414752   0.542693573375
9.704   0.556350414752   0.542693573375
