0.2   0.561840779713   0.387423370218
0.296   0.557186895626   0.430830886516
0.392   0.55326420881   0.46016520394
0.488   0.550079299454   0.4803376604
0.584   0.547611325483   0.49405666468
0.68   0.545805119088   0.503139650911
0.776   0.544567143561   0.508964785247
0.872   0.543774018487   0.512592567791
0.968   0.543296158974   0.514800589127
1.064   0.543022139405   0.51612361154
1.16   0.542869869412   0.516909130065
1.256   0.542787325952   0.517373374178
1.352   0.54274316955   0.517647297428
1.448   0.542719731724   0.517808794615
1.544   0.542707346689   0.517904114156
1.64   0.542700818689   0.517960342334
1.736   0.54269738271   0.517993537598
1.832   0.542695575614   0.51801314187
1.928   0.542694625613   0.518024722761
2.024   0.54269412631   0.518031565311
2.12   0.54269386392   0.518035608773
2.216   0.542693726041   0.518037998398
2.312   0.542693653591   0.518039410718
2.408   0.542693615523   0.518040245465
2.504   0.542693595521   0.518040738853
2.6   0.542693585011   0.518041030482
2.696   0.542693579489   0.518041202857
2.792   0.542693576587   0.518041304746
2.888   0.542693575063   0.518041364971
2.984   0.542693574262   0.518041400569
3.08   0.542693573841   0.518041421611
3.176   0.54269357362   0.518041434049
3.272   0.542693573503   0.518041441401
3.368   0.542693573442   0.518041445746
3.464   0.54269357341   0.518041448315
3.56   0.542693573393   0.518041449833
3.656   0.542693573384   0.518041450731
3.752   0.54269357338   0.518041451261
3.848   0.542693573377   0.518041451575
3.944   0.542693573376   0.51804145176
4.04   0.542693573375   0.518041451869
4.136   0.542693573375   0.518041451934
4.232   0.542693573375   0.518041451972
4.328   0.542693573375   0.518041451995
4.424   0.542693573375   0.518041452008
4.52   0.542693573375   0.518041452016
4.616   0.542693573375   0.518041452021
4.712   0.542693573375   0.518041452024
4.808   0.542693573375   0.518041452025
4.904   0.542693573375   0.518041452026
5.0   0.542693573375   0.518041452027
5.096   0.542693573375   0.518041452027
5.192   0.542693573375   0.518041452028
5.288   0.542693573375   0.518041452028
5.384   0.542693573375   0.518041452028
5.48   0.542693573375   0.518041452028
5.576   0.542693573375   0.518041452028
5.672   0.542693573375   0.518041452028
5.768   0.542693573375   0.518041452028
5.864   0.542693573375   0.518041452028
5.96   0.542693573375   0.518041452028
6.056   0.542693573375   0.518041452028
6.152   0.542693573375   0.518041452028
6.248   0.542693573375   0.518041452028
6.344   0.542693573375   0.518041452028
6.44   0.542693573375   0.518041452028
6.536   0.542693573375   0.518041452028
6.632   0.542693573375   0.518041452028
6.728   0.542693573375   0.518041452028
6.824   0.542693573375   0.518041452028
6.92   0.542693573375   0.518041452028
7.016   0.542693573375   0.518041452028
7.112   0.542693573375   0.518041452028
7.208   0.542693573375   0.518041452028
7.304   0.542693573375   0.518041452028
7.4   0.542693573375   0.518041452028
7.496   0.542693573375   0.518041452028
7.592   0.542693573375   0.518041452028
7.688   0.542693573375   0.518041452028
7.784   0.542693573375   0.518041452028
7.88   0.542693573375   0.518041452028
7.976   0.542693573375   0.518041452028
8.072   0.542693573375   0.518041452028
8.168   0.542693573375   0.518041452028
8.264   0.542693573375   0.518041452028
8.36   0.542693573375   0.518041452028
8.456   0.542693573375   0.518041452028
8.552   0.542693573375   0.518041452028
8.648   0.542693573375   0.518041452028
8.744   0.542693573375   0.518041452028
8.84   0.542693573375   0.518041452028
8.936   0.542693573375   0.518041452028
9.032   0.542693573375   0.518041452028
9.128   0.542693573375   0.518041452028
9.224   0.542693573375   0.518041452028
9.32   0.542693573375   0.518041452028
9.416   0.542693573375   0.518041452028
9.512   0.542693573375   0.518041452028
9.608   0.542693573375   0.518041452028
9.704   0.542693573375   0.518041452028
