0.2   0.562689169528   0.393591240178
0.296   0.558306154085   0.440072478044
0.392   0.554539156652   0.470805585428
0.488   0.55138580641   0.491596860965
0.584   0.548828360688   0.505533437399
0.68   0.546834487736   0.514650673915
0.776   0.545355071596   0.520458349439
0.872   0.544321087851   0.524069216602
0.968   0.543644308562   0.526263575432
1.064   0.543228776582   0.527568825343
1.16   0.542987297463   0.528331244104
1.256   0.542851696955   0.528770785537
1.352   0.542777815542   0.529022343654
1.448   0.542738181876   0.529165661877
1.544   0.542717113071   0.529247010193
1.64   0.542705971125   0.529293248482
1.736   0.542700095961   0.529319500068
1.832   0.542697002958   0.529334403563
1.928   0.542695376074   0.529342864901
2.024   0.542694520765   0.52934766907
2.12   0.542694071218   0.529350396943
2.216   0.542693834973   0.529351945941
2.312   0.542693710831   0.529352825557
2.408   0.5426936456   0.529353325069
2.504   0.542693611324   0.529353608735
2.6   0.542693593315   0.529353769826
2.696   0.542693583852   0.529353861308
2.792   0.54269357888   0.529353913261
2.888   0.542693576267   0.529353942765
2.984   0.542693574894   0.52935395952
3.08   0.542693574173   0.529353969036
3.176   0.542693573794   0.529353974439
3.272   0.542693573595   0.529353977508
3.368   0.54269357349   0.529353979251
3.464   0.542693573436   0.529353980241
3.56   0.542693573407   0.529353980803
3.656   0.542693573391   0.529353981122
3.752   0.542693573383   0.529353981303
3.848   0.542693573379   0.529353981406
3.944   0.542693573377   0.529353981465
4.04   0.542693573376   0.529353981498
4.136   0.542693573375   0.529353981517
4.232   0.542693573375   0.529353981527
4.328   0.542693573375   0.529353981534
4.424   0.542693573375   0.529353981537
4.52   0.542693573375   0.529353981539
4.616   0.542693573375   0.52935398154
4.712   0.542693573375   0.529353981541
4.808   0.542693573375   0.529353981541
4.904   0.542693573375   0.529353981541
5.0   0.542693573375   0.529353981541
5.096   0.542693573375   0.529353981541
5.192   0.542693573375   0.529353981541
5.288   0.542693573375   0.529353981541
5.384   0.542693573375   0.529353981541
5.48   0.542693573375   0.529353981541
5.576   0.542693573375   0.529353981541
5.672   0.542693573375   0.529353981541
5.768   0.542693573375   0.529353981541
5.864   0.542693573375   0.529353981541
5.96   0.542693573375   0.529353981541
6.056   0.542693573375   0.529353981541
6.152   0.542693573375   0.529353981541
6.248   0.542693573375   0.529353981541
6.344   0.542693573375   0.529353981541
6.44   0.542693573375   0.529353981541
6.536   0.542693573375   0.529353981541
6.632   0.542693573375   0.529353981541
6.728   0.542693573375   0.529353981541
6.824   0.542693573375   0.529353981541
6.92   0.542693573375   0.529353981541
7.016   0.542693573375   0.529353981541
7.112   0.542693573375   0.529353981541
7.208   0.542693573375   0.529353981541
7.304   0.542693573375   0.529353981541
7.4   0.542693573375   0.529353981541
7.496   0.542693573375   0.529353981541
7.592   0.542693573375   0.529353981541
7.688   0.542693573375   0.529353981541
7.784   0.542693573375   0.529353981541
7.88   0.542693573375   0.529353981541
7.976   0.542693573375   0.529353981541
8.072   0.542693573375   0.529353981541
8.168   0.542693573375   0.529353981541
8.264   0.542693573375   0.529353981541
8.36   0.542693573375   0.529353981541
8.456   0.542693573375   0.529353981541
8.552   0.542693573375   0.529353981541
8.648   0.542693573375   0.529353981541
8.744   0.542693573375   0.529353981541
8.84   0.542693573375   0.529353981541
8.936   0.542693573375   0.529353981541
9.032   0.542693573375   0.529353981541
9.128   0.542693573375   0.529353981541
9.224   0.542693573375   0.529353981541
9.32   0.542693573375   0.529353981541
9.416   0.542693573375   0.529353981541
9.512   0.542693573375   0.529353981541
9.608   0.542693573375   0.529353981541
9.704   0.542693573375   0.529353981541
