0.2   0.563598006087   0.426877460541
0.296   0.559615984557   0.46496386946
0.392   0.556189834365   0.490741583071
0.488   0.553293597795   0.508265088189
0.584   0.55088732812   0.519924780027
0.68   0.548921820219   0.527484802739
0.776   0.547342768665   0.532324329681
0.872   0.546094925484   0.53543304098
0.968   0.545125374983   0.537455133604
1.064   0.544385861379   0.538788129832
1.16   0.543834071068   0.539674174401
1.256   0.543434022873   0.540262410049
1.352   0.543154308496   0.540647790131
1.448   0.542968060824   0.54089293587
1.544   0.542850733518   0.541043990654
1.64   0.542781826834   0.541132120152
1.736   0.542741426879   0.541182225265
1.832   0.542719156262   0.541209974467
1.928   0.542707143094   0.541225097317
2.024   0.542700739759   0.541233252589
2.12   0.542697349099   0.541237621898
2.216   0.542695560143   0.541239953909
2.312   0.542694618091   0.541241195899
2.408   0.542694122526   0.54124185659
2.504   0.542693861978   0.541242207832
2.6   0.542693725033   0.541242394499
2.696   0.542693653066   0.541242493685
2.792   0.542693615248   0.541242546384
2.888   0.542693595377   0.541242574381
2.984   0.542693584935   0.541242589255
3.08   0.542693579449   0.541242597158
3.176   0.542693576566   0.541242601356
3.272   0.542693575052   0.541242603586
3.368   0.542693574256   0.541242604771
3.464   0.542693573838   0.5412426054
3.56   0.542693573618   0.541242605734
3.656   0.542693573502   0.541242605912
3.752   0.542693573442   0.541242606006
3.848   0.54269357341   0.541242606057
3.944   0.542693573393   0.541242606083
4.04   0.542693573384   0.541242606097
4.136   0.54269357338   0.541242606105
4.232   0.542693573377   0.541242606109
4.328   0.542693573376   0.541242606111
4.424   0.542693573375   0.541242606112
4.52   0.542693573375   0.541242606113
4.616   0.542693573375   0.541242606113
4.712   0.542693573375   0.541242606113
4.808   0.542693573375   0.541242606113
4.904   0.542693573375   0.541242606113
5.0   0.542693573375   0.541242606113
5.096   0.542693573375   0.541242606113
5.192   0.542693573375   0.541242606113
5.288   0.542693573375   0.541242606113
5.384   0.542693573375   0.541242606113
5.48   0.542693573375   0.541242606113
5.576   0.542693573375   0.541242606113
5.672   0.542693573375   0.541242606113
5.768   0.542693573375   0.541242606113
5.864   0.542693573375   0.541242606113
5.96   0.542693573375   0.541242606113
6.056   0.542693573375   0.541242606113
6.152   0.542693573375   0.541242606113
6.248   0.542693573375   0.541242606113
6.344   0.542693573375   0.541242606113
6.44   0.542693573375   0.541242606113
6.536   0.542693573375   0.541242606113
6.632   0.542693573375   0.541242606113
6.728   0.542693573375   0.541242606113
6.824   0.542693573375   0.541242606113
6.92   0.542693573375   0.541242606113
7.016   0.542693573375   0.541242606113
7.112   0.542693573375   0.541242606113
7.208   0.542693573375   0.541242606113
7.304   0.542693573375   0.541242606113
7.4   0.542693573375   0.541242606113
7.496   0.542693573375   0.541242606113
7.592   0.542693573375   0.541242606113
7.688   0.542693573375   0.541242606113
7.784   0.542693573375   0.541242606113
7.88   0.542693573375   0.541242606113
7.976   0.542693573375   0.541242606113
8.072   0.542693573375   0.541242606113
8.168   0.542693573375   0.541242606113
8.264   0.542693573375   0.541242606113
8.36   0.542693573375   0.541242606113
8.456   0.542693573375   0.541242606113
8.552   0.542693573375   0.541242606113
8.648   0.542693573375   0.541242606113
8.744   0.542693573375   0.541242606113
8.84   0.542693573375   0.541242606113
8.936   0.542693573375   0.541242606113
9.032   0.542693573375   0.541242606113
9.128   0.542693573375   0.541242606113
9.224   0.542693573375   0.541242606113
9.32   0.542693573375   0.541242606113
9.416   0.542693573375   0.541242606113
9.512   0.542693573375   0.541242606113
9.608   0.542693573375   0.541242606113
9.704   0.542693573375   0.541242606113
