0.2   0.561955509447   0.38509026072
0.296   0.557331549345   0.43010090446
0.392   0.553420927005   0.460282570053
0.488   0.55023112824   0.480937083422
0.584   0.547744116451   0.494936229859
0.68   0.545909955666   0.504181001403
0.776   0.544641953977   0.510098235478
0.872   0.543822698351   0.513777238284
0.968   0.543325563156   0.516012322327
1.064   0.543039011763   0.517348552148
1.16   0.542879183349   0.518139721637
1.256   0.54279236048   0.518605832288
1.352   0.542745857441   0.518879931658
1.448   0.542721156636   0.519040963455
1.544   0.542708099065   0.519135668361
1.64   0.542701215077   0.519191332298
1.736   0.542697591292   0.51922407548
1.832   0.542695685298   0.51924334265
1.928   0.542694683269   0.519254683107
2.024   0.542694156612   0.519261359278
2.12   0.542693879844   0.519265290103
2.216   0.542693734408   0.519267604726
2.312   0.542693657988   0.519268967753
2.408   0.542693617833   0.51926977044
2.504   0.542693596735   0.519270243155
2.6   0.542693585649   0.51927052155
2.696   0.542693579824   0.519270685506
2.792   0.542693576763   0.519270782066
2.888   0.542693575155   0.519270838934
2.984   0.54269357431   0.519270872426
3.08   0.542693573866   0.519270892151
3.176   0.542693573633   0.519270903768
3.272   0.54269357351   0.51927091061
3.368   0.542693573446   0.519270914639
3.464   0.542693573412   0.519270917012
3.56   0.542693573394   0.51927091841
3.656   0.542693573385   0.519270919233
3.752   0.54269357338   0.519270919718
3.848   0.542693573378   0.519270920003
3.944   0.542693573376   0.519270920171
4.04   0.542693573375   0.51927092027
4.136   0.542693573375   0.519270920329
4.232   0.542693573375   0.519270920363
4.328   0.542693573375   0.519270920383
4.424   0.542693573375   0.519270920395
4.52   0.542693573375   0.519270920402
4.616   0.542693573375   0.519270920406
4.712   0.542693573375   0.519270920409
4.808   0.542693573375   0.51927092041
4.904   0.542693573375   0.519270920411
5.0   0.542693573375   0.519270920411
5.096   0.542693573375   0.519270920412
5.192   0.542693573375   0.519270920412
5.288   0.542693573375   0.519270920412
5.384   0.542693573375   0.519270920412
5.48   0.542693573375   0.519270920412
5.576   0.542693573375   0.519270920412
5.672   0.542693573375   0.519270920412
5.768   0.542693573375   0.519270920412
5.864   0.542693573375   0.519270920412
5.96   0.542693573375   0.519270920412
6.056   0.542693573375   0.519270920412
6.152   0.542693573375   0.519270920412
6.248   0.542693573375   0.519270920412
6.344   0.542693573375   0.519270920412
6.44   0.542693573375   0.519270920412
6.536   0.542693573375   0.519270920412
6.632   0.542693573375   0.519270920412
6.728   0.542693573375   0.519270920412
6.824   0.542693573375   0.519270920412
6.92   0.542693573375   0.519270920412
7.016   0.542693573375   0.519270920412
7.112   0.542693573375   0.519270920412
7.208   0.542693573375   0.519270920412
7.304   0.542693573375   0.519270920412
7.4   0.542693573375   0.519270920412
7.496   0.542693573375   0.519270920412
7.592   0.542693573375   0.519270920412
7.688   0.542693573375   0.519270920412
7.784   0.542693573375   0.519270920412
7.88   0.542693573375   0.519270920412
7.976   0.542693573375   0.519270920412
8.072   0.542693573375   0.519270920412
8.168   0.542693573375   0.519270920412
8.264   0.542693573375   0.519270920412
8.36   0.542693573375   0.519270920412
8.456   0.542693573375   0.519270920412
8.552   0.542693573375   0.519270920412
8.648   0.542693573375   0.519270920412
8.744   0.542693573375   0.519270920412
8.84   0.542693573375   0.519270920412
8.936   0.542693573375   0.519270920412
9.032   0.542693573375   0.519270920412
9.128   0.542693573375   0.519270920412
9.224   0.542693573375   0.519270920412
9.32   0.542693573375   0.519270920412
9.416   0.542693573375   0.519270920412
9.512   0.542693573375   0.519270920412
9.608   0.542693573375   0.519270920412
9.704   0.542693573375   0.519270920412
