0.2   0.567268193129   0.455801240975
0.296   0.565238819249   0.493104739925
0.392   0.563873554839   0.515901131266
0.488   0.563078028345   0.52900889088
0.584   0.562681120613   0.535886141665
0.68   0.562507488142   0.539299636937
0.776   0.562436890593   0.540979401461
0.872   0.562409694355   0.541816553883
0.968   0.562399412613   0.542240567479
1.064   0.5623955577   0.542458043902
1.16   0.56239411749   0.542570603398
1.256   0.56239358021   0.542629204955
1.352   0.562393379895   0.542659827218
1.448   0.562393305229   0.54267586497
1.544   0.5623932774   0.542684275752
1.64   0.562393267029   0.542688690198
1.736   0.562393263164   0.542691008225
1.832   0.562393261723   0.542692225751
1.928   0.562393261186   0.542692865347
2.024   0.562393260986   0.542693201372
2.12   0.562393260911   0.542693377918
2.216   0.562393260884   0.542693470677
2.312   0.562393260873   0.542693519415
2.408   0.562393260869   0.542693545023
2.504   0.562393260868   0.542693558478
2.6   0.562393260868   0.542693565547
2.696   0.562393260867   0.542693569262
2.792   0.562393260867   0.542693571214
2.888   0.562393260867   0.542693572239
2.984   0.562393260867   0.542693572778
3.08   0.562393260867   0.542693573061
3.176   0.562393260867   0.54269357321
3.272   0.562393260867   0.542693573288
3.368   0.562393260867   0.542693573329
3.464   0.562393260867   0.542693573351
3.56   0.562393260867   0.542693573362
3.656   0.562393260867   0.542693573368
3.752   0.562393260867   0.542693573371
3.848   0.562393260867   0.542693573373
3.944   0.562393260867   0.542693573374
4.04   0.562393260867   0.542693573374
4.136   0.562393260867   0.542693573374
4.232   0.562393260867   0.542693573375
4.328   0.562393260867   0.542693573375
4.424   0.562393260867   0.542693573375
4.52   0.562393260867   0.542693573375
4.616   0.562393260867   0.542693573375
4.712   0.562393260867   0.542693573375
4.808   0.562393260867   0.542693573375
4.904   0.562393260867   0.542693573375
5.0   0.562393260867   0.542693573375
5.096   0.562393260867   0.542693573375
5.192   0.562393260867   0.542693573375
5.288   0.562393260867   0.542693573375
5.384   0.562393260867   0.542693573375
5.48   0.562393260867   0.542693573375
5.576   0.562393260867   0.542693573375
5.672   0.562393260867   0.542693573375
5.768   0.562393260867   0.542693573375
5.864   0.562393260867   0.542693573375
5.96   0.562393260867   0.542693573375
6.056   0.562393260867   0.542693573375
6.152   0.562393260867   0.542693573375
6.248   0.562393260867   0.542693573375
6.344   0.562393260867   0.542693573375
6.44   0.562393260867   0.542693573375
6.536   0.562393260867   0.542693573375
6.632   0.562393260867   0.542693573375
6.728   0.562393260867   0.542693573375
6.824   0.562393260867   0.542693573375
6.92   0.562393260867   0.542693573375
7.016   0.562393260867   0.542693573375
7.112   0.562393260867   0.542693573375
7.208   0.562393260867   0.542693573375
7.304   0.562393260867   0.542693573375
7.4   0.562393260867   0.542693573375
7.496   0.562393260867   0.542693573375
7.592   0.562393260867   0.542693573375
7.688   0.562393260867   0.542693573375
7.784   0.562393260867   0.542693573375
7.88   0.562393260867   0.542693573375
7.976   0.562393260867   0.542693573375
8.072   0.562393260867   0.542693573375
8.168   0.562393260867   0.542693573375
8.264   0.562393260867   0.542693573375
8.36   0.562393260867   0.542693573375
8.456   0.562393260867   0.542693573375
8.552   0.562393260867   0.542693573375
8.648   0.562393260867   0.542693573375
8.744   0.562393260867   0.542693573375
8.84   0.562393260867   0.542693573375
8.936   0.562393260867   0.542693573375
9.032   0.562393260867   0.542693573375
9.128   0.562393260867   0.542693573375
9.224   0.562393260867   0.542693573375
9.32   0.562393260867   0.542693573375
9.416   0.562393260867   0.542693573375
9.512   0.562393260867   0.542693573375
9.608   0.562393260867   0.542693573375
9.704   0.562393260867   0.542693573375
