0.2   0.563172328509   0.399730658252
0.296   0.55897182973   0.4465792944
0.392   0.555339924025   0.477302505669
0.488   0.552265518386   0.497911180218
0.584   0.549723400065   0.511591723888
0.68   0.547678153115   0.52046741591
0.776   0.546086810916   0.526114055513
0.872   0.54489990524   0.529660666476
0.968   0.544060256082   0.531860871653
1.064   0.54350148421   0.533201390133
1.16   0.543152607089   0.533999221218
1.256   0.542946752861   0.53446272357
1.352   0.54283065474   0.534726738421
1.448   0.542766750194   0.534875246508
1.544   0.542732363607   0.534957903085
1.64   0.542714054182   0.535003816231
1.736   0.54270436318   0.535029237656
1.832   0.542699250835   0.535043296091
1.928   0.542696558812   0.535051065916
2.024   0.542695142675   0.535055358897
2.12   0.54269439812   0.535057730534
2.216   0.542694006774   0.535059040656
2.312   0.542693801111   0.535059764367
2.408   0.542693693038   0.535060164141
2.504   0.542693636251   0.535060384974
2.6   0.542693606412   0.53506050696
2.696   0.542693590734   0.535060574345
2.792   0.542693582496   0.535060611568
2.888   0.542693578167   0.53506063213
2.984   0.542693575893   0.535060643488
3.08   0.542693574698   0.535060649763
3.176   0.54269357407   0.535060653229
3.272   0.54269357374   0.535060655143
3.368   0.542693573567   0.535060656201
3.464   0.542693573475   0.535060656785
3.56   0.542693573428   0.535060657108
3.656   0.542693573402   0.535060657286
3.752   0.542693573389   0.535060657384
3.848   0.542693573382   0.535060657439
3.944   0.542693573379   0.535060657469
4.04   0.542693573377   0.535060657485
4.136   0.542693573376   0.535060657495
4.232   0.542693573375   0.5350606575
4.328   0.542693573375   0.535060657502
4.424   0.542693573375   0.535060657504
4.52   0.542693573375   0.535060657505
4.616   0.542693573375   0.535060657505
4.712   0.542693573375   0.535060657506
4.808   0.542693573375   0.535060657506
4.904   0.542693573375   0.535060657506
5.0   0.542693573375   0.535060657506
5.096   0.542693573375   0.535060657506
5.192   0.542693573375   0.535060657506
5.288   0.542693573375   0.535060657506
5.384   0.542693573375   0.535060657506
5.48   0.542693573375   0.535060657506
5.576   0.542693573375   0.535060657506
5.672   0.542693573375   0.535060657506
5.768   0.542693573375   0.535060657506
5.864   0.542693573375   0.535060657506
5.96   0.542693573375   0.535060657506
6.056   0.542693573375   0.535060657506
6.152   0.542693573375   0.535060657506
6.248   0.542693573375   0.535060657506
6.344   0.542693573375   0.535060657506
6.44   0.542693573375   0.535060657506
6.536   0.542693573375   0.535060657506
6.632   0.542693573375   0.535060657506
6.728   0.542693573375   0.535060657506
6.824   0.542693573375   0.535060657506
6.92   0.542693573375   0.535060657506
7.016   0.542693573375   0.535060657506
7.112   0.542693573375   0.535060657506
7.208   0.542693573375   0.535060657506
7.304   0.542693573375   0.535060657506
7.4   0.542693573375   0.535060657506
7.496   0.542693573375   0.535060657506
7.592   0.542693573375   0.535060657506
7.688   0.542693573375   0.535060657506
7.784   0.542693573375   0.535060657506
7.88   0.542693573375   0.535060657506
7.976   0.542693573375   0.535060657506
8.072   0.542693573375   0.535060657506
8.168   0.542693573375   0.535060657506
8.264   0.542693573375   0.535060657506
8.36   0.542693573375   0.535060657506
8.456   0.542693573375   0.535060657506
8.552   0.542693573375   0.535060657506
8.648   0.542693573375   0.535060657506
8.744   0.542693573375   0.535060657506
8.84   0.542693573375   0.535060657506
8.936   0.542693573375   0.535060657506
9.032   0.542693573375   0.535060657506
9.128   0.542693573375   0.535060657506
9.224   0.542693573375   0.535060657506
9.32   0.542693573375   0.535060657506
9.416   0.542693573375   0.535060657506
9.512   0.542693573375   0.535060657506
9.608   0.542693573375   0.535060657506
9.704   0.542693573375   0.535060657506
