0.2   0.566572055503   0.440608987546
0.296   0.564104004285   0.483497393064
0.392   0.562259451537   0.509770990254
0.488   0.561008610606   0.525337472015
0.584   0.560258051964   0.533861100689
0.68   0.559861414406   0.538239355397
0.776   0.559673386486   0.54043474741
0.872   0.55958961355   0.541537257689
0.968   0.559554021685   0.542096577094
1.064   0.559539180284   0.542383440451
1.16   0.559533046557   0.542531783283
1.256   0.559530521982   0.542608916365
1.352   0.559529484818   0.542649205306
1.448   0.559529059073   0.542670296032
1.544   0.559528884372   0.542681353449
1.64   0.559528812697   0.542687155897
1.736   0.559528783292   0.542690202413
1.832   0.559528771229   0.542691802461
1.928   0.559528766281   0.54269264297
2.024   0.559528764251   0.542693084537
2.12   0.559528763418   0.542693316532
2.216   0.559528763076   0.542693438424
2.312   0.559528762936   0.542693502468
2.408   0.559528762879   0.542693536118
2.504   0.559528762855   0.542693553799
2.6   0.559528762845   0.542693563089
2.696   0.559528762842   0.54269356797
2.792   0.55952876284   0.542693570535
2.888   0.559528762839   0.542693571883
2.984   0.559528762839   0.542693572591
3.08   0.559528762839   0.542693572963
3.176   0.559528762839   0.542693573158
3.272   0.559528762839   0.542693573261
3.368   0.559528762839   0.542693573315
3.464   0.559528762839   0.542693573343
3.56   0.559528762839   0.542693573358
3.656   0.559528762839   0.542693573366
3.752   0.559528762839   0.54269357337
3.848   0.559528762839   0.542693573372
3.944   0.559528762839   0.542693573373
4.04   0.559528762839   0.542693573374
4.136   0.559528762839   0.542693573374
4.232   0.559528762839   0.542693573374
4.328   0.559528762839   0.542693573375
4.424   0.559528762839   0.542693573375
4.52   0.559528762839   0.542693573375
4.616   0.559528762839   0.542693573375
4.712   0.559528762839   0.542693573375
4.808   0.559528762839   0.542693573375
4.904   0.559528762839   0.542693573375
5.0   0.559528762839   0.542693573375
5.096   0.559528762839   0.542693573375
5.192   0.559528762839   0.542693573375
5.288   0.559528762839   0.542693573375
5.384   0.559528762839   0.542693573375
5.48   0.559528762839   0.542693573375
5.576   0.559528762839   0.542693573375
5.672   0.559528762839   0.542693573375
5.768   0.559528762839   0.542693573375
5.864   0.559528762839   0.542693573375
5.96   0.559528762839   0.542693573375
6.056   0.559528762839   0.542693573375
6.152   0.559528762839   0.542693573375
6.248   0.559528762839   0.542693573375
6.344   0.559528762839   0.542693573375
6.44   0.559528762839   0.542693573375
6.536   0.559528762839   0.542693573375
6.632   0.559528762839   0.542693573375
6.728   0.559528762839   0.542693573375
6.824   0.559528762839   0.542693573375
6.92   0.559528762839   0.542693573375
7.016   0.559528762839   0.542693573375
7.112   0.559528762839   0.542693573375
7.208   0.559528762839   0.542693573375
7.304   0.559528762839   0.542693573375
7.4   0.559528762839   0.542693573375
7.496   0.559528762839   0.542693573375
7.592   0.559528762839   0.542693573375
7.688   0.559528762839   0.542693573375
7.784   0.559528762839   0.542693573375
7.88   0.559528762839   0.542693573375
7.976   0.559528762839   0.542693573375
8.072   0.559528762839   0.542693573375
8.168   0.559528762839   0.542693573375
8.264   0.559528762839   0.542693573375
8.36   0.559528762839   0.542693573375
8.456   0.559528762839   0.542693573375
8.552   0.559528762839   0.542693573375
8.648   0.559528762839   0.542693573375
8.744   0.559528762839   0.542693573375
8.84   0.559528762839   0.542693573375
8.936   0.559528762839   0.542693573375
9.032   0.559528762839   0.542693573375
9.128   0.559528762839   0.542693573375
9.224   0.559528762839   0.542693573375
9.32   0.559528762839   0.542693573375
9.416   0.559528762839   0.542693573375
9.512   0.559528762839   0.542693573375
9.608   0.559528762839   0.542693573375
9.704   0.559528762839   0.542693573375
