0.2   0.562231470742   0.404319180855
0.296   0.557714328055   0.444119012176
0.392   0.55387373506   0.471345004328
0.488   0.550706885352   0.490179104177
0.584   0.548192542036   0.503015370515
0.68   0.546288852369   0.51151817046
0.776   0.544928620815   0.516973977369
0.872   0.544018325771   0.520371903014
0.968   0.543447845976   0.522434148882
1.064   0.543110332819   0.523660342268
1.16   0.54291939216   0.524379006316
1.256   0.542814264013   0.524796514686
1.352   0.542757602791   0.52503802146
1.448   0.542727398206   0.525177377529
1.544   0.542711399075   0.525257734554
1.64   0.54270295493   0.525304064924
1.736   0.542698507167   0.525330779604
1.832   0.542696167014   0.525346186118
1.928   0.542694936517   0.525355072534
2.024   0.542694289716   0.525360198837
2.12   0.542693949792   0.525363156326
2.216   0.542693771164   0.525364862689
2.312   0.542693677302   0.525365847244
2.408   0.542693627982   0.525366415339
2.504   0.542693602067   0.525366743141
2.6   0.542693588451   0.525366932292
2.696   0.542693581296   0.525367041438
2.792   0.542693577537   0.525367104419
2.888   0.542693575562   0.525367140762
2.984   0.542693574524   0.525367161733
3.08   0.542693573978   0.525367173834
3.176   0.542693573692   0.525367180816
3.272   0.542693573541   0.525367184846
3.368   0.542693573462   0.525367187171
3.464   0.542693573421   0.525367188513
3.56   0.542693573399   0.525367189287
3.656   0.542693573387   0.525367189734
3.752   0.542693573381   0.525367189991
3.848   0.542693573378   0.52536719014
3.944   0.542693573376   0.525367190226
4.04   0.542693573376   0.525367190275
4.136   0.542693573375   0.525367190304
4.232   0.542693573375   0.52536719032
4.328   0.542693573375   0.52536719033
4.424   0.542693573375   0.525367190336
4.52   0.542693573375   0.525367190339
4.616   0.542693573375   0.525367190341
4.712   0.542693573375   0.525367190342
4.808   0.542693573375   0.525367190342
4.904   0.542693573375   0.525367190343
5.0   0.542693573375   0.525367190343
5.096   0.542693573375   0.525367190343
5.192   0.542693573375   0.525367190343
5.288   0.542693573375   0.525367190343
5.384   0.542693573375   0.525367190343
5.48   0.542693573375   0.525367190343
5.576   0.542693573375   0.525367190343
5.672   0.542693573375   0.525367190343
5.768   0.542693573375   0.525367190343
5.864   0.542693573375   0.525367190343
5.96   0.542693573375   0.525367190343
6.056   0.542693573375   0.525367190343
6.152   0.542693573375   0.525367190343
6.248   0.542693573375   0.525367190343
6.344   0.542693573375   0.525367190343
6.44   0.542693573375   0.525367190343
6.536   0.542693573375   0.525367190343
6.632   0.542693573375   0.525367190343
6.728   0.542693573375   0.525367190343
6.824   0.542693573375   0.525367190343
6.92   0.542693573375   0.525367190343
7.016   0.542693573375   0.525367190343
7.112   0.542693573375   0.525367190343
7.208   0.542693573375   0.525367190343
7.304   0.542693573375   0.525367190343
7.4   0.542693573375   0.525367190343
7.496   0.542693573375   0.525367190343
7.592   0.542693573375   0.525367190343
7.688   0.542693573375   0.525367190343
7.784   0.542693573375   0.525367190343
7.88   0.542693573375   0.525367190343
7.976   0.542693573375   0.525367190343
8.072   0.542693573375   0.525367190343
8.168   0.542693573375   0.525367190343
8.264   0.542693573375   0.525367190343
8.36   0.542693573375   0.525367190343
8.456   0.542693573375   0.525367190343
8.552   0.542693573375   0.525367190343
8.648   0.542693573375   0.525367190343
8.744   0.542693573375   0.525367190343
8.84   0.542693573375   0.525367190343
8.936   0.542693573375   0.525367190343
9.032   0.542693573375   0.525367190343
9.128   0.542693573375   0.525367190343
9.224   0.542693573375   0.525367190343
9.32   0.542693573375   0.525367190343
9.416   0.542693573375   0.525367190343
9.512   0.542693573375   0.525367190343
9.608   0.542693573375   0.525367190343
9.704   0.542693573375   0.525367190343
