0.2   0.565449585807   0.42660310243
0.296   0.562334388452   0.472339463237
0.392   0.559768092507   0.501033099558
0.488   0.557743301951   0.518974792269
0.584   0.556235646296   0.529661576627
0.68   0.555195104996   0.535695968397
0.776   0.554539757388   0.538986937223
0.872   0.554164080605   0.54074590591
0.968   0.553965875744   0.541674137595
1.064   0.553866301049   0.542160353317
1.16   0.553818336184   0.542414630145
1.256   0.553795656748   0.542547472644
1.352   0.55378503713   0.542616973137
1.448   0.553780089131   0.542653381743
1.544   0.553777789414   0.542672474109
1.64   0.553776721863   0.542682493181
1.736   0.553776226592   0.5426877534
1.832   0.553775996886   0.542690515973
1.928   0.553775890365   0.542691967105
2.024   0.553775840971   0.542692729447
2.12   0.553775818067   0.542693129966
2.216   0.553775807448   0.542693340399
2.312   0.553775802524   0.542693450964
2.408   0.553775800241   0.542693509057
2.504   0.553775799182   0.54269353958
2.6   0.553775798691   0.542693555618
2.696   0.553775798464   0.542693564045
2.792   0.553775798358   0.542693568472
2.888   0.553775798309   0.542693570799
2.984   0.553775798286   0.542693572021
3.08   0.553775798276   0.542693572664
3.176   0.553775798271   0.542693573001
3.272   0.553775798269   0.542693573178
3.368   0.553775798268   0.542693573272
3.464   0.553775798267   0.54269357332
3.56   0.553775798267   0.542693573346
3.656   0.553775798267   0.54269357336
3.752   0.553775798267   0.542693573367
3.848   0.553775798267   0.542693573371
3.944   0.553775798267   0.542693573372
4.04   0.553775798267   0.542693573374
4.136   0.553775798267   0.542693573374
4.232   0.553775798267   0.542693573374
4.328   0.553775798267   0.542693573374
4.424   0.553775798267   0.542693573375
4.52   0.553775798267   0.542693573375
4.616   0.553775798267   0.542693573375
4.712   0.553775798267   0.542693573375
4.808   0.553775798267   0.542693573375
4.904   0.553775798267   0.542693573375
5.0   0.553775798267   0.542693573375
5.096   0.553775798267   0.542693573375
5.192   0.553775798267   0.542693573375
5.288   0.553775798267   0.542693573375
5.384   0.553775798267   0.542693573375
5.48   0.553775798267   0.542693573375
5.576   0.553775798267   0.542693573375
5.672   0.553775798267   0.542693573375
5.768   0.553775798267   0.542693573375
5.864   0.553775798267   0.542693573375
5.96   0.553775798267   0.542693573375
6.056   0.553775798267   0.542693573375
6.152   0.553775798267   0.542693573375
6.248   0.553775798267   0.542693573375
6.344   0.553775798267   0.542693573375
6.44   0.553775798267   0.542693573375
6.536   0.553775798267   0.542693573375
6.632   0.553775798267   0.542693573375
6.728   0.553775798267   0.542693573375
6.824   0.553775798267   0.542693573375
6.92   0.553775798267   0.542693573375
7.016   0.553775798267   0.542693573375
7.112   0.553775798267   0.542693573375
7.208   0.553775798267   0.542693573375
7.304   0.553775798267   0.542693573375
7.4   0.553775798267   0.542693573375
7.496   0.553775798267   0.542693573375
7.592   0.553775798267   0.542693573375
7.688   0.553775798267   0.542693573375
7.784   0.553775798267   0.542693573375
7.88   0.553775798267   0.542693573375
7.976   0.553775798267   0.542693573375
8.072   0.553775798267   0.542693573375
8.168   0.553775798267   0.542693573375
8.264   0.553775798267   0.542693573375
8.36   0.553775798267   0.542693573375
8.456   0.553775798267   0.542693573375
8.552   0.553775798267   0.542693573375
8.648   0.553775798267   0.542693573375
8.744   0.553775798267   0.542693573375
8.84   0.553775798267   0.542693573375
8.936   0.553775798267   0.542693573375
9.032   0.553775798267   0.542693573375
9.128   0.553775798267   0.542693573375
9.224   0.553775798267   0.542693573375
9.32   0.553775798267   0.542693573375
9.416   0.553775798267   0.542693573375
9.512   0.553775798267   0.542693573375
9.608   0.553775798267   0.542693573375
9.704   0.553775798267   0.542693573375
