0.2   0.565374365489   0.43106598205
0.296   0.562230753725   0.47443402338
0.392   0.559638924379   0.501975806629
0.488   0.557589625778   0.519346835508
0.584   0.556057525839   0.529778515116
0.68   0.554993306317   0.535718006787
0.776   0.55431732546   0.538981976289
0.872   0.553926165841   0.540737290236
0.968   0.553717999365   0.541667687746
1.064   0.55361259925   0.542156391165
1.16   0.553561514571   0.542412399721
1.256   0.55353723142   0.542546260169
1.352   0.553525806192   0.54261632525
1.448   0.553520458786   0.542653038487
1.544   0.553517962598   0.542672293017
1.64   0.553516798886   0.542682397841
1.736   0.553516256717   0.542687703258
1.832   0.553516004202   0.542690489615
1.928   0.553515886611   0.542691953252
2.024   0.553515831855   0.542692722168
2.12   0.55351580636   0.542693126141
2.216   0.553515794488   0.54269333839
2.312   0.553515788961   0.542693449908
2.408   0.553515786387   0.542693508502
2.504   0.553515785189   0.542693539289
2.6   0.553515784631   0.542693555465
2.696   0.553515784371   0.542693563964
2.792   0.55351578425   0.54269356843
2.888   0.553515784194   0.542693570777
2.984   0.553515784168   0.54269357201
3.08   0.553515784155   0.542693572657
3.176   0.55351578415   0.542693572998
3.272   0.553515784147   0.542693573177
3.368   0.553515784146   0.542693573271
3.464   0.553515784145   0.54269357332
3.56   0.553515784145   0.542693573346
3.656   0.553515784145   0.54269357336
3.752   0.553515784145   0.542693573367
3.848   0.553515784145   0.54269357337
3.944   0.553515784145   0.542693573372
4.04   0.553515784145   0.542693573374
4.136   0.553515784145   0.542693573374
4.232   0.553515784145   0.542693573374
4.328   0.553515784145   0.542693573374
4.424   0.553515784145   0.542693573375
4.52   0.553515784145   0.542693573375
4.616   0.553515784145   0.542693573375
4.712   0.553515784145   0.542693573375
4.808   0.553515784145   0.542693573375
4.904   0.553515784145   0.542693573375
5.0   0.553515784145   0.542693573375
5.096   0.553515784145   0.542693573375
5.192   0.553515784145   0.542693573375
5.288   0.553515784145   0.542693573375
5.384   0.553515784145   0.542693573375
5.48   0.553515784145   0.542693573375
5.576   0.553515784145   0.542693573375
5.672   0.553515784145   0.542693573375
5.768   0.553515784145   0.542693573375
5.864   0.553515784145   0.542693573375
5.96   0.553515784145   0.542693573375
6.056   0.553515784145   0.542693573375
6.152   0.553515784145   0.542693573375
6.248   0.553515784145   0.542693573375
6.344   0.553515784145   0.542693573375
6.44   0.553515784145   0.542693573375
6.536   0.553515784145   0.542693573375
6.632   0.553515784145   0.542693573375
6.728   0.553515784145   0.542693573375
6.824   0.553515784145   0.542693573375
6.92   0.553515784145   0.542693573375
7.016   0.553515784145   0.542693573375
7.112   0.553515784145   0.542693573375
7.208   0.553515784145   0.542693573375
7.304   0.553515784145   0.542693573375
7.4   0.553515784145   0.542693573375
7.496   0.553515784145   0.542693573375
7.592   0.553515784145   0.542693573375
7.688   0.553515784145   0.542693573375
7.784   0.553515784145   0.542693573375
7.88   0.553515784145   0.542693573375
7.976   0.553515784145   0.542693573375
8.072   0.553515784145   0.542693573375
8.168   0.553515784145   0.542693573375
8.264   0.553515784145   0.542693573375
8.36   0.553515784145   0.542693573375
8.456   0.553515784145   0.542693573375
8.552   0.553515784145   0.542693573375
8.648   0.553515784145   0.542693573375
8.744   0.553515784145   0.542693573375
8.84   0.553515784145   0.542693573375
8.936   0.553515784145   0.542693573375
9.032   0.553515784145   0.542693573375
9.128   0.553515784145   0.542693573375
9.224   0.553515784145   0.542693573375
9.32   0.553515784145   0.542693573375
9.416   0.553515784145   0.542693573375
9.512   0.553515784145   0.542693573375
9.608   0.553515784145   0.542693573375
9.704   0.553515784145   0.542693573375
