0.2   0.563160988546   0.408187968748
0.296   0.558969757685   0.451578222568
0.392   0.555352331546   0.48046317456
0.488   0.552294055584   0.500008171686
0.584   0.549766347663   0.513055459222
0.68   0.547730922495   0.521557617347
0.776   0.546142857715   0.526990372389
0.872   0.544952222278   0.530419694751
0.968   0.544103243466   0.532559464701
1.064   0.543532944634   0.533871225191
1.16   0.543173265018   0.534656297427
1.256   0.542959244026   0.535114142118
1.352   0.542837833614   0.535375373102
1.448   0.542770698446   0.53552232645
1.544   0.542734491394   0.535603932833
1.64   0.542715187821   0.535649172074
1.736   0.542704963336   0.535674147487
1.832   0.542699567461   0.535687915123
1.928   0.542696725541   0.535695498674
2.024   0.542695230382   0.535699674286
2.12   0.542694444233   0.535701973015
2.216   0.542694031011   0.535703238385
2.312   0.542693813848   0.5357039349
2.408   0.542693699732   0.535704318286
2.504   0.542693639768   0.535704529314
2.6   0.54269360826   0.53570464547
2.696   0.542693591705   0.535704709406
2.792   0.542693583006   0.535704744598
2.888   0.542693578435   0.535704763969
2.984   0.542693576034   0.535704774631
3.08   0.542693574772   0.5357047805
3.176   0.542693574109   0.535704783731
3.272   0.54269357376   0.535704785509
3.368   0.542693573577   0.535704786488
3.464   0.542693573481   0.535704787026
3.56   0.542693573431   0.535704787323
3.656   0.542693573404   0.535704787486
3.752   0.54269357339   0.535704787576
3.848   0.542693573383   0.535704787625
3.944   0.542693573379   0.535704787653
4.04   0.542693573377   0.535704787668
4.136   0.542693573376   0.535704787676
4.232   0.542693573375   0.53570478768
4.328   0.542693573375   0.535704787683
4.424   0.542693573375   0.535704787684
4.52   0.542693573375   0.535704787685
4.616   0.542693573375   0.535704787685
4.712   0.542693573375   0.535704787686
4.808   0.542693573375   0.535704787686
4.904   0.542693573375   0.535704787686
5.0   0.542693573375   0.535704787686
5.096   0.542693573375   0.535704787686
5.192   0.542693573375   0.535704787686
5.288   0.542693573375   0.535704787686
5.384   0.542693573375   0.535704787686
5.48   0.542693573375   0.535704787686
5.576   0.542693573375   0.535704787686
5.672   0.542693573375   0.535704787686
5.768   0.542693573375   0.535704787686
5.864   0.542693573375   0.535704787686
5.96   0.542693573375   0.535704787686
6.056   0.542693573375   0.535704787686
6.152   0.542693573375   0.535704787686
6.248   0.542693573375   0.535704787686
6.344   0.542693573375   0.535704787686
6.44   0.542693573375   0.535704787686
6.536   0.542693573375   0.535704787686
6.632   0.542693573375   0.535704787686
6.728   0.542693573375   0.535704787686
6.824   0.542693573375   0.535704787686
6.92   0.542693573375   0.535704787686
7.016   0.542693573375   0.535704787686
7.112   0.542693573375   0.535704787686
7.208   0.542693573375   0.535704787686
7.304   0.542693573375   0.535704787686
7.4   0.542693573375   0.535704787686
7.496   0.542693573375   0.535704787686
7.592   0.542693573375   0.535704787686
7.688   0.542693573375   0.535704787686
7.784   0.542693573375   0.535704787686
7.88   0.542693573375   0.535704787686
7.976   0.542693573375   0.535704787686
8.072   0.542693573375   0.535704787686
8.168   0.542693573375   0.535704787686
8.264   0.542693573375   0.535704787686
8.36   0.542693573375   0.535704787686
8.456   0.542693573375   0.535704787686
8.552   0.542693573375   0.535704787686
8.648   0.542693573375   0.535704787686
8.744   0.542693573375   0.535704787686
8.84   0.542693573375   0.535704787686
8.936   0.542693573375   0.535704787686
9.032   0.542693573375   0.535704787686
9.128   0.542693573375   0.535704787686
9.224   0.542693573375   0.535704787686
9.32   0.542693573375   0.535704787686
9.416   0.542693573375   0.535704787686
9.512   0.542693573375   0.535704787686
9.608   0.542693573375   0.535704787686
9.704   0.542693573375   0.535704787686
