0.2   0.564152593803   0.436675698297
0.296   0.560433134344   0.473068994679
0.392   0.557259549613   0.497631584317
0.488   0.554604504919   0.514149849749
0.584   0.552428160064   0.524929551982
0.68   0.550683031093   0.531744041077
0.776   0.549318053415   0.535985084615
0.872   0.548282108349   0.538622332666
0.968   0.547525681522   0.540264529457
1.064   0.547000463252   0.541279026366
1.16   0.546657257836   0.541892484625
1.256   0.54644748997   0.542251406212
1.352   0.546327524791   0.542454269879
1.448   0.546260904148   0.542565752328
1.544   0.546225535882   0.542625796407
1.64   0.546207104477   0.542657786782
1.736   0.546197597732   0.542674722088
1.832   0.546192721635   0.542683655452
1.928   0.546190228104   0.542688358782
2.024   0.546188954976   0.542690832573
2.12   0.546188305489   0.54269213304
2.216   0.546187974297   0.542692816519
2.312   0.546187805449   0.542693175684
2.408   0.546187719379   0.542693364412
2.504   0.546187675506   0.542693463578
2.6   0.546187653144   0.542693515684
2.696   0.546187641746   0.542693543062
2.792   0.546187635937   0.542693557448
2.888   0.546187632975   0.542693565006
2.984   0.546187631466   0.542693568978
3.08   0.546187630697   0.542693571064
3.176   0.546187630305   0.542693572161
3.272   0.546187630105   0.542693572737
3.368   0.546187630003   0.54269357304
3.464   0.546187629951   0.542693573199
3.56   0.546187629925   0.542693573282
3.656   0.546187629911   0.542693573326
3.752   0.546187629905   0.542693573349
3.848   0.546187629901   0.542693573361
3.944   0.546187629899   0.542693573368
4.04   0.546187629898   0.542693573371
4.136   0.546187629898   0.542693573373
4.232   0.546187629898   0.542693573374
4.328   0.546187629897   0.542693573374
4.424   0.546187629897   0.542693573374
4.52   0.546187629897   0.542693573375
4.616   0.546187629897   0.542693573375
4.712   0.546187629897   0.542693573375
4.808   0.546187629897   0.542693573375
4.904   0.546187629897   0.542693573375
5.0   0.546187629897   0.542693573375
5.096   0.546187629897   0.542693573375
5.192   0.546187629897   0.542693573375
5.288   0.546187629897   0.542693573375
5.384   0.546187629897   0.542693573375
5.48   0.546187629897   0.542693573375
5.576   0.546187629897   0.542693573375
5.672   0.546187629897   0.542693573375
5.768   0.546187629897   0.542693573375
5.864   0.546187629897   0.542693573375
5.96   0.546187629897   0.542693573375
6.056   0.546187629897   0.542693573375
6.152   0.546187629897   0.542693573375
6.248   0.546187629897   0.542693573375
6.344   0.546187629897   0.542693573375
6.44   0.546187629897   0.542693573375
6.536   0.546187629897   0.542693573375
6.632   0.546187629897   0.542693573375
6.728   0.546187629897   0.542693573375
6.824   0.546187629897   0.542693573375
6.92   0.546187629897   0.542693573375
7.016   0.546187629897   0.542693573375
7.112   0.546187629897   0.542693573375
7.208   0.546187629897   0.542693573375
7.304   0.546187629897   0.542693573375
7.4   0.546187629897   0.542693573375
7.496   0.546187629897   0.542693573375
7.592   0.546187629897   0.542693573375
7.688   0.546187629897   0.542693573375
7.784   0.546187629897   0.542693573375
7.88   0.546187629897   0.542693573375
7.976   0.546187629897   0.542693573375
8.072   0.546187629897   0.542693573375
8.168   0.546187629897   0.542693573375
8.264   0.546187629897   0.542693573375
8.36   0.546187629897   0.542693573375
8.456   0.546187629897   0.542693573375
8.552   0.546187629897   0.542693573375
8.648   0.546187629897   0.542693573375
8.744   0.546187629897   0.542693573375
8.84   0.546187629897   0.542693573375
8.936   0.546187629897   0.542693573375
9.032   0.546187629897   0.542693573375
9.128   0.546187629897   0.542693573375
9.224   0.546187629897   0.542693573375
9.32   0.546187629897   0.542693573375
9.416   0.546187629897   0.542693573375
9.512   0.546187629897   0.542693573375
9.608   0.546187629897   0.542693573375
9.704   0.546187629897   0.542693573375
