0.2   0.566336554512   0.447418998709
0.296   0.563755786074   0.486295201136
0.392   0.56179589913   0.510720019066
0.488   0.560432007676   0.525514639448
0.584   0.559583601873   0.533809262489
0.68   0.559116570381   0.538163695572
0.776   0.558885612659   0.540381722404
0.872   0.558779867226   0.541506161311
0.968   0.558733341065   0.542079487619
1.064   0.558713427503   0.54237431207
1.16   0.55870499596   0.542526943691
1.256   0.558701444151   0.542606375088
1.352   0.558699951458   0.542647869435
1.448   0.558699324806   0.542669594192
1.544   0.558699061856   0.542680984764
1.64   0.558698951542   0.54268696222
1.736   0.558698905268   0.542690100665
1.832   0.558698885858   0.542691749006
1.928   0.558698877716   0.542692614885
2.024   0.558698874301   0.542693069781
2.12   0.558698872868   0.542693308779
2.216   0.558698872268   0.542693434351
2.312   0.558698872016   0.542693500328
2.408   0.55869887191   0.542693534994
2.504   0.558698871866   0.542693553208
2.6   0.558698871847   0.542693562779
2.696   0.558698871839   0.542693567807
2.792   0.558698871836   0.542693570449
2.888   0.558698871834   0.542693571838
2.984   0.558698871834   0.542693572567
3.08   0.558698871834   0.54269357295
3.176   0.558698871834   0.542693573152
3.272   0.558698871834   0.542693573258
3.368   0.558698871833   0.542693573313
3.464   0.558698871833   0.542693573342
3.56   0.558698871833   0.542693573358
3.656   0.558698871833   0.542693573366
3.752   0.558698871833   0.54269357337
3.848   0.558698871833   0.542693573372
3.944   0.558698871833   0.542693573373
4.04   0.558698871833   0.542693573374
4.136   0.558698871833   0.542693573374
4.232   0.558698871833   0.542693573374
4.328   0.558698871833   0.542693573375
4.424   0.558698871833   0.542693573375
4.52   0.558698871833   0.542693573375
4.616   0.558698871833   0.542693573375
4.712   0.558698871833   0.542693573375
4.808   0.558698871833   0.542693573375
4.904   0.558698871833   0.542693573375
5.0   0.558698871833   0.542693573375
5.096   0.558698871833   0.542693573375
5.192   0.558698871833   0.542693573375
5.288   0.558698871833   0.542693573375
5.384   0.558698871833   0.542693573375
5.48   0.558698871833   0.542693573375
5.576   0.558698871833   0.542693573375
5.672   0.558698871833   0.542693573375
5.768   0.558698871833   0.542693573375
5.864   0.558698871833   0.542693573375
5.96   0.558698871833   0.542693573375
6.056   0.558698871833   0.542693573375
6.152   0.558698871833   0.542693573375
6.248   0.558698871833   0.542693573375
6.344   0.558698871833   0.542693573375
6.44   0.558698871833   0.542693573375
6.536   0.558698871833   0.542693573375
6.632   0.558698871833   0.542693573375
6.728   0.558698871833   0.542693573375
6.824   0.558698871833   0.542693573375
6.92   0.558698871833   0.542693573375
7.016   0.558698871833   0.542693573375
7.112   0.558698871833   0.542693573375
7.208   0.558698871833   0.542693573375
7.304   0.558698871833   0.542693573375
7.4   0.558698871833   0.542693573375
7.496   0.558698871833   0.542693573375
7.592   0.558698871833   0.542693573375
7.688   0.558698871833   0.542693573375
7.784   0.558698871833   0.542693573375
7.88   0.558698871833   0.542693573375
7.976   0.558698871833   0.542693573375
8.072   0.558698871833   0.542693573375
8.168   0.558698871833   0.542693573375
8.264   0.558698871833   0.542693573375
8.36   0.558698871833   0.542693573375
8.456   0.558698871833   0.542693573375
8.552   0.558698871833   0.542693573375
8.648   0.558698871833   0.542693573375
8.744   0.558698871833   0.542693573375
8.84   0.558698871833   0.542693573375
8.936   0.558698871833   0.542693573375
9.032   0.558698871833   0.542693573375
9.128   0.558698871833   0.542693573375
9.224   0.558698871833   0.542693573375
9.32   0.558698871833   0.542693573375
9.416   0.558698871833   0.542693573375
9.512   0.558698871833   0.542693573375
9.608   0.558698871833   0.542693573375
9.704   0.558698871833   0.542693573375
