0.2   0.567630922252   0.463823386578
0.296   0.565832161712   0.497979142846
0.392   0.56470390259   0.518829516893
0.488   0.564105772296   0.530640988078
0.584   0.563836554157   0.536731655973
0.68   0.563729408747   0.539724624594
0.776   0.563689256956   0.541192996294
0.872   0.563674804615   0.541925029599
0.968   0.563669668314   0.542296212606
1.064   0.563667852456   0.542486832053
1.16   0.563667211837   0.542585583841
1.256   0.563666986017   0.542637029768
1.352   0.563666906441   0.542663924077
1.448   0.563666878402   0.542678013084
1.544   0.563666868523   0.542685403058
1.64   0.563666865043   0.5426892821
1.736   0.563666863817   0.542691319102
1.832   0.563666863385   0.542692389058
1.928   0.563666863232   0.542692951142
2.024   0.563666863179   0.542693246447
2.12   0.56366686316   0.542693401601
2.216   0.563666863153   0.542693483121
2.312   0.563666863151   0.542693525953
2.408   0.56366686315   0.542693548458
2.504   0.56366686315   0.542693560283
2.6   0.56366686315   0.542693566496
2.696   0.56366686315   0.54269356976
2.792   0.56366686315   0.542693571476
2.888   0.56366686315   0.542693572377
2.984   0.56366686315   0.54269357285
3.08   0.56366686315   0.542693573099
3.176   0.56366686315   0.54269357323
3.272   0.56366686315   0.542693573299
3.368   0.56366686315   0.542693573335
3.464   0.56366686315   0.542693573354
3.56   0.56366686315   0.542693573364
3.656   0.56366686315   0.542693573369
3.752   0.56366686315   0.542693573372
3.848   0.56366686315   0.542693573373
3.944   0.56366686315   0.542693573374
4.04   0.56366686315   0.542693573374
4.136   0.56366686315   0.542693573374
4.232   0.56366686315   0.542693573375
4.328   0.56366686315   0.542693573375
4.424   0.56366686315   0.542693573375
4.52   0.56366686315   0.542693573375
4.616   0.56366686315   0.542693573375
4.712   0.56366686315   0.542693573375
4.808   0.56366686315   0.542693573375
4.904   0.56366686315   0.542693573375
5.0   0.56366686315   0.542693573375
5.096   0.56366686315   0.542693573375
5.192   0.56366686315   0.542693573375
5.288   0.56366686315   0.542693573375
5.384   0.56366686315   0.542693573375
5.48   0.56366686315   0.542693573375
5.576   0.56366686315   0.542693573375
5.672   0.56366686315   0.542693573375
5.768   0.56366686315   0.542693573375
5.864   0.56366686315   0.542693573375
5.96   0.56366686315   0.542693573375
6.056   0.56366686315   0.542693573375
6.152   0.56366686315   0.542693573375
6.248   0.56366686315   0.542693573375
6.344   0.56366686315   0.542693573375
6.44   0.56366686315   0.542693573375
6.536   0.56366686315   0.542693573375
6.632   0.56366686315   0.542693573375
6.728   0.56366686315   0.542693573375
6.824   0.56366686315   0.542693573375
6.92   0.56366686315   0.542693573375
7.016   0.56366686315   0.542693573375
7.112   0.56366686315   0.542693573375
7.208   0.56366686315   0.542693573375
7.304   0.56366686315   0.542693573375
7.4   0.56366686315   0.542693573375
7.496   0.56366686315   0.542693573375
7.592   0.56366686315   0.542693573375
7.688   0.56366686315   0.542693573375
7.784   0.56366686315   0.542693573375
7.88   0.56366686315   0.542693573375
7.976   0.56366686315   0.542693573375
8.072   0.56366686315   0.542693573375
8.168   0.56366686315   0.542693573375
8.264   0.56366686315   0.542693573375
8.36   0.56366686315   0.542693573375
8.456   0.56366686315   0.542693573375
8.552   0.56366686315   0.542693573375
8.648   0.56366686315   0.542693573375
8.744   0.56366686315   0.542693573375
8.84   0.56366686315   0.542693573375
8.936   0.56366686315   0.542693573375
9.032   0.56366686315   0.542693573375
9.128   0.56366686315   0.542693573375
9.224   0.56366686315   0.542693573375
9.32   0.56366686315   0.542693573375
9.416   0.56366686315   0.542693573375
9.512   0.56366686315   0.542693573375
9.608   0.56366686315   0.542693573375
9.704   0.56366686315   0.542693573375
