0.2   0.562053226505   0.384267487037
0.296   0.557456772715   0.430236547486
0.392   0.553558905034   0.460909268067
0.488   0.550367161495   0.481833389588
0.584   0.54786524164   0.495982051427
0.68   0.546007282891   0.505308326139
0.776   0.544712459185   0.511269270545
0.872   0.543869239703   0.514971017095
0.968   0.543353950846   0.517216783506
1.064   0.5430554122   0.518556816287
1.16   0.542888271437   0.519348235266
1.256   0.542797283916   0.519813092917
1.352   0.542748489357   0.520085557656
1.448   0.542722552859   0.520245074759
1.544   0.542708836578   0.520338546193
1.64   0.542701603717   0.520393288343
1.736   0.54269779582   0.520425371662
1.832   0.542695792856   0.520444181316
1.928   0.542694739811   0.5204552118
2.024   0.542694186328   0.520461681599
2.12   0.54269389546   0.520465476889
2.216   0.542693742614   0.520467703473
2.312   0.5426936623   0.520469009824
2.408   0.542693620099   0.5204697763
2.504   0.542693597925   0.520470226026
2.6   0.542693586274   0.520470489905
2.696   0.542693580153   0.52047064474
2.792   0.542693576936   0.520470735592
2.888   0.542693575246   0.520470788901
2.984   0.542693574358   0.520470820181
3.08   0.542693573891   0.520470838535
3.176   0.542693573646   0.520470849305
3.272   0.542693573517   0.520470855624
3.368   0.54269357345   0.520470859333
3.464   0.542693573414   0.520470861508
3.56   0.542693573395   0.520470862785
3.656   0.542693573386   0.520470863534
3.752   0.54269357338   0.520470863974
3.848   0.542693573378   0.520470864232
3.944   0.542693573376   0.520470864383
4.04   0.542693573375   0.520470864472
4.136   0.542693573375   0.520470864524
4.232   0.542693573375   0.520470864555
4.328   0.542693573375   0.520470864572
4.424   0.542693573375   0.520470864583
4.52   0.542693573375   0.520470864589
4.616   0.542693573375   0.520470864593
4.712   0.542693573375   0.520470864595
4.808   0.542693573375   0.520470864596
4.904   0.542693573375   0.520470864597
5.0   0.542693573375   0.520470864597
5.096   0.542693573375   0.520470864598
5.192   0.542693573375   0.520470864598
5.288   0.542693573375   0.520470864598
5.384   0.542693573375   0.520470864598
5.48   0.542693573375   0.520470864598
5.576   0.542693573375   0.520470864598
5.672   0.542693573375   0.520470864598
5.768   0.542693573375   0.520470864598
5.864   0.542693573375   0.520470864598
5.96   0.542693573375   0.520470864598
6.056   0.542693573375   0.520470864598
6.152   0.542693573375   0.520470864598
6.248   0.542693573375   0.520470864598
6.344   0.542693573375   0.520470864598
6.44   0.542693573375   0.520470864598
6.536   0.542693573375   0.520470864598
6.632   0.542693573375   0.520470864598
6.728   0.542693573375   0.520470864598
6.824   0.542693573375   0.520470864598
6.92   0.542693573375   0.520470864598
7.016   0.542693573375   0.520470864598
7.112   0.542693573375   0.520470864598
7.208   0.542693573375   0.520470864598
7.304   0.542693573375   0.520470864598
7.4   0.542693573375   0.520470864598
7.496   0.542693573375   0.520470864598
7.592   0.542693573375   0.520470864598
7.688   0.542693573375   0.520470864598
7.784   0.542693573375   0.520470864598
7.88   0.542693573375   0.520470864598
7.976   0.542693573375   0.520470864598
8.072   0.542693573375   0.520470864598
8.168   0.542693573375   0.520470864598
8.264   0.542693573375   0.520470864598
8.36   0.542693573375   0.520470864598
8.456   0.542693573375   0.520470864598
8.552   0.542693573375   0.520470864598
8.648   0.542693573375   0.520470864598
8.744   0.542693573375   0.520470864598
8.84   0.542693573375   0.520470864598
8.936   0.542693573375   0.520470864598
9.032   0.542693573375   0.520470864598
9.128   0.542693573375   0.520470864598
9.224   0.542693573375   0.520470864598
9.32   0.542693573375   0.520470864598
9.416   0.542693573375   0.520470864598
9.512   0.542693573375   0.520470864598
9.608   0.542693573375   0.520470864598
9.704   0.542693573375   0.520470864598
