0.2   0.561379777188   0.368339570126
0.296   0.556587391862   0.415159588941
0.392   0.552602141605   0.446455468379
0.488   0.549433785586   0.467863281913
0.584   0.547050474236   0.482401457478
0.68   0.545369623344   0.492042560299
0.776   0.54426293504   0.49825307998
0.872   0.543580065548   0.502150986471
0.968   0.543180874798   0.504551608314
1.064   0.542956741474   0.506013125813
1.16   0.542834010932   0.506897608072
1.256   0.542768020407   0.507431825449
1.352   0.542732886074   0.507754226134
1.448   0.542714287223   0.507948881437
1.544   0.54270447395   0.508066486983
1.64   0.542699305781   0.508137587925
1.736   0.542696586778   0.508180597366
1.832   0.542695157119   0.508206625294
1.928   0.54269440564   0.508222381591
2.024   0.542694010706   0.508231922025
2.12   0.542693803172   0.50823769968
2.216   0.54269369412   0.508241198994
2.312   0.542693636819   0.508243318558
2.408   0.54269360671   0.50824460246
2.504   0.54269359089   0.508245380195
2.6   0.542693582578   0.508245851325
2.696   0.54269357821   0.508246136726
2.792   0.542693575915   0.508246309619
2.888   0.54269357471   0.508246414355
2.984   0.542693574076   0.508246477804
3.08   0.542693573743   0.508246516241
3.176   0.542693573568   0.508246539525
3.272   0.542693573476   0.508246553631
3.368   0.542693573428   0.508246562176
3.464   0.542693573403   0.508246567353
3.56   0.542693573389   0.508246570489
3.656   0.542693573382   0.508246572389
3.752   0.542693573379   0.50824657354
3.848   0.542693573377   0.508246574237
3.944   0.542693573376   0.508246574659
4.04   0.542693573375   0.508246574915
4.136   0.542693573375   0.50824657507
4.232   0.542693573375   0.508246575164
4.328   0.542693573375   0.508246575221
4.424   0.542693573375   0.508246575255
4.52   0.542693573375   0.508246575276
4.616   0.542693573375   0.508246575289
4.712   0.542693573375   0.508246575297
4.808   0.542693573375   0.508246575301
4.904   0.542693573375   0.508246575304
5.0   0.542693573375   0.508246575306
5.096   0.542693573375   0.508246575307
5.192   0.542693573375   0.508246575307
5.288   0.542693573375   0.508246575308
5.384   0.542693573375   0.508246575308
5.48   0.542693573375   0.508246575308
5.576   0.542693573375   0.508246575308
5.672   0.542693573375   0.508246575308
5.768   0.542693573375   0.508246575308
5.864   0.542693573375   0.508246575308
5.96   0.542693573375   0.508246575308
6.056   0.542693573375   0.508246575308
6.152   0.542693573375   0.508246575308
6.248   0.542693573375   0.508246575308
6.344   0.542693573375   0.508246575308
6.44   0.542693573375   0.508246575308
6.536   0.542693573375   0.508246575308
6.632   0.542693573375   0.508246575308
6.728   0.542693573375   0.508246575308
6.824   0.542693573375   0.508246575308
6.92   0.542693573375   0.508246575308
7.016   0.542693573375   0.508246575308
7.112   0.542693573375   0.508246575308
7.208   0.542693573375   0.508246575308
7.304   0.542693573375   0.508246575308
7.4   0.542693573375   0.508246575308
7.496   0.542693573375   0.508246575308
7.592   0.542693573375   0.508246575308
7.688   0.542693573375   0.508246575308
7.784   0.542693573375   0.508246575308
7.88   0.542693573375   0.508246575308
7.976   0.542693573375   0.508246575308
8.072   0.542693573375   0.508246575308
8.168   0.542693573375   0.508246575308
8.264   0.542693573375   0.508246575308
8.36   0.542693573375   0.508246575308
8.456   0.542693573375   0.508246575308
8.552   0.542693573375   0.508246575308
8.648   0.542693573375   0.508246575308
8.744   0.542693573375   0.508246575308
8.84   0.542693573375   0.508246575308
8.936   0.542693573375   0.508246575308
9.032   0.542693573375   0.508246575308
9.128   0.542693573375   0.508246575308
9.224   0.542693573375   0.508246575308
9.32   0.542693573375   0.508246575308
9.416   0.542693573375   0.508246575308
9.512   0.542693573375   0.508246575308
9.608   0.542693573375   0.508246575308
9.704   0.542693573375   0.508246575308
