0.2   0.561759391891   0.699999986422
0.296   0.55707681987   0.7
0.392   0.553138033574   0.453682614152
0.488   0.549951496625   0.477388246134
0.584   0.547496146989   0.491442970544
0.68   0.545712563856   0.50074230323
0.776   0.54450054554   0.506706389707
0.872   0.5437305721   0.510423587698
0.968   0.54326991786   0.512690043022
1.064   0.543007092388   0.514052003758
1.16   0.5428615703   0.514863753609
1.256   0.542782842688   0.51534567921
1.352   0.542740776893   0.515631446919
1.448   0.542718463615   0.515800849324
1.544   0.542706677198   0.515901312439
1.64   0.542700465995   0.51596092232
1.736   0.542697197128   0.515996308662
1.832   0.542695478028   0.516017323175
1.928   0.542694574316   0.516029806443
2.024   0.542694099351   0.516037223431
2.12   0.542693849753   0.516041630907
2.216   0.542693718597   0.51604425027
2.312   0.54269364968   0.51604580706
2.408   0.542693613468   0.516046732363
2.504   0.542693594441   0.516047282348
2.6   0.542693584444   0.516047609256
2.696   0.542693579191   0.51604780357
2.792   0.542693576431   0.516047919072
2.888   0.54269357498   0.516047987727
2.984   0.542693574218   0.516048028537
3.08   0.542693573818   0.516048052794
3.176   0.542693573608   0.516048067213
3.272   0.542693573497   0.516048075784
3.368   0.542693573439   0.516048080879
3.464   0.542693573408   0.516048083907
3.56   0.542693573392   0.516048085707
3.656   0.542693573384   0.516048086777
3.752   0.54269357338   0.516048087413
3.848   0.542693573377   0.516048087792
3.944   0.542693573376   0.516048088016
4.04   0.542693573375   0.51604808815
4.136   0.542693573375   0.516048088229
4.232   0.542693573375   0.516048088276
4.328   0.542693573375   0.516048088305
4.424   0.542693573375   0.516048088321
4.52   0.542693573375   0.516048088331
4.616   0.542693573375   0.516048088337
4.712   0.542693573375   0.51604808834
4.808   0.542693573375   0.516048088343
4.904   0.542693573375   0.516048088344
5.0   0.542693573375   0.516048088345
5.096   0.542693573375   0.516048088345
5.192   0.542693573375   0.516048088345
5.288   0.542693573375   0.516048088345
5.384   0.542693573375   0.516048088345
5.48   0.542693573375   0.516048088346
5.576   0.542693573375   0.516048088346
5.672   0.542693573375   0.516048088346
5.768   0.542693573375   0.516048088346
5.864   0.542693573375   0.516048088346
5.96   0.542693573375   0.516048088346
6.056   0.542693573375   0.516048088346
6.152   0.542693573375   0.516048088346
6.248   0.542693573375   0.516048088346
6.344   0.542693573375   0.516048088346
6.44   0.542693573375   0.516048088346
6.536   0.542693573375   0.516048088346
6.632   0.542693573375   0.516048088346
6.728   0.542693573375   0.516048088346
6.824   0.542693573375   0.516048088346
6.92   0.542693573375   0.516048088346
7.016   0.542693573375   0.516048088346
7.112   0.542693573375   0.516048088346
7.208   0.542693573375   0.516048088346
7.304   0.542693573375   0.516048088346
7.4   0.542693573375   0.516048088346
7.496   0.542693573375   0.516048088346
7.592   0.542693573375   0.516048088346
7.688   0.542693573375   0.516048088346
7.784   0.542693573375   0.516048088346
7.88   0.542693573375   0.516048088346
7.976   0.542693573375   0.516048088346
8.072   0.542693573375   0.516048088346
8.168   0.542693573375   0.516048088346
8.264   0.542693573375   0.516048088346
8.36   0.542693573375   0.516048088346
8.456   0.542693573375   0.516048088346
8.552   0.542693573375   0.516048088346
8.648   0.542693573375   0.516048088346
8.744   0.542693573375   0.516048088346
8.84   0.542693573375   0.516048088346
8.936   0.542693573375   0.516048088346
9.032   0.542693573375   0.516048088346
9.128   0.542693573375   0.516048088346
9.224   0.542693573375   0.516048088346
9.32   0.542693573375   0.516048088346
9.416   0.542693573375   0.516048088346
9.512   0.542693573375   0.516048088346
9.608   0.542693573375   0.516048088346
9.704   0.542693573375   0.516048088346
