0.2   0.564986953873   0.429758485347
0.296   0.561643496121   0.472257591569
0.392   0.558838374824   0.499632707482
0.488   0.556557238643   0.517229297225
0.584   0.554774364508   0.528094882997
0.68   0.55345123887   0.534509224099
0.776   0.55253319301   0.538184809193
0.872   0.551945684426   0.540249374903
0.968   0.551599927329   0.541386561907
1.064   0.551411325715   0.54200123135
1.16   0.551312893584   0.542328691744
1.256   0.551263603824   0.542501785064
1.352   0.551239375416   0.542592836051
1.448   0.551227584459   0.542640669128
1.544   0.551221876316   0.542665788128
1.64   0.551219120377   0.542678978991
1.736   0.551217791608   0.542685906784
1.832   0.551217151389   0.542689545711
1.928   0.551216843029   0.542691457314
2.024   0.551216694535   0.542692461595
2.12   0.551216623031   0.542692989232
2.216   0.551216588602   0.542693266455
2.312   0.551216572025   0.542693412111
2.408   0.551216564044   0.542693488643
2.504   0.551216560201   0.542693528854
2.6   0.55121655835   0.542693549982
2.696   0.551216557459   0.542693561084
2.792   0.55121655703   0.542693566917
2.888   0.551216556824   0.542693569981
2.984   0.551216556724   0.542693571592
3.08   0.551216556677   0.542693572438
3.176   0.551216556654   0.542693572882
3.272   0.551216556642   0.542693573116
3.368   0.551216556637   0.542693573239
3.464   0.551216556635   0.542693573303
3.56   0.551216556633   0.542693573337
3.656   0.551216556633   0.542693573355
3.752   0.551216556632   0.542693573364
3.848   0.551216556632   0.542693573369
3.944   0.551216556632   0.542693573372
4.04   0.551216556632   0.542693573373
4.136   0.551216556632   0.542693573374
4.232   0.551216556632   0.542693573374
4.328   0.551216556632   0.542693573374
4.424   0.551216556632   0.542693573375
4.52   0.551216556632   0.542693573375
4.616   0.551216556632   0.542693573375
4.712   0.551216556632   0.542693573375
4.808   0.551216556632   0.542693573375
4.904   0.551216556632   0.542693573375
5.0   0.551216556632   0.542693573375
5.096   0.551216556632   0.542693573375
5.192   0.551216556632   0.542693573375
5.288   0.551216556632   0.542693573375
5.384   0.551216556632   0.542693573375
5.48   0.551216556632   0.542693573375
5.576   0.551216556632   0.542693573375
5.672   0.551216556632   0.542693573375
5.768   0.551216556632   0.542693573375
5.864   0.551216556632   0.542693573375
5.96   0.551216556632   0.542693573375
6.056   0.551216556632   0.542693573375
6.152   0.551216556632   0.542693573375
6.248   0.551216556632   0.542693573375
6.344   0.551216556632   0.542693573375
6.44   0.551216556632   0.542693573375
6.536   0.551216556632   0.542693573375
6.632   0.551216556632   0.542693573375
6.728   0.551216556632   0.542693573375
6.824   0.551216556632   0.542693573375
6.92   0.551216556632   0.542693573375
7.016   0.551216556632   0.542693573375
7.112   0.551216556632   0.542693573375
7.208   0.551216556632   0.542693573375
7.304   0.551216556632   0.542693573375
7.4   0.551216556632   0.542693573375
7.496   0.551216556632   0.542693573375
7.592   0.551216556632   0.542693573375
7.688   0.551216556632   0.542693573375
7.784   0.551216556632   0.542693573375
7.88   0.551216556632   0.542693573375
7.976   0.551216556632   0.542693573375
8.072   0.551216556632   0.542693573375
8.168   0.551216556632   0.542693573375
8.264   0.551216556632   0.542693573375
8.36   0.551216556632   0.542693573375
8.456   0.551216556632   0.542693573375
8.552   0.551216556632   0.542693573375
8.648   0.551216556632   0.542693573375
8.744   0.551216556632   0.542693573375
8.84   0.551216556632   0.542693573375
8.936   0.551216556632   0.542693573375
9.032   0.551216556632   0.542693573375
9.128   0.551216556632   0.542693573375
9.224   0.551216556632   0.542693573375
9.32   0.551216556632   0.542693573375
9.416   0.551216556632   0.542693573375
9.512   0.551216556632   0.542693573375
9.608   0.551216556632   0.542693573375
9.704   0.551216556632   0.542693573375
