0.2   0.562341257043   0.397500370184
0.296   0.557848989439   0.440406485226
0.392   0.554017029444   0.469328190622
0.488   0.550845099005   0.489152006471
0.584   0.548314903898   0.502577768343
0.68   0.546388251788   0.511430488132
0.776   0.545002419752   0.517092989219
0.872   0.544068421205   0.520613098698
0.968   0.5434792201   0.522747343634
1.064   0.54312877567   0.524015401908
1.16   0.542929782627   0.524757945427
1.256   0.542819937958   0.525188833773
1.352   0.542760649972   0.525437757773
1.448   0.542729018964   0.52558123271
1.544   0.542712256438   0.525663761883
1.64   0.542703407087   0.52571130006
1.736   0.542698745226   0.52573866896
1.832   0.542696292236   0.525754428455
1.928   0.542695002352   0.525763504488
2.024   0.542694324319   0.525768732135
2.12   0.542693967976   0.525771743466
2.216   0.54269378072   0.525773478232
2.312   0.542693682323   0.525774477642
2.408   0.54269363062   0.525775053427
2.504   0.542693603453   0.525775385158
2.6   0.542693589179   0.525775576283
2.696   0.542693581679   0.525775686399
2.792   0.542693577738   0.525775749843
2.888   0.542693575667   0.525775786397
2.984   0.542693574579   0.525775807457
3.08   0.542693574008   0.525775819592
3.176   0.542693573707   0.525775826583
3.272   0.542693573549   0.525775830611
3.368   0.542693573466   0.525775832931
3.464   0.542693573423   0.525775834269
3.56   0.5426935734   0.525775835039
3.656   0.542693573388   0.525775835483
3.752   0.542693573382   0.525775835739
3.848   0.542693573378   0.525775835886
3.944   0.542693573377   0.525775835971
4.04   0.542693573376   0.52577583602
4.136   0.542693573375   0.525775836048
4.232   0.542693573375   0.525775836064
4.328   0.542693573375   0.525775836074
4.424   0.542693573375   0.525775836079
4.52   0.542693573375   0.525775836082
4.616   0.542693573375   0.525775836084
4.712   0.542693573375   0.525775836085
4.808   0.542693573375   0.525775836085
4.904   0.542693573375   0.525775836086
5.0   0.542693573375   0.525775836086
5.096   0.542693573375   0.525775836086
5.192   0.542693573375   0.525775836086
5.288   0.542693573375   0.525775836086
5.384   0.542693573375   0.525775836086
5.48   0.542693573375   0.525775836086
5.576   0.542693573375   0.525775836086
5.672   0.542693573375   0.525775836086
5.768   0.542693573375   0.525775836086
5.864   0.542693573375   0.525775836086
5.96   0.542693573375   0.525775836086
6.056   0.542693573375   0.525775836086
6.152   0.542693573375   0.525775836086
6.248   0.542693573375   0.525775836086
6.344   0.542693573375   0.525775836086
6.44   0.542693573375   0.525775836086
6.536   0.542693573375   0.525775836086
6.632   0.542693573375   0.525775836086
6.728   0.542693573375   0.525775836086
6.824   0.542693573375   0.525775836086
6.92   0.542693573375   0.525775836086
7.016   0.542693573375   0.525775836086
7.112   0.542693573375   0.525775836086
7.208   0.542693573375   0.525775836086
7.304   0.542693573375   0.525775836086
7.4   0.542693573375   0.525775836086
7.496   0.542693573375   0.525775836086
7.592   0.542693573375   0.525775836086
7.688   0.542693573375   0.525775836086
7.784   0.542693573375   0.525775836086
7.88   0.542693573375   0.525775836086
7.976   0.542693573375   0.525775836086
8.072   0.542693573375   0.525775836086
8.168   0.542693573375   0.525775836086
8.264   0.542693573375   0.525775836086
8.36   0.542693573375   0.525775836086
8.456   0.542693573375   0.525775836086
8.552   0.542693573375   0.525775836086
8.648   0.542693573375   0.525775836086
8.744   0.542693573375   0.525775836086
8.84   0.542693573375   0.525775836086
8.936   0.542693573375   0.525775836086
9.032   0.542693573375   0.525775836086
9.128   0.542693573375   0.525775836086
9.224   0.542693573375   0.525775836086
9.32   0.542693573375   0.525775836086
9.416   0.542693573375   0.525775836086
9.512   0.542693573375   0.525775836086
9.608   0.542693573375   0.525775836086
9.704   0.542693573375   0.525775836086
