0.2   0.561673072855   0.375101912958
0.296   0.556961045794   0.421741712688
0.392   0.553006529592   0.452875984465
0.488   0.549820016113   0.474144215035
0.584   0.547379296843   0.48856010763
0.68   0.545620055195   0.498092900104
0.776   0.544434919658   0.504208440723
0.872   0.543688261006   0.508024542464
0.968   0.543244581347   0.510356539965
1.064   0.542992650325   0.511762574182
1.16   0.542853631207   0.512604020583
1.256   0.54277856218   0.513106201379
1.352   0.542738494939   0.513405465799
1.448   0.542717254912   0.513583841498
1.544   0.542706039281   0.513690219584
1.64   0.542700129996   0.513753697992
1.736   0.542697020349   0.513791596798
1.832   0.542695385075   0.513814233003
1.928   0.542694525457   0.513827757306
2.024   0.542694073673   0.513835839358
2.12   0.54269383626   0.513840669891
2.216   0.542693711506   0.513843557338
2.312   0.542693645954   0.513845283428
2.408   0.54269361151   0.513846315318
2.504   0.542693593412   0.513846932221
2.6   0.542693583903   0.513847301037
2.696   0.542693578907   0.513847521536
2.792   0.542693576281   0.513847653364
2.888   0.542693574902   0.513847732179
2.984   0.542693574177   0.513847779301
3.08   0.542693573796   0.513847807473
3.176   0.542693573596   0.513847824317
3.272   0.542693573491   0.513847834387
3.368   0.542693573436   0.513847840407
3.464   0.542693573407   0.513847844007
3.56   0.542693573392   0.513847846159
3.656   0.542693573384   0.513847847446
3.752   0.542693573379   0.513847848215
3.848   0.542693573377   0.513847848675
3.944   0.542693573376   0.51384784895
4.04   0.542693573375   0.513847849114
4.136   0.542693573375   0.513847849213
4.232   0.542693573375   0.513847849271
4.328   0.542693573375   0.513847849307
4.424   0.542693573375   0.513847849328
4.52   0.542693573375   0.51384784934
4.616   0.542693573375   0.513847849348
4.712   0.542693573375   0.513847849352
4.808   0.542693573375   0.513847849355
4.904   0.542693573375   0.513847849356
5.0   0.542693573375   0.513847849357
5.096   0.542693573375   0.513847849358
5.192   0.542693573375   0.513847849358
5.288   0.542693573375   0.513847849358
5.384   0.542693573375   0.513847849359
5.48   0.542693573375   0.513847849359
5.576   0.542693573375   0.513847849359
5.672   0.542693573375   0.513847849359
5.768   0.542693573375   0.513847849359
5.864   0.542693573375   0.513847849359
5.96   0.542693573375   0.513847849359
6.056   0.542693573375   0.513847849359
6.152   0.542693573375   0.513847849359
6.248   0.542693573375   0.513847849359
6.344   0.542693573375   0.513847849359
6.44   0.542693573375   0.513847849359
6.536   0.542693573375   0.513847849359
6.632   0.542693573375   0.513847849359
6.728   0.542693573375   0.513847849359
6.824   0.542693573375   0.513847849359
6.92   0.542693573375   0.513847849359
7.016   0.542693573375   0.513847849359
7.112   0.542693573375   0.513847849359
7.208   0.542693573375   0.513847849359
7.304   0.542693573375   0.513847849359
7.4   0.542693573375   0.513847849359
7.496   0.542693573375   0.513847849359
7.592   0.542693573375   0.513847849359
7.688   0.542693573375   0.513847849359
7.784   0.542693573375   0.513847849359
7.88   0.542693573375   0.513847849359
7.976   0.542693573375   0.513847849359
8.072   0.542693573375   0.513847849359
8.168   0.542693573375   0.513847849359
8.264   0.542693573375   0.513847849359
8.36   0.542693573375   0.513847849359
8.456   0.542693573375   0.513847849359
8.552   0.542693573375   0.513847849359
8.648   0.542693573375   0.513847849359
8.744   0.542693573375   0.513847849359
8.84   0.542693573375   0.513847849359
8.936   0.542693573375   0.513847849359
9.032   0.542693573375   0.513847849359
9.128   0.542693573375   0.513847849359
9.224   0.542693573375   0.513847849359
9.32   0.542693573375   0.513847849359
9.416   0.542693573375   0.513847849359
9.512   0.542693573375   0.513847849359
9.608   0.542693573375   0.513847849359
9.704   0.542693573375   0.513847849359
