0.2   0.561908561837   0.398975320944
0.296   0.557287714581   0.438768175228
0.392   0.553388788424   0.466069838284
0.488   0.550213117255   0.485009780834
0.584   0.54773796207   0.497956958647
0.68   0.545911041854   0.506555076238
0.776   0.544645828055   0.512078944037
0.872   0.543826576597   0.515520808892
0.968   0.543328420841   0.517613158455
1.064   0.543040841972   0.518863093195
1.16   0.54288024454   0.51960175748
1.256   0.542792949294   0.520035750445
1.352   0.542746176215   0.520290126109
1.448   0.54272132688   0.52043907465
1.544   0.542708189309   0.52052626287
1.64   0.54270126272   0.520577331223
1.736   0.542697616389   0.520607248511
1.832   0.542695698503   0.520624779936
1.928   0.542694690213   0.520635055636
2.024   0.542694160262   0.520641079558
2.12   0.542693881762   0.520644611385
2.216   0.542693735416   0.520646682269
2.312   0.542693658518   0.520647896598
2.408   0.542693618112   0.520648608684
2.504   0.542693596881   0.520649026265
2.6   0.542693585726   0.520649271145
2.696   0.542693579864   0.520649414752
2.792   0.542693576784   0.520649498967
2.888   0.542693575166   0.520649548355
2.984   0.542693574316   0.520649577318
3.08   0.542693573869   0.520649594303
3.176   0.542693573635   0.520649604263
3.272   0.542693573511   0.520649610105
3.368   0.542693573446   0.520649613531
3.464   0.542693573412   0.520649615539
3.56   0.542693573394   0.520649616718
3.656   0.542693573385   0.520649617408
3.752   0.54269357338   0.520649617814
3.848   0.542693573378   0.520649618051
3.944   0.542693573376   0.520649618191
4.04   0.542693573375   0.520649618272
4.136   0.542693573375   0.52064961832
4.232   0.542693573375   0.520649618348
4.328   0.542693573375   0.520649618365
4.424   0.542693573375   0.520649618375
4.52   0.542693573375   0.52064961838
4.616   0.542693573375   0.520649618384
4.712   0.542693573375   0.520649618385
4.808   0.542693573375   0.520649618387
4.904   0.542693573375   0.520649618387
5.0   0.542693573375   0.520649618388
5.096   0.542693573375   0.520649618388
5.192   0.542693573375   0.520649618388
5.288   0.542693573375   0.520649618388
5.384   0.542693573375   0.520649618388
5.48   0.542693573375   0.520649618388
5.576   0.542693573375   0.520649618388
5.672   0.542693573375   0.520649618388
5.768   0.542693573375   0.520649618388
5.864   0.542693573375   0.520649618388
5.96   0.542693573375   0.520649618388
6.056   0.542693573375   0.520649618388
6.152   0.542693573375   0.520649618388
6.248   0.542693573375   0.520649618388
6.344   0.542693573375   0.520649618388
6.44   0.542693573375   0.520649618388
6.536   0.542693573375   0.520649618388
6.632   0.542693573375   0.520649618388
6.728   0.542693573375   0.520649618388
6.824   0.542693573375   0.520649618388
6.92   0.542693573375   0.520649618388
7.016   0.542693573375   0.520649618388
7.112   0.542693573375   0.520649618388
7.208   0.542693573375   0.520649618388
7.304   0.542693573375   0.520649618388
7.4   0.542693573375   0.520649618388
7.496   0.542693573375   0.520649618388
7.592   0.542693573375   0.520649618388
7.688   0.542693573375   0.520649618388
7.784   0.542693573375   0.520649618388
7.88   0.542693573375   0.520649618388
7.976   0.542693573375   0.520649618388
8.072   0.542693573375   0.520649618388
8.168   0.542693573375   0.520649618388
8.264   0.542693573375   0.520649618388
8.36   0.542693573375   0.520649618388
8.456   0.542693573375   0.520649618388
8.552   0.542693573375   0.520649618388
8.648   0.542693573375   0.520649618388
8.744   0.542693573375   0.520649618388
8.84   0.542693573375   0.520649618388
8.936   0.542693573375   0.520649618388
9.032   0.542693573375   0.520649618388
9.128   0.542693573375   0.520649618388
9.224   0.542693573375   0.520649618388
9.32   0.542693573375   0.520649618388
9.416   0.542693573375   0.520649618388
9.512   0.542693573375   0.520649618388
9.608   0.542693573375   0.520649618388
9.704   0.542693573375   0.520649618388
