0.2   0.562101620374   0.407918526739
0.296   0.557550076116   0.445734935606
0.392   0.553693758301   0.471867517009
0.488   0.550528736928   0.490064417962
0.584   0.548031548812   0.502524641154
0.68   0.546156239904   0.510806365494
0.776   0.5448294488   0.516131614646
0.872   0.543950865962   0.519451695031
0.968   0.543405627394   0.521468003665
1.064   0.543085554654   0.522668103642
1.16   0.542905451484   0.523372728703
1.256   0.542806659524   0.52378311559
1.352   0.542753521563   0.524021214732
1.448   0.542725228323   0.52415906855
1.544   0.542710251497   0.524238840751
1.64   0.542702349799   0.524285000855
1.736   0.542698188592   0.524311715197
1.832   0.542695999447   0.524327178517
1.928   0.542694848421   0.524336130807
2.024   0.542694243413   0.524341314312
2.12   0.542693925459   0.52434431593
2.216   0.542693758378   0.524346054202
2.312   0.542693670583   0.524347060902
2.408   0.542693624451   0.52434764394
2.504   0.542693600212   0.524347981617
2.6   0.542693587476   0.524348177192
2.696   0.542693580784   0.524348290465
2.792   0.542693577268   0.524348356071
2.888   0.54269357542   0.524348394069
2.984   0.542693574449   0.524348416077
3.08   0.542693573939   0.524348428824
3.176   0.542693573671   0.524348436207
3.272   0.542693573531   0.524348440483
3.368   0.542693573457   0.52434844296
3.464   0.542693573418   0.524348444394
3.56   0.542693573397   0.524348445225
3.656   0.542693573387   0.524348445706
3.752   0.542693573381   0.524348445985
3.848   0.542693573378   0.524348446146
3.944   0.542693573376   0.52434844624
4.04   0.542693573376   0.524348446294
4.136   0.542693573375   0.524348446325
4.232   0.542693573375   0.524348446343
4.328   0.542693573375   0.524348446354
4.424   0.542693573375   0.52434844636
4.52   0.542693573375   0.524348446364
4.616   0.542693573375   0.524348446366
4.712   0.542693573375   0.524348446367
4.808   0.542693573375   0.524348446368
4.904   0.542693573375   0.524348446368
5.0   0.542693573375   0.524348446368
5.096   0.542693573375   0.524348446368
5.192   0.542693573375   0.524348446368
5.288   0.542693573375   0.524348446368
5.384   0.542693573375   0.524348446368
5.48   0.542693573375   0.524348446368
5.576   0.542693573375   0.524348446368
5.672   0.542693573375   0.524348446368
5.768   0.542693573375   0.524348446368
5.864   0.542693573375   0.524348446368
5.96   0.542693573375   0.524348446369
6.056   0.542693573375   0.524348446369
6.152   0.542693573375   0.524348446369
6.248   0.542693573375   0.524348446369
6.344   0.542693573375   0.524348446369
6.44   0.542693573375   0.524348446369
6.536   0.542693573375   0.524348446369
6.632   0.542693573375   0.524348446369
6.728   0.542693573375   0.524348446369
6.824   0.542693573375   0.524348446369
6.92   0.542693573375   0.524348446369
7.016   0.542693573375   0.524348446369
7.112   0.542693573375   0.524348446369
7.208   0.542693573375   0.524348446369
7.304   0.542693573375   0.524348446369
7.4   0.542693573375   0.524348446369
7.496   0.542693573375   0.524348446369
7.592   0.542693573375   0.524348446369
7.688   0.542693573375   0.524348446369
7.784   0.542693573375   0.524348446369
7.88   0.542693573375   0.524348446369
7.976   0.542693573375   0.524348446369
8.072   0.542693573375   0.524348446369
8.168   0.542693573375   0.524348446369
8.264   0.542693573375   0.524348446369
8.36   0.542693573375   0.524348446369
8.456   0.542693573375   0.524348446369
8.552   0.542693573375   0.524348446369
8.648   0.542693573375   0.524348446369
8.744   0.542693573375   0.524348446369
8.84   0.542693573375   0.524348446369
8.936   0.542693573375   0.524348446369
9.032   0.542693573375   0.524348446369
9.128   0.542693573375   0.524348446369
9.224   0.542693573375   0.524348446369
9.32   0.542693573375   0.524348446369
9.416   0.542693573375   0.524348446369
9.512   0.542693573375   0.524348446369
9.608   0.542693573375   0.524348446369
9.704   0.542693573375   0.524348446369
