0.2   0.561983697494   0.393173442455
0.296   0.557377210414   0.435460303072
0.392   0.553480694004   0.464140231349
0.488   0.550298065004   0.483896221783
0.584   0.547809515089   0.497338651635
0.68   0.545966045923   0.506237038942
0.776   0.544684367349   0.511941131519
0.872   0.543851491011   0.515490053931
0.968   0.543343412947   0.517645358154
1.064   0.543049428959   0.518931952827
1.16   0.542884983127   0.519691800812
1.256   0.542795510517   0.520137978534
1.352   0.542747543659   0.520399357896
1.448   0.542722051819   0.520552312971
1.544   0.5427085721   0.520641830398
1.64   0.542701464398   0.520694230105
1.736   0.542697722514   0.520724914383
1.832   0.54269575431   0.520742887948
1.928   0.542694719549   0.520753418626
2.024   0.542694175679   0.520759589622
2.12   0.542693889864   0.520763206288
2.216   0.542693739673   0.52076532611
2.312   0.542693660755   0.520766568663
2.408   0.542693619287   0.520767297026
2.504   0.542693597499   0.52076772399
2.6   0.54269358605   0.520767974279
2.696   0.542693580035   0.520768121002
2.792   0.542693576874   0.520768207013
2.888   0.542693575213   0.520768257434
2.984   0.542693574341   0.520768286992
3.08   0.542693573882   0.52076830432
3.176   0.542693573641   0.520768314478
3.272   0.542693573515   0.520768320432
3.368   0.542693573448   0.520768323923
3.464   0.542693573413   0.52076832597
3.56   0.542693573395   0.520768327169
3.656   0.542693573385   0.520768327873
3.752   0.54269357338   0.520768328285
3.848   0.542693573378   0.520768328526
3.944   0.542693573376   0.520768328668
4.04   0.542693573375   0.520768328751
4.136   0.542693573375   0.5207683288
4.232   0.542693573375   0.520768328828
4.328   0.542693573375   0.520768328845
4.424   0.542693573375   0.520768328855
4.52   0.542693573375   0.520768328861
4.616   0.542693573375   0.520768328864
4.712   0.542693573375   0.520768328866
4.808   0.542693573375   0.520768328867
4.904   0.542693573375   0.520768328868
5.0   0.542693573375   0.520768328868
5.096   0.542693573375   0.520768328869
5.192   0.542693573375   0.520768328869
5.288   0.542693573375   0.520768328869
5.384   0.542693573375   0.520768328869
5.48   0.542693573375   0.520768328869
5.576   0.542693573375   0.520768328869
5.672   0.542693573375   0.520768328869
5.768   0.542693573375   0.520768328869
5.864   0.542693573375   0.520768328869
5.96   0.542693573375   0.520768328869
6.056   0.542693573375   0.520768328869
6.152   0.542693573375   0.520768328869
6.248   0.542693573375   0.520768328869
6.344   0.542693573375   0.520768328869
6.44   0.542693573375   0.520768328869
6.536   0.542693573375   0.520768328869
6.632   0.542693573375   0.520768328869
6.728   0.542693573375   0.520768328869
6.824   0.542693573375   0.520768328869
6.92   0.542693573375   0.520768328869
7.016   0.542693573375   0.520768328869
7.112   0.542693573375   0.520768328869
7.208   0.542693573375   0.520768328869
7.304   0.542693573375   0.520768328869
7.4   0.542693573375   0.520768328869
7.496   0.542693573375   0.520768328869
7.592   0.542693573375   0.520768328869
7.688   0.542693573375   0.520768328869
7.784   0.542693573375   0.520768328869
7.88   0.542693573375   0.520768328869
7.976   0.542693573375   0.520768328869
8.072   0.542693573375   0.520768328869
8.168   0.542693573375   0.520768328869
8.264   0.542693573375   0.520768328869
8.36   0.542693573375   0.520768328869
8.456   0.542693573375   0.520768328869
8.552   0.542693573375   0.520768328869
8.648   0.542693573375   0.520768328869
8.744   0.542693573375   0.520768328869
8.84   0.542693573375   0.520768328869
8.936   0.542693573375   0.520768328869
9.032   0.542693573375   0.520768328869
9.128   0.542693573375   0.520768328869
9.224   0.542693573375   0.520768328869
9.32   0.542693573375   0.520768328869
9.416   0.542693573375   0.520768328869
9.512   0.542693573375   0.520768328869
9.608   0.542693573375   0.520768328869
9.704   0.542693573375   0.520768328869
