0.2   0.563628516567   0.414372639906
0.296   0.559632763869   0.457614096083
0.392   0.55618092659   0.486202014902
0.488   0.553252200007   0.505367145126
0.584   0.550811339964   0.518002366237
0.68   0.548813187137   0.526134636712
0.776   0.547206777881   0.531304151323
0.872   0.545939550332   0.53460058234
0.968   0.544960673907   0.536726032686
1.064   0.544223279784   0.538109908614
1.16   0.543685301329   0.539012267731
1.256   0.543308947607   0.539593980327
1.352   0.543058781747   0.539959695677
1.448   0.542901914842   0.540181401651
1.544   0.542809684097   0.54031101961
1.64   0.542756394707   0.540384187211
1.736   0.542727124072   0.540424625839
1.832   0.542711360251   0.540446667493
1.928   0.54270296449   0.540458577893
2.024   0.542698520604   0.540464980796
2.12   0.542696176419   0.540468412918
2.216   0.54269494211   0.540470249684
2.312   0.542694292834   0.540471231819
2.408   0.54269395148   0.540471756735
2.504   0.542693772065   0.540472037216
2.6   0.542693677779   0.540472187068
2.696   0.542693628234   0.540472267124
2.792   0.5426936022   0.54047230989
2.888   0.54269358852   0.540472332737
2.984   0.542693581333   0.540472344941
3.08   0.542693577556   0.540472351461
3.176   0.542693575572   0.540472354943
3.272   0.542693574529   0.540472356804
3.368   0.542693573981   0.540472357798
3.464   0.542693573693   0.540472358328
3.56   0.542693573542   0.540472358612
3.656   0.542693573463   0.540472358764
3.752   0.542693573421   0.540472358844
3.848   0.542693573399   0.540472358888
3.944   0.542693573387   0.540472358911
4.04   0.542693573381   0.540472358923
4.136   0.542693573378   0.54047235893
4.232   0.542693573377   0.540472358933
4.328   0.542693573376   0.540472358935
4.424   0.542693573375   0.540472358936
4.52   0.542693573375   0.540472358937
4.616   0.542693573375   0.540472358937
4.712   0.542693573375   0.540472358937
4.808   0.542693573375   0.540472358937
4.904   0.542693573375   0.540472358937
5.0   0.542693573375   0.540472358937
5.096   0.542693573375   0.540472358937
5.192   0.542693573375   0.540472358937
5.288   0.542693573375   0.540472358937
5.384   0.542693573375   0.540472358937
5.48   0.542693573375   0.540472358937
5.576   0.542693573375   0.540472358937
5.672   0.542693573375   0.540472358937
5.768   0.542693573375   0.540472358937
5.864   0.542693573375   0.540472358937
5.96   0.542693573375   0.540472358937
6.056   0.542693573375   0.540472358937
6.152   0.542693573375   0.540472358937
6.248   0.542693573375   0.540472358937
6.344   0.542693573375   0.540472358937
6.44   0.542693573375   0.540472358937
6.536   0.542693573375   0.540472358937
6.632   0.542693573375   0.540472358937
6.728   0.542693573375   0.540472358937
6.824   0.542693573375   0.540472358937
6.92   0.542693573375   0.540472358937
7.016   0.542693573375   0.540472358937
7.112   0.542693573375   0.540472358937
7.208   0.542693573375   0.540472358937
7.304   0.542693573375   0.540472358937
7.4   0.542693573375   0.540472358937
7.496   0.542693573375   0.540472358937
7.592   0.542693573375   0.540472358937
7.688   0.542693573375   0.540472358937
7.784   0.542693573375   0.540472358937
7.88   0.542693573375   0.540472358937
7.976   0.542693573375   0.540472358937
8.072   0.542693573375   0.540472358937
8.168   0.542693573375   0.540472358937
8.264   0.542693573375   0.540472358937
8.36   0.542693573375   0.540472358937
8.456   0.542693573375   0.540472358937
8.552   0.542693573375   0.540472358937
8.648   0.542693573375   0.540472358937
8.744   0.542693573375   0.540472358937
8.84   0.542693573375   0.540472358937
8.936   0.542693573375   0.540472358937
9.032   0.542693573375   0.540472358937
9.128   0.542693573375   0.540472358937
9.224   0.542693573375   0.540472358937
9.32   0.542693573375   0.540472358937
9.416   0.542693573375   0.540472358937
9.512   0.542693573375   0.540472358937
9.608   0.542693573375   0.540472358937
9.704   0.542693573375   0.540472358937
