0.2   0.56215116453   0.399423979872
0.296   0.557602471932   0.440503852814
0.392   0.553740433899   0.468468927783
0.488   0.550565262413   0.487764059443
0.584   0.548057035662   0.500897450262
0.68   0.54617225538   0.509590030905
0.776   0.544838660044   0.51516237462
0.872   0.543955844226   0.518629282001
0.968   0.543408234463   0.52073244932
1.064   0.543086907582   0.521984024954
1.16   0.542906150812   0.522719296796
1.256   0.542807025176   0.523148014
1.352   0.542753713195   0.523397122863
1.448   0.542725328895   0.523541638868
1.544   0.542710304316   0.52362536582
1.64   0.542702377548   0.523673932195
1.736   0.542698203171   0.523702096737
1.832   0.542696007108   0.523718433543
1.928   0.542694852447   0.523727911514
2.024   0.542694245528   0.52373341108
2.12   0.54269392657   0.523736602533
2.216   0.542693758962   0.523738454705
2.312   0.54269367089   0.523739529676
2.408   0.542693624613   0.523740153592
2.504   0.542693600297   0.523740515723
2.6   0.54269358752   0.523740725913
2.696   0.542693580807   0.523740847913
2.792   0.54269357728   0.523740918727
2.888   0.542693575427   0.523740959829
2.984   0.542693574453   0.523740983686
3.08   0.542693573941   0.523740997534
3.176   0.542693573672   0.523741005572
3.272   0.542693573531   0.523741010237
3.368   0.542693573457   0.523741012945
3.464   0.542693573418   0.523741014517
3.56   0.542693573397   0.523741015429
3.656   0.542693573387   0.523741015959
3.752   0.542693573381   0.523741016266
3.848   0.542693573378   0.523741016445
3.944   0.542693573376   0.523741016548
4.04   0.542693573376   0.523741016608
4.136   0.542693573375   0.523741016643
4.232   0.542693573375   0.523741016664
4.328   0.542693573375   0.523741016675
4.424   0.542693573375   0.523741016682
4.52   0.542693573375   0.523741016686
4.616   0.542693573375   0.523741016688
4.712   0.542693573375   0.52374101669
4.808   0.542693573375   0.52374101669
4.904   0.542693573375   0.523741016691
5.0   0.542693573375   0.523741016691
5.096   0.542693573375   0.523741016691
5.192   0.542693573375   0.523741016691
5.288   0.542693573375   0.523741016691
5.384   0.542693573375   0.523741016691
5.48   0.542693573375   0.523741016692
5.576   0.542693573375   0.523741016692
5.672   0.542693573375   0.523741016692
5.768   0.542693573375   0.523741016692
5.864   0.542693573375   0.523741016692
5.96   0.542693573375   0.523741016692
6.056   0.542693573375   0.523741016692
6.152   0.542693573375   0.523741016692
6.248   0.542693573375   0.523741016692
6.344   0.542693573375   0.523741016692
6.44   0.542693573375   0.523741016692
6.536   0.542693573375   0.523741016692
6.632   0.542693573375   0.523741016692
6.728   0.542693573375   0.523741016692
6.824   0.542693573375   0.523741016692
6.92   0.542693573375   0.523741016692
7.016   0.542693573375   0.523741016692
7.112   0.542693573375   0.523741016692
7.208   0.542693573375   0.523741016692
7.304   0.542693573375   0.523741016692
7.4   0.542693573375   0.523741016692
7.496   0.542693573375   0.523741016692
7.592   0.542693573375   0.523741016692
7.688   0.542693573375   0.523741016692
7.784   0.542693573375   0.523741016692
7.88   0.542693573375   0.523741016692
7.976   0.542693573375   0.523741016692
8.072   0.542693573375   0.523741016692
8.168   0.542693573375   0.523741016692
8.264   0.542693573375   0.523741016692
8.36   0.542693573375   0.523741016692
8.456   0.542693573375   0.523741016692
8.552   0.542693573375   0.523741016692
8.648   0.542693573375   0.523741016692
8.744   0.542693573375   0.523741016692
8.84   0.542693573375   0.523741016692
8.936   0.542693573375   0.523741016692
9.032   0.542693573375   0.523741016692
9.128   0.542693573375   0.523741016692
9.224   0.542693573375   0.523741016692
9.32   0.542693573375   0.523741016692
9.416   0.542693573375   0.523741016692
9.512   0.542693573375   0.523741016692
9.608   0.542693573375   0.523741016692
9.704   0.542693573375   0.523741016692
