0.2   0.564644634468   0.419144304797
0.296   0.561110172644   0.464997280155
0.392   0.558096852586   0.494356476043
0.488   0.555587752876   0.513335994463
0.584   0.553553720013   0.525255519592
0.68   0.551957216574   0.532483989722
0.776   0.550754430901   0.536784861611
0.872   0.549895219361   0.539325579413
0.968   0.54932097167   0.540811397153
1.064   0.54896460922   0.54166304024
1.16   0.548758736011   0.542138744496
1.256   0.548646711133   0.5423981743
1.352   0.548587585938   0.542537373346
1.448   0.548557335628   0.54261124377
1.544   0.548542060149   0.542650251697
1.64   0.548534400887   0.542670796239
1.736   0.548530574831   0.542681602437
1.832   0.548528667323   0.542687282879
1.928   0.548527717285   0.542690268067
2.024   0.548527244363   0.542691836662
2.12   0.548527009009   0.542692660858
2.216   0.548526891899   0.542693093914
2.312   0.548526833631   0.542693321453
2.408   0.54852680464   0.542693441008
2.504   0.548526790216   0.542693503825
2.6   0.54852678304   0.542693536831
2.696   0.54852677947   0.542693554174
2.792   0.548526777693   0.542693563286
2.888   0.54852677681   0.542693568074
2.984   0.54852677637   0.542693570589
3.08   0.548526776151   0.542693571911
3.176   0.548526776042   0.542693572606
3.272   0.548526775988   0.542693572971
3.368   0.548526775961   0.542693573162
3.464   0.548526775948   0.542693573263
3.56   0.548526775941   0.542693573316
3.656   0.548526775938   0.542693573344
3.752   0.548526775936   0.542693573358
3.848   0.548526775935   0.542693573366
3.944   0.548526775935   0.54269357337
4.04   0.548526775935   0.542693573372
4.136   0.548526775935   0.542693573373
4.232   0.548526775935   0.542693573374
4.328   0.548526775935   0.542693573374
4.424   0.548526775935   0.542693573374
4.52   0.548526775935   0.542693573375
4.616   0.548526775935   0.542693573375
4.712   0.548526775935   0.542693573375
4.808   0.548526775935   0.542693573375
4.904   0.548526775935   0.542693573375
5.0   0.548526775935   0.542693573375
5.096   0.548526775935   0.542693573375
5.192   0.548526775935   0.542693573375
5.288   0.548526775935   0.542693573375
5.384   0.548526775935   0.542693573375
5.48   0.548526775935   0.542693573375
5.576   0.548526775935   0.542693573375
5.672   0.548526775935   0.542693573375
5.768   0.548526775935   0.542693573375
5.864   0.548526775935   0.542693573375
5.96   0.548526775935   0.542693573375
6.056   0.548526775935   0.542693573375
6.152   0.548526775935   0.542693573375
6.248   0.548526775935   0.542693573375
6.344   0.548526775935   0.542693573375
6.44   0.548526775935   0.542693573375
6.536   0.548526775935   0.542693573375
6.632   0.548526775935   0.542693573375
6.728   0.548526775935   0.542693573375
6.824   0.548526775935   0.542693573375
6.92   0.548526775935   0.542693573375
7.016   0.548526775935   0.542693573375
7.112   0.548526775935   0.542693573375
7.208   0.548526775935   0.542693573375
7.304   0.548526775935   0.542693573375
7.4   0.548526775935   0.542693573375
7.496   0.548526775935   0.542693573375
7.592   0.548526775935   0.542693573375
7.688   0.548526775935   0.542693573375
7.784   0.548526775935   0.542693573375
7.88   0.548526775935   0.542693573375
7.976   0.548526775935   0.542693573375
8.072   0.548526775935   0.542693573375
8.168   0.548526775935   0.542693573375
8.264   0.548526775935   0.542693573375
8.36   0.548526775935   0.542693573375
8.456   0.548526775935   0.542693573375
8.552   0.548526775935   0.542693573375
8.648   0.548526775935   0.542693573375
8.744   0.548526775935   0.542693573375
8.84   0.548526775935   0.542693573375
8.936   0.548526775935   0.542693573375
9.032   0.548526775935   0.542693573375
9.128   0.548526775935   0.542693573375
9.224   0.548526775935   0.542693573375
9.32   0.548526775935   0.542693573375
9.416   0.548526775935   0.542693573375
9.512   0.548526775935   0.542693573375
9.608   0.548526775935   0.542693573375
9.704   0.548526775935   0.542693573375
