0.2   0.568409507974   0.468618425965
0.296   0.567058265152   0.501928647925
0.392   0.566339957352   0.521668291538
0.488   0.566031015313   0.53236078657
0.584   0.565918759008   0.537652306696
0.68   0.56588117923   0.540194202264
0.776   0.565869280667   0.541430959324
0.872   0.56586556669   0.542046522393
0.968   0.565864413611   0.542358758723
1.064   0.565864056307   0.542519256979
1.16   0.565863945664   0.542602482163
1.256   0.56586391141   0.542645863559
1.352   0.565863900807   0.542668551462
1.448   0.565863897524   0.542680440066
1.544   0.565863896508   0.542686676923
1.64   0.565863896194   0.542689951019
1.736   0.565863896096   0.54269167045
1.832   0.565863896066   0.54269257363
1.928   0.565863896057   0.542693048111
2.024   0.565863896054   0.542693297394
2.12   0.565863896053   0.542693428369
2.216   0.565863896053   0.542693497185
2.312   0.565863896053   0.542693533343
2.408   0.565863896053   0.542693552341
2.504   0.565863896053   0.542693562323
2.6   0.565863896053   0.542693567568
2.696   0.565863896053   0.542693570323
2.792   0.565863896053   0.542693571771
2.888   0.565863896053   0.542693572532
2.984   0.565863896053   0.542693572932
3.08   0.565863896053   0.542693573142
3.176   0.565863896053   0.542693573252
3.272   0.565863896053   0.54269357331
3.368   0.565863896053   0.542693573341
3.464   0.565863896053   0.542693573357
3.56   0.565863896053   0.542693573365
3.656   0.565863896053   0.54269357337
3.752   0.565863896053   0.542693573372
3.848   0.565863896053   0.542693573373
3.944   0.565863896053   0.542693573374
4.04   0.565863896053   0.542693573374
4.136   0.565863896053   0.542693573374
4.232   0.565863896053   0.542693573375
4.328   0.565863896053   0.542693573375
4.424   0.565863896053   0.542693573375
4.52   0.565863896053   0.542693573375
4.616   0.565863896053   0.542693573375
4.712   0.565863896053   0.542693573375
4.808   0.565863896053   0.542693573375
4.904   0.565863896053   0.542693573375
5.0   0.565863896053   0.542693573375
5.096   0.565863896053   0.542693573375
5.192   0.565863896053   0.542693573375
5.288   0.565863896053   0.542693573375
5.384   0.565863896053   0.542693573375
5.48   0.565863896053   0.542693573375
5.576   0.565863896053   0.542693573375
5.672   0.565863896053   0.542693573375
5.768   0.565863896053   0.542693573375
5.864   0.565863896053   0.542693573375
5.96   0.565863896053   0.542693573375
6.056   0.565863896053   0.542693573375
6.152   0.565863896053   0.542693573375
6.248   0.565863896053   0.542693573375
6.344   0.565863896053   0.542693573375
6.44   0.565863896053   0.542693573375
6.536   0.565863896053   0.542693573375
6.632   0.565863896053   0.542693573375
6.728   0.565863896053   0.542693573375
6.824   0.565863896053   0.542693573375
6.92   0.565863896053   0.542693573375
7.016   0.565863896053   0.542693573375
7.112   0.565863896053   0.542693573375
7.208   0.565863896053   0.542693573375
7.304   0.565863896053   0.542693573375
7.4   0.565863896053   0.542693573375
7.496   0.565863896053   0.542693573375
7.592   0.565863896053   0.542693573375
7.688   0.565863896053   0.542693573375
7.784   0.565863896053   0.542693573375
7.88   0.565863896053   0.542693573375
7.976   0.565863896053   0.542693573375
8.072   0.565863896053   0.542693573375
8.168   0.565863896053   0.542693573375
8.264   0.565863896053   0.542693573375
8.36   0.565863896053   0.542693573375
8.456   0.565863896053   0.542693573375
8.552   0.565863896053   0.542693573375
8.648   0.565863896053   0.542693573375
8.744   0.565863896053   0.542693573375
8.84   0.565863896053   0.542693573375
8.936   0.565863896053   0.542693573375
9.032   0.565863896053   0.542693573375
9.128   0.565863896053   0.542693573375
9.224   0.565863896053   0.542693573375
9.32   0.565863896053   0.542693573375
9.416   0.565863896053   0.542693573375
9.512   0.565863896053   0.542693573375
9.608   0.565863896053   0.542693573375
9.704   0.565863896053   0.542693573375
