0.2   0.562984867376   0.422756386835
0.296   0.558755327433   0.459705796318
0.392   0.555123633886   0.485085690416
0.488   0.552069400324   0.502606759009
0.584   0.549558923327   0.514476029216
0.68   0.547549630267   0.522304039725
0.776   0.545993041509   0.527354253216
0.872   0.544835984333   0.530562313169
0.968   0.544019438801   0.532569149276
1.064   0.543476893703   0.533798608393
1.16   0.543138472478   0.534532610434
1.256   0.542939471353   0.534959550825
1.352   0.542826397975   0.535202711623
1.448   0.542764469236   0.535339268621
1.544   0.542731151986   0.535415258075
1.64   0.542713413666   0.53545734843
1.736   0.542704025494   0.535480602967
1.832   0.542699073074   0.535493433694
1.928   0.542696465315   0.53550050825
2.024   0.542695093521   0.535504407681
2.12   0.542694372285   0.535506556666
2.216   0.542693993197   0.535507740888
2.312   0.542693793977   0.535508393446
2.408   0.54269368929   0.535508753028
2.504   0.542693634281   0.53550895117
2.6   0.542693605377   0.535509060352
2.696   0.54269359019   0.535509120515
2.792   0.54269358221   0.535509153667
2.888   0.542693578017   0.535509171934
2.984   0.542693575814   0.535509182
3.08   0.542693574656   0.535509187547
3.176   0.542693574048   0.535509190604
3.272   0.542693573728   0.535509192288
3.368   0.542693573561   0.535509193216
3.464   0.542693573472   0.535509193727
3.56   0.542693573426   0.535509194009
3.656   0.542693573402   0.535509194164
3.752   0.542693573389   0.53550919425
3.848   0.542693573382   0.535509194297
3.944   0.542693573379   0.535509194323
4.04   0.542693573377   0.535509194337
4.136   0.542693573376   0.535509194345
4.232   0.542693573375   0.53550919435
4.328   0.542693573375   0.535509194352
4.424   0.542693573375   0.535509194353
4.52   0.542693573375   0.535509194354
4.616   0.542693573375   0.535509194354
4.712   0.542693573375   0.535509194355
4.808   0.542693573375   0.535509194355
4.904   0.542693573375   0.535509194355
5.0   0.542693573375   0.535509194355
5.096   0.542693573375   0.535509194355
5.192   0.542693573375   0.535509194355
5.288   0.542693573375   0.535509194355
5.384   0.542693573375   0.535509194355
5.48   0.542693573375   0.535509194355
5.576   0.542693573375   0.535509194355
5.672   0.542693573375   0.535509194355
5.768   0.542693573375   0.535509194355
5.864   0.542693573375   0.535509194355
5.96   0.542693573375   0.535509194355
6.056   0.542693573375   0.535509194355
6.152   0.542693573375   0.535509194355
6.248   0.542693573375   0.535509194355
6.344   0.542693573375   0.535509194355
6.44   0.542693573375   0.535509194355
6.536   0.542693573375   0.535509194355
6.632   0.542693573375   0.535509194355
6.728   0.542693573375   0.535509194355
6.824   0.542693573375   0.535509194355
6.92   0.542693573375   0.535509194355
7.016   0.542693573375   0.535509194355
7.112   0.542693573375   0.535509194355
7.208   0.542693573375   0.535509194355
7.304   0.542693573375   0.535509194355
7.4   0.542693573375   0.535509194355
7.496   0.542693573375   0.535509194355
7.592   0.542693573375   0.535509194355
7.688   0.542693573375   0.535509194355
7.784   0.542693573375   0.535509194355
7.88   0.542693573375   0.535509194355
7.976   0.542693573375   0.535509194355
8.072   0.542693573375   0.535509194355
8.168   0.542693573375   0.535509194355
8.264   0.542693573375   0.535509194355
8.36   0.542693573375   0.535509194355
8.456   0.542693573375   0.535509194355
8.552   0.542693573375   0.535509194355
8.648   0.542693573375   0.535509194355
8.744   0.542693573375   0.535509194355
8.84   0.542693573375   0.535509194355
8.936   0.542693573375   0.535509194355
9.032   0.542693573375   0.535509194355
9.128   0.542693573375   0.535509194355
9.224   0.542693573375   0.535509194355
9.32   0.542693573375   0.535509194355
9.416   0.542693573375   0.535509194355
9.512   0.542693573375   0.535509194355
9.608   0.542693573375   0.535509194355
9.704   0.542693573375   0.535509194355
