0.2   0.56180335271   0.381029515001
0.296   0.557132299315   0.426468073115
0.392   0.553198004769   0.456921401276
0.488   0.550009237772   0.477765016123
0.584   0.547546137255   0.491902298532
0.68   0.545751512743   0.501248310772
0.776   0.544527948016   0.507237988891
0.872   0.543748178256   0.510968472802
0.968   0.543280449352   0.513241132924
1.064   0.543013093742   0.514605411673
1.16   0.542864870004   0.515417551379
1.256   0.542784622114   0.515899055066
1.352   0.54274172564   0.516184165268
1.448   0.542718966191   0.516352928253
1.544   0.542706942456   0.516452862526
1.64   0.542700605715   0.516512069463
1.736   0.54269727064   0.516547163626
1.832   0.542695516682   0.516567973179
1.928   0.542694594635   0.516580316033
2.024   0.542694110029   0.516587638519
2.12   0.542693855365   0.516591983266
2.216   0.542693721545   0.516594561449
2.312   0.542693651229   0.516596091449
2.408   0.542693614282   0.516596999456
2.504   0.542693594869   0.516597538344
2.6   0.542693584668   0.516597858172
2.696   0.542693579309   0.516598047991
2.792   0.542693576493   0.51659816065
2.888   0.542693575013   0.516598227515
2.984   0.542693574235   0.5165982672
3.08   0.542693573827   0.516598290753
3.176   0.542693573612   0.516598304733
3.272   0.5426935735   0.51659831303
3.368   0.54269357344   0.516598317954
3.464   0.542693573409   0.516598320877
3.56   0.542693573393   0.516598322611
3.656   0.542693573384   0.516598323641
3.752   0.54269357338   0.516598324252
3.848   0.542693573377   0.516598324615
3.944   0.542693573376   0.51659832483
4.04   0.542693573375   0.516598324958
4.136   0.542693573375   0.516598325033
4.232   0.542693573375   0.516598325078
4.328   0.542693573375   0.516598325105
4.424   0.542693573375   0.516598325121
4.52   0.542693573375   0.51659832513
4.616   0.542693573375   0.516598325136
4.712   0.542693573375   0.516598325139
4.808   0.542693573375   0.516598325141
4.904   0.542693573375   0.516598325142
5.0   0.542693573375   0.516598325143
5.096   0.542693573375   0.516598325144
5.192   0.542693573375   0.516598325144
5.288   0.542693573375   0.516598325144
5.384   0.542693573375   0.516598325144
5.48   0.542693573375   0.516598325144
5.576   0.542693573375   0.516598325144
5.672   0.542693573375   0.516598325144
5.768   0.542693573375   0.516598325144
5.864   0.542693573375   0.516598325144
5.96   0.542693573375   0.516598325144
6.056   0.542693573375   0.516598325144
6.152   0.542693573375   0.516598325144
6.248   0.542693573375   0.516598325144
6.344   0.542693573375   0.516598325144
6.44   0.542693573375   0.516598325144
6.536   0.542693573375   0.516598325144
6.632   0.542693573375   0.516598325144
6.728   0.542693573375   0.516598325144
6.824   0.542693573375   0.516598325144
6.92   0.542693573375   0.516598325144
7.016   0.542693573375   0.516598325144
7.112   0.542693573375   0.516598325144
7.208   0.542693573375   0.516598325144
7.304   0.542693573375   0.516598325144
7.4   0.542693573375   0.516598325144
7.496   0.542693573375   0.516598325144
7.592   0.542693573375   0.516598325144
7.688   0.542693573375   0.516598325144
7.784   0.542693573375   0.516598325144
7.88   0.542693573375   0.516598325144
7.976   0.542693573375   0.516598325144
8.072   0.542693573375   0.516598325144
8.168   0.542693573375   0.516598325144
8.264   0.542693573375   0.516598325144
8.36   0.542693573375   0.516598325144
8.456   0.542693573375   0.516598325144
8.552   0.542693573375   0.516598325144
8.648   0.542693573375   0.516598325144
8.744   0.542693573375   0.516598325144
8.84   0.542693573375   0.516598325144
8.936   0.542693573375   0.516598325144
9.032   0.542693573375   0.516598325144
9.128   0.542693573375   0.516598325144
9.224   0.542693573375   0.516598325144
9.32   0.542693573375   0.516598325144
9.416   0.542693573375   0.516598325144
9.512   0.542693573375   0.516598325144
9.608   0.542693573375   0.516598325144
9.704   0.542693573375   0.516598325144
