0.2   0.562618319799   0.400301687435
0.296   0.558220543894   0.443779037774
0.392   0.554449172439   0.472922309512
0.488   0.551299584447   0.492803733922
0.584   0.548751837118   0.506207087566
0.68   0.546771430858   0.515013292276
0.776   0.54530702611   0.52064071834
0.872   0.544287376473   0.524146613418
0.968   0.543622487779   0.526279326829
1.064   0.543215598387   0.527548379555
1.16   0.542979724476   0.528289764893
1.256   0.54284751256   0.528717250403
1.352   0.542775552563   0.52896195148
1.448   0.5427369734   0.529101334953
1.544   0.542716472368   0.529180581167
1.64   0.542705632814   0.529225599911
1.736   0.542699917722   0.52925116713
1.832   0.542696909168   0.52926568662
1.928   0.542695326754   0.529273932484
2.024   0.54269449484   0.529278615741
2.12   0.542694057593   0.529281275764
2.216   0.542693827813   0.52928278669
2.312   0.542693707068   0.529283644944
2.408   0.542693643623   0.529284132472
2.504   0.542693610285   0.529284409414
2.6   0.542693592769   0.529284566733
2.696   0.542693583565   0.529284656101
2.792   0.542693578729   0.529284706868
2.888   0.542693576188   0.529284735707
2.984   0.542693574853   0.52928475209
3.08   0.542693574151   0.529284761396
3.176   0.542693573783   0.529284766683
3.272   0.542693573589   0.529284769686
3.368   0.542693573487   0.529284771392
3.464   0.542693573434   0.529284772361
3.56   0.542693573406   0.529284772912
3.656   0.542693573391   0.529284773224
3.752   0.542693573383   0.529284773402
3.848   0.542693573379   0.529284773503
3.944   0.542693573377   0.52928477356
4.04   0.542693573376   0.529284773593
4.136   0.542693573375   0.529284773611
4.232   0.542693573375   0.529284773622
4.328   0.542693573375   0.529284773628
4.424   0.542693573375   0.529284773631
4.52   0.542693573375   0.529284773633
4.616   0.542693573375   0.529284773634
4.712   0.542693573375   0.529284773635
4.808   0.542693573375   0.529284773635
4.904   0.542693573375   0.529284773636
5.0   0.542693573375   0.529284773636
5.096   0.542693573375   0.529284773636
5.192   0.542693573375   0.529284773636
5.288   0.542693573375   0.529284773636
5.384   0.542693573375   0.529284773636
5.48   0.542693573375   0.529284773636
5.576   0.542693573375   0.529284773636
5.672   0.542693573375   0.529284773636
5.768   0.542693573375   0.529284773636
5.864   0.542693573375   0.529284773636
5.96   0.542693573375   0.529284773636
6.056   0.542693573375   0.529284773636
6.152   0.542693573375   0.529284773636
6.248   0.542693573375   0.529284773636
6.344   0.542693573375   0.529284773636
6.44   0.542693573375   0.529284773636
6.536   0.542693573375   0.529284773636
6.632   0.542693573375   0.529284773636
6.728   0.542693573375   0.529284773636
6.824   0.542693573375   0.529284773636
6.92   0.542693573375   0.529284773636
7.016   0.542693573375   0.529284773636
7.112   0.542693573375   0.529284773636
7.208   0.542693573375   0.529284773636
7.304   0.542693573375   0.529284773636
7.4   0.542693573375   0.529284773636
7.496   0.542693573375   0.529284773636
7.592   0.542693573375   0.529284773636
7.688   0.542693573375   0.529284773636
7.784   0.542693573375   0.529284773636
7.88   0.542693573375   0.529284773636
7.976   0.542693573375   0.529284773636
8.072   0.542693573375   0.529284773636
8.168   0.542693573375   0.529284773636
8.264   0.542693573375   0.529284773636
8.36   0.542693573375   0.529284773636
8.456   0.542693573375   0.529284773636
8.552   0.542693573375   0.529284773636
8.648   0.542693573375   0.529284773636
8.744   0.542693573375   0.529284773636
8.84   0.542693573375   0.529284773636
8.936   0.542693573375   0.529284773636
9.032   0.542693573375   0.529284773636
9.128   0.542693573375   0.529284773636
9.224   0.542693573375   0.529284773636
9.32   0.542693573375   0.529284773636
9.416   0.542693573375   0.529284773636
9.512   0.542693573375   0.529284773636
9.608   0.542693573375   0.529284773636
9.704   0.542693573375   0.529284773636
