0.2   0.565720521269   0.446714099428
0.296   0.562802477013   0.484086602954
0.392   0.560474392015   0.508199882862
0.488   0.558723246811   0.523351726105
0.584   0.557506731725   0.53227777675
0.68   0.55674094069   0.537215514091
0.776   0.556306608776   0.539841872209
0.872   0.556081794891   0.541212849215
0.968   0.55597288028   0.541923751979
1.064   0.555921930214   0.542292321513
1.16   0.555898696902   0.542483940789
1.256   0.555888214005   0.542583833859
1.352   0.55588350887   0.542636047536
1.448   0.555881402397   0.542663390944
1.544   0.555880460487   0.542677728331
1.64   0.555880039556   0.542685252182
1.736   0.555879851498   0.542689202483
1.832   0.55587976749   0.542691277176
1.928   0.555879729966   0.542692367004
2.024   0.555879713204   0.542692939547
2.12   0.555879705718   0.542693240353
2.216   0.555879702374   0.542693398398
2.312   0.55587970088   0.542693481438
2.408   0.555879700213   0.542693525069
2.504   0.555879699915   0.542693547993
2.6   0.555879699782   0.542693560039
2.696   0.555879699722   0.542693566367
2.792   0.555879699696   0.542693569693
2.888   0.555879699684   0.54269357144
2.984   0.555879699679   0.542693572358
3.08   0.555879699676   0.542693572841
3.176   0.555879699675   0.542693573094
3.272   0.555879699675   0.542693573227
3.368   0.555879699675   0.542693573297
3.464   0.555879699675   0.542693573334
3.56   0.555879699674   0.542693573353
3.656   0.555879699674   0.542693573363
3.752   0.555879699674   0.542693573369
3.848   0.555879699674   0.542693573372
3.944   0.555879699674   0.542693573373
4.04   0.555879699674   0.542693573374
4.136   0.555879699674   0.542693573374
4.232   0.555879699674   0.542693573374
4.328   0.555879699674   0.542693573375
4.424   0.555879699674   0.542693573375
4.52   0.555879699674   0.542693573375
4.616   0.555879699674   0.542693573375
4.712   0.555879699674   0.542693573375
4.808   0.555879699674   0.542693573375
4.904   0.555879699674   0.542693573375
5.0   0.555879699674   0.542693573375
5.096   0.555879699674   0.542693573375
5.192   0.555879699674   0.542693573375
5.288   0.555879699674   0.542693573375
5.384   0.555879699674   0.542693573375
5.48   0.555879699674   0.542693573375
5.576   0.555879699674   0.542693573375
5.672   0.555879699674   0.542693573375
5.768   0.555879699674   0.542693573375
5.864   0.555879699674   0.542693573375
5.96   0.555879699674   0.542693573375
6.056   0.555879699674   0.542693573375
6.152   0.555879699674   0.542693573375
6.248   0.555879699674   0.542693573375
6.344   0.555879699674   0.542693573375
6.44   0.555879699674   0.542693573375
6.536   0.555879699674   0.542693573375
6.632   0.555879699674   0.542693573375
6.728   0.555879699674   0.542693573375
6.824   0.555879699674   0.542693573375
6.92   0.555879699674   0.542693573375
7.016   0.555879699674   0.542693573375
7.112   0.555879699674   0.542693573375
7.208   0.555879699674   0.542693573375
7.304   0.555879699674   0.542693573375
7.4   0.555879699674   0.542693573375
7.496   0.555879699674   0.542693573375
7.592   0.555879699674   0.542693573375
7.688   0.555879699674   0.542693573375
7.784   0.555879699674   0.542693573375
7.88   0.555879699674   0.542693573375
7.976   0.555879699674   0.542693573375
8.072   0.555879699674   0.542693573375
8.168   0.555879699674   0.542693573375
8.264   0.555879699674   0.542693573375
8.36   0.555879699674   0.542693573375
8.456   0.555879699674   0.542693573375
8.552   0.555879699674   0.542693573375
8.648   0.555879699674   0.542693573375
8.744   0.555879699674   0.542693573375
8.84   0.555879699674   0.542693573375
8.936   0.555879699674   0.542693573375
9.032   0.555879699674   0.542693573375
9.128   0.555879699674   0.542693573375
9.224   0.555879699674   0.542693573375
9.32   0.555879699674   0.542693573375
9.416   0.555879699674   0.542693573375
9.512   0.555879699674   0.542693573375
9.608   0.555879699674   0.542693573375
9.704   0.555879699674   0.542693573375
