0.2   0.56435145167   0.414874506706
0.296   0.56067108571   0.461311076153
0.392   0.557509138377   0.491167074588
0.488   0.554846329864   0.510636293978
0.584   0.552649951962   0.523045640631
0.68   0.550878319654   0.53072752465
0.776   0.549484711736   0.535422332704
0.872   0.548421017087   0.53830155836
0.968   0.547639690785   0.540078229883
1.064   0.547093697127   0.541170756739
1.16   0.546734528235   0.541830299485
1.256   0.546513639004   0.542216551492
1.352   0.54638670437   0.542435160136
1.448   0.546315966392   0.542555479101
1.544   0.546278344062   0.542620327728
1.64   0.54625872193   0.542654892938
1.736   0.546248598704   0.542673195934
1.832   0.546243406947   0.542682852057
1.928   0.54624075275   0.54268793626
2.024   0.546239398104   0.542690610466
2.12   0.546238707329   0.542692016313
2.216   0.546238355242   0.54269275518
2.312   0.546238175828   0.542693143453
2.408   0.546238084414   0.542693347477
2.504   0.54623803784   0.54269345468
2.6   0.546238014113   0.542693511009
2.696   0.546238002025   0.542693540606
2.792   0.546237995866   0.542693556157
2.888   0.546237992729   0.542693564328
2.984   0.546237991131   0.542693568621
3.08   0.546237990317   0.542693570877
3.176   0.546237989902   0.542693572062
3.272   0.54623798969   0.542693572685
3.368   0.546237989583   0.542693573012
3.464   0.546237989528   0.542693573184
3.56   0.5462379895   0.542693573275
3.656   0.546237989486   0.542693573322
3.752   0.546237989479   0.542693573347
3.848   0.546237989475   0.54269357336
3.944   0.546237989473   0.542693573367
4.04   0.546237989472   0.542693573371
4.136   0.546237989471   0.542693573373
4.232   0.546237989471   0.542693573374
4.328   0.546237989471   0.542693573374
4.424   0.546237989471   0.542693573374
4.52   0.546237989471   0.542693573374
4.616   0.546237989471   0.542693573375
4.712   0.546237989471   0.542693573375
4.808   0.546237989471   0.542693573375
4.904   0.546237989471   0.542693573375
5.0   0.546237989471   0.542693573375
5.096   0.546237989471   0.542693573375
5.192   0.546237989471   0.542693573375
5.288   0.546237989471   0.542693573375
5.384   0.546237989471   0.542693573375
5.48   0.546237989471   0.542693573375
5.576   0.546237989471   0.542693573375
5.672   0.546237989471   0.542693573375
5.768   0.546237989471   0.542693573375
5.864   0.546237989471   0.542693573375
5.96   0.546237989471   0.542693573375
6.056   0.546237989471   0.542693573375
6.152   0.546237989471   0.542693573375
6.248   0.546237989471   0.542693573375
6.344   0.546237989471   0.542693573375
6.44   0.546237989471   0.542693573375
6.536   0.546237989471   0.542693573375
6.632   0.546237989471   0.542693573375
6.728   0.546237989471   0.542693573375
6.824   0.546237989471   0.542693573375
6.92   0.546237989471   0.542693573375
7.016   0.546237989471   0.542693573375
7.112   0.546237989471   0.542693573375
7.208   0.546237989471   0.542693573375
7.304   0.546237989471   0.542693573375
7.4   0.546237989471   0.542693573375
7.496   0.546237989471   0.542693573375
7.592   0.546237989471   0.542693573375
7.688   0.546237989471   0.542693573375
7.784   0.546237989471   0.542693573375
7.88   0.546237989471   0.542693573375
7.976   0.546237989471   0.542693573375
8.072   0.546237989471   0.542693573375
8.168   0.546237989471   0.542693573375
8.264   0.546237989471   0.542693573375
8.36   0.546237989471   0.542693573375
8.456   0.546237989471   0.542693573375
8.552   0.546237989471   0.542693573375
8.648   0.546237989471   0.542693573375
8.744   0.546237989471   0.542693573375
8.84   0.546237989471   0.542693573375
8.936   0.546237989471   0.542693573375
9.032   0.546237989471   0.542693573375
9.128   0.546237989471   0.542693573375
9.224   0.546237989471   0.542693573375
9.32   0.546237989471   0.542693573375
9.416   0.546237989471   0.542693573375
9.512   0.546237989471   0.542693573375
9.608   0.546237989471   0.542693573375
9.704   0.546237989471   0.542693573375
