0.2   0.561162498445   0.367141070448
0.296   0.556318161775   0.412659017133
0.392   0.552319497673   0.443287902709
0.488   0.549172598315   0.464325824453
0.584   0.546835638886   0.478657936696
0.68   0.545211365117   0.488192605479
0.776   0.544157352934   0.494358103425
0.872   0.543515106877   0.498246525369
0.968   0.543143210415   0.500655527795
1.064   0.54293572622   0.502132176856
1.16   0.54282259274   0.503032468959
1.256   0.542761905383   0.503580416756
1.352   0.542729638441   0.503913715383
1.448   0.542712570614   0.504116545906
1.544   0.542703569014   0.504240061992
1.64   0.542698829436   0.504315327233
1.736   0.542696336242   0.504361215412
1.832   0.542695025408   0.5043892046
1.928   0.542694336415   0.504406281764
2.024   0.542693974327   0.504416703473
2.12   0.542693784055   0.504423064554
2.216   0.542693684075   0.504426947581
2.312   0.542693631541   0.504429318093
2.408   0.542693603937   0.504430765317
2.504   0.542693589433   0.504431648893
2.6   0.542693581812   0.504432188356
2.696   0.542693577808   0.504432517728
2.792   0.542693575704   0.504432718829
2.888   0.542693574599   0.504432841615
2.984   0.542693574018   0.504432916583
3.08   0.542693573713   0.504432962356
3.176   0.542693573552   0.504432990304
3.272   0.542693573468   0.504433007368
3.368   0.542693573424   0.504433017787
3.464   0.5426935734   0.504433024149
3.56   0.542693573388   0.504433028033
3.656   0.542693573382   0.504433030404
3.752   0.542693573378   0.504433031852
3.848   0.542693573377   0.504433032736
3.944   0.542693573376   0.504433033276
4.04   0.542693573375   0.504433033606
4.136   0.542693573375   0.504433033807
4.232   0.542693573375   0.50443303393
4.328   0.542693573375   0.504433034005
4.424   0.542693573375   0.504433034051
4.52   0.542693573375   0.504433034079
4.616   0.542693573375   0.504433034096
4.712   0.542693573375   0.504433034106
4.808   0.542693573375   0.504433034112
4.904   0.542693573375   0.504433034116
5.0   0.542693573375   0.504433034119
5.096   0.542693573375   0.50443303412
5.192   0.542693573375   0.504433034121
5.288   0.542693573375   0.504433034122
5.384   0.542693573375   0.504433034122
5.48   0.542693573375   0.504433034122
5.576   0.542693573375   0.504433034122
5.672   0.542693573375   0.504433034122
5.768   0.542693573375   0.504433034122
5.864   0.542693573375   0.504433034122
5.96   0.542693573375   0.504433034122
6.056   0.542693573375   0.504433034122
6.152   0.542693573375   0.504433034122
6.248   0.542693573375   0.504433034122
6.344   0.542693573375   0.504433034122
6.44   0.542693573375   0.504433034122
6.536   0.542693573375   0.504433034122
6.632   0.542693573375   0.504433034122
6.728   0.542693573375   0.504433034122
6.824   0.542693573375   0.504433034122
6.92   0.542693573375   0.504433034122
7.016   0.542693573375   0.504433034122
7.112   0.542693573375   0.504433034122
7.208   0.542693573375   0.504433034122
7.304   0.542693573375   0.504433034122
7.4   0.542693573375   0.504433034122
7.496   0.542693573375   0.504433034122
7.592   0.542693573375   0.504433034122
7.688   0.542693573375   0.504433034122
7.784   0.542693573375   0.504433034122
7.88   0.542693573375   0.504433034122
7.976   0.542693573375   0.504433034122
8.072   0.542693573375   0.504433034122
8.168   0.542693573375   0.504433034122
8.264   0.542693573375   0.504433034122
8.36   0.542693573375   0.504433034122
8.456   0.542693573375   0.504433034122
8.552   0.542693573375   0.504433034122
8.648   0.542693573375   0.504433034122
8.744   0.542693573375   0.504433034122
8.84   0.542693573375   0.504433034122
8.936   0.542693573375   0.504433034122
9.032   0.542693573375   0.504433034122
9.128   0.542693573375   0.504433034122
9.224   0.542693573375   0.504433034122
9.32   0.542693573375   0.504433034122
9.416   0.542693573375   0.504433034122
9.512   0.542693573375   0.504433034122
9.608   0.542693573375   0.504433034122
9.704   0.542693573375   0.504433034122
