0.2   0.561855824569   0.383305814316
0.296   0.55720169361   0.428286858265
0.392   0.553276104231   0.458478476679
0.488   0.550087335427   0.479157734518
0.584   0.547615857522   0.493186666601
0.68   0.545807197624   0.50246015341
0.776   0.544567874462   0.50840147851
0.872   0.543774177543   0.512099639891
0.968   0.543296139206   0.514350161677
1.064   0.543022086496   0.515698989225
1.16   0.542869829313   0.516500245814
1.256   0.54278730106   0.516974132501
1.352   0.542743155335   0.517253985296
1.448   0.542719723927   0.517419171616
1.544   0.542707342499   0.517516706624
1.64   0.542700816461   0.517574323533
1.736   0.542697381532   0.517608374783
1.832   0.542695574993   0.517628506252
1.928   0.542694625286   0.517640411513
2.024   0.542694126138   0.517647453416
2.12   0.54269386383   0.517651619256
2.216   0.542693725993   0.517654083916
2.312   0.542693653566   0.517655542192
2.408   0.54269361551   0.517656405054
2.504   0.542693595514   0.517656915623
2.6   0.542693585007   0.517657217741
2.696   0.542693579487   0.517657396515
2.792   0.542693576586   0.517657502302
2.888   0.542693575062   0.517657564901
2.984   0.542693574261   0.517657601943
3.08   0.542693573841   0.517657623862
3.176   0.542693573619   0.517657636833
3.272   0.542693573503   0.517657644509
3.368   0.542693573442   0.517657649051
3.464   0.54269357341   0.517657651738
3.56   0.542693573393   0.517657653329
3.656   0.542693573384   0.51765765427
3.752   0.54269357338   0.517657654827
3.848   0.542693573377   0.517657655156
3.944   0.542693573376   0.517657655351
4.04   0.542693573375   0.517657655467
4.136   0.542693573375   0.517657655535
4.232   0.542693573375   0.517657655575
4.328   0.542693573375   0.517657655599
4.424   0.542693573375   0.517657655613
4.52   0.542693573375   0.517657655622
4.616   0.542693573375   0.517657655627
4.712   0.542693573375   0.51765765563
4.808   0.542693573375   0.517657655631
4.904   0.542693573375   0.517657655632
5.0   0.542693573375   0.517657655633
5.096   0.542693573375   0.517657655633
5.192   0.542693573375   0.517657655634
5.288   0.542693573375   0.517657655634
5.384   0.542693573375   0.517657655634
5.48   0.542693573375   0.517657655634
5.576   0.542693573375   0.517657655634
5.672   0.542693573375   0.517657655634
5.768   0.542693573375   0.517657655634
5.864   0.542693573375   0.517657655634
5.96   0.542693573375   0.517657655634
6.056   0.542693573375   0.517657655634
6.152   0.542693573375   0.517657655634
6.248   0.542693573375   0.517657655634
6.344   0.542693573375   0.517657655634
6.44   0.542693573375   0.517657655634
6.536   0.542693573375   0.517657655634
6.632   0.542693573375   0.517657655634
6.728   0.542693573375   0.517657655634
6.824   0.542693573375   0.517657655634
6.92   0.542693573375   0.517657655634
7.016   0.542693573375   0.517657655634
7.112   0.542693573375   0.517657655634
7.208   0.542693573375   0.517657655634
7.304   0.542693573375   0.517657655634
7.4   0.542693573375   0.517657655634
7.496   0.542693573375   0.517657655634
7.592   0.542693573375   0.517657655634
7.688   0.542693573375   0.517657655634
7.784   0.542693573375   0.517657655634
7.88   0.542693573375   0.517657655634
7.976   0.542693573375   0.517657655634
8.072   0.542693573375   0.517657655634
8.168   0.542693573375   0.517657655634
8.264   0.542693573375   0.517657655634
8.36   0.542693573375   0.517657655634
8.456   0.542693573375   0.517657655634
8.552   0.542693573375   0.517657655634
8.648   0.542693573375   0.517657655634
8.744   0.542693573375   0.517657655634
8.84   0.542693573375   0.517657655634
8.936   0.542693573375   0.517657655634
9.032   0.542693573375   0.517657655634
9.128   0.542693573375   0.517657655634
9.224   0.542693573375   0.517657655634
9.32   0.542693573375   0.517657655634
9.416   0.542693573375   0.517657655634
9.512   0.542693573375   0.517657655634
9.608   0.542693573375   0.517657655634
9.704   0.542693573375   0.517657655634
