0.2   0.563351351916   0.415348706958
0.296   0.55924624139   0.456859813283
0.392   0.555703918398   0.484640748645
0.488   0.552704749075   0.503459771854
0.584   0.550215067909   0.516001846171
0.68   0.54819182243   0.524158986734
0.776   0.54658659849   0.529378934194
0.872   0.545349200122   0.532702502548
0.968   0.5444294272   0.534814976944
1.064   0.543776862544   0.536147234738
1.16   0.543338998743   0.536971753078
1.256   0.543062743399   0.537467937527
1.352   0.542898161755   0.537757301575
1.448   0.542804810285   0.537921917134
1.544   0.542753043767   0.53801359948
1.64   0.542725122795   0.538064096327
1.736   0.542710237834   0.538091723434
1.832   0.542702354411   0.538106780492
1.928   0.54269819431   0.538114969421
2.024   0.542696003367   0.538119418019
2.12   0.542694850735   0.538121833267
2.216   0.542694244699   0.53812314416
2.312   0.542693926154   0.538123855544
2.408   0.542693758748   0.538124241561
2.504   0.542693670779   0.538124451017
2.6   0.542693624555   0.538124564666
2.696   0.542693600267   0.538124626331
2.792   0.542693587505   0.53812465979
2.888   0.542693580799   0.538124677944
2.984   0.542693577276   0.538124687794
3.08   0.542693575424   0.538124693139
3.176   0.542693574452   0.538124696039
3.272   0.542693573941   0.538124697612
3.368   0.542693573672   0.538124698466
3.464   0.542693573531   0.538124698929
3.56   0.542693573457   0.538124699181
3.656   0.542693573418   0.538124699317
3.752   0.542693573397   0.538124699391
3.848   0.542693573387   0.538124699431
3.944   0.542693573381   0.538124699453
4.04   0.542693573378   0.538124699465
4.136   0.542693573376   0.538124699471
4.232   0.542693573376   0.538124699475
4.328   0.542693573375   0.538124699477
4.424   0.542693573375   0.538124699478
4.52   0.542693573375   0.538124699478
4.616   0.542693573375   0.538124699478
4.712   0.542693573375   0.538124699479
4.808   0.542693573375   0.538124699479
4.904   0.542693573375   0.538124699479
5.0   0.542693573375   0.538124699479
5.096   0.542693573375   0.538124699479
5.192   0.542693573375   0.538124699479
5.288   0.542693573375   0.538124699479
5.384   0.542693573375   0.538124699479
5.48   0.542693573375   0.538124699479
5.576   0.542693573375   0.538124699479
5.672   0.542693573375   0.538124699479
5.768   0.542693573375   0.538124699479
5.864   0.542693573375   0.538124699479
5.96   0.542693573375   0.538124699479
6.056   0.542693573375   0.538124699479
6.152   0.542693573375   0.538124699479
6.248   0.542693573375   0.538124699479
6.344   0.542693573375   0.538124699479
6.44   0.542693573375   0.538124699479
6.536   0.542693573375   0.538124699479
6.632   0.542693573375   0.538124699479
6.728   0.542693573375   0.538124699479
6.824   0.542693573375   0.538124699479
6.92   0.542693573375   0.538124699479
7.016   0.542693573375   0.538124699479
7.112   0.542693573375   0.538124699479
7.208   0.542693573375   0.538124699479
7.304   0.542693573375   0.538124699479
7.4   0.542693573375   0.538124699479
7.496   0.542693573375   0.538124699479
7.592   0.542693573375   0.538124699479
7.688   0.542693573375   0.538124699479
7.784   0.542693573375   0.538124699479
7.88   0.542693573375   0.538124699479
7.976   0.542693573375   0.538124699479
8.072   0.542693573375   0.538124699479
8.168   0.542693573375   0.538124699479
8.264   0.542693573375   0.538124699479
8.36   0.542693573375   0.538124699479
8.456   0.542693573375   0.538124699479
8.552   0.542693573375   0.538124699479
8.648   0.542693573375   0.538124699479
8.744   0.542693573375   0.538124699479
8.84   0.542693573375   0.538124699479
8.936   0.542693573375   0.538124699479
9.032   0.542693573375   0.538124699479
9.128   0.542693573375   0.538124699479
9.224   0.542693573375   0.538124699479
9.32   0.542693573375   0.538124699479
9.416   0.542693573375   0.538124699479
9.512   0.542693573375   0.538124699479
9.608   0.542693573375   0.538124699479
9.704   0.542693573375   0.538124699479
