0.2   0.563383538071   0.414194618374
0.296   0.559288887721   0.456320688665
0.392   0.55575391618   0.484422514617
0.488   0.552759272398   0.503416558
0.584   0.550271496173   0.516051867007
0.68   0.548247640467   0.524256308947
0.776   0.546639320626   0.529500442511
0.872   0.545396402293   0.532838418965
0.968   0.544468993636   0.534962027547
1.064   0.54380749243   0.536304467974
1.16   0.543360670372   0.537138262141
1.256   0.543076787297   0.537642071137
1.352   0.542906614545   0.537936898674
1.448   0.542809670466   0.538105055746
1.544   0.54275571564   0.538198809517
1.64   0.542726562304   0.538250458186
1.736   0.542711004633   0.538278705424
1.832   0.542702760311   0.538294089511
1.928   0.542698408435   0.538302448586
2.024   0.542696116117   0.538306984889
2.12   0.542694910045   0.538309445031
2.216   0.542694275881   0.538310778765
2.312   0.542693942543   0.538311501706
2.408   0.542693767361   0.538311893535
2.504   0.542693675305   0.538312105894
2.6   0.542693626933   0.538312220983
2.696   0.542693601516   0.538312283356
2.792   0.542693588161   0.538312317159
2.888   0.542693581144   0.538312335478
2.984   0.542693577457   0.538312345406
3.08   0.54269357552   0.538312350786
3.176   0.542693574502   0.538312353702
3.272   0.542693573967   0.538312355282
3.368   0.542693573686   0.538312356139
3.464   0.542693573538   0.538312356603
3.56   0.542693573461   0.538312356854
3.656   0.54269357342   0.538312356991
3.752   0.542693573398   0.538312357065
3.848   0.542693573387   0.538312357105
3.944   0.542693573381   0.538312357126
4.04   0.542693573378   0.538312357138
4.136   0.542693573376   0.538312357145
4.232   0.542693573376   0.538312357148
4.328   0.542693573375   0.53831235715
4.424   0.542693573375   0.538312357151
4.52   0.542693573375   0.538312357151
4.616   0.542693573375   0.538312357152
4.712   0.542693573375   0.538312357152
4.808   0.542693573375   0.538312357152
4.904   0.542693573375   0.538312357152
5.0   0.542693573375   0.538312357152
5.096   0.542693573375   0.538312357152
5.192   0.542693573375   0.538312357152
5.288   0.542693573375   0.538312357152
5.384   0.542693573375   0.538312357152
5.48   0.542693573375   0.538312357152
5.576   0.542693573375   0.538312357152
5.672   0.542693573375   0.538312357152
5.768   0.542693573375   0.538312357152
5.864   0.542693573375   0.538312357152
5.96   0.542693573375   0.538312357152
6.056   0.542693573375   0.538312357152
6.152   0.542693573375   0.538312357152
6.248   0.542693573375   0.538312357152
6.344   0.542693573375   0.538312357152
6.44   0.542693573375   0.538312357152
6.536   0.542693573375   0.538312357152
6.632   0.542693573375   0.538312357152
6.728   0.542693573375   0.538312357152
6.824   0.542693573375   0.538312357152
6.92   0.542693573375   0.538312357152
7.016   0.542693573375   0.538312357152
7.112   0.542693573375   0.538312357152
7.208   0.542693573375   0.538312357152
7.304   0.542693573375   0.538312357152
7.4   0.542693573375   0.538312357152
7.496   0.542693573375   0.538312357152
7.592   0.542693573375   0.538312357152
7.688   0.542693573375   0.538312357152
7.784   0.542693573375   0.538312357152
7.88   0.542693573375   0.538312357152
7.976   0.542693573375   0.538312357152
8.072   0.542693573375   0.538312357152
8.168   0.542693573375   0.538312357152
8.264   0.542693573375   0.538312357152
8.36   0.542693573375   0.538312357152
8.456   0.542693573375   0.538312357152
8.552   0.542693573375   0.538312357152
8.648   0.542693573375   0.538312357152
8.744   0.542693573375   0.538312357152
8.84   0.542693573375   0.538312357152
8.936   0.542693573375   0.538312357152
9.032   0.542693573375   0.538312357152
9.128   0.542693573375   0.538312357152
9.224   0.542693573375   0.538312357152
9.32   0.542693573375   0.538312357152
9.416   0.542693573375   0.538312357152
9.512   0.542693573375   0.538312357152
9.608   0.542693573375   0.538312357152
9.704   0.542693573375   0.538312357152
