0.2   0.562480766555   0.406414375589
0.296   0.558046465042   0.446844663157
0.392   0.554256959524   0.474352672117
0.488   0.551106157111   0.493298956653
0.584   0.548572131983   0.506160320687
0.68   0.546617426474   0.51465429883
0.776   0.54518609244   0.520100315066
0.872   0.544200776393   0.523497609957
0.968   0.543565760222   0.525563977796
1.064   0.543181125108   0.526793024049
1.16   0.542959843287   0.527511221495
1.256   0.542836514714   0.527925865169
1.352   0.542769601767   0.528163691515
1.448   0.542733794856   0.528299527103
1.544   0.54271478703   0.528376990045
1.64   0.542704742868   0.528421136909
1.736   0.542699448846   0.528446291878
1.832   0.542696662443   0.528460625246
1.928   0.542695197013   0.528468792978
2.024   0.54269442664   0.528473447637
2.12   0.542694021751   0.528476100428
2.216   0.542693808978   0.528477612388
2.312   0.542693697171   0.528478474161
2.408   0.542693638422   0.528478965359
2.504   0.542693607553   0.528479245339
2.6   0.542693591333   0.528479404928
2.696   0.542693582811   0.528479495894
2.792   0.542693578333   0.528479547746
2.888   0.54269357598   0.528479577302
2.984   0.542693574743   0.528479594149
3.08   0.542693574094   0.528479603752
3.176   0.542693573753   0.528479609226
3.272   0.542693573573   0.528479612346
3.368   0.542693573479   0.528479614124
3.464   0.542693573429   0.528479615138
3.56   0.542693573403   0.528479615716
3.656   0.54269357339   0.528479616045
3.752   0.542693573383   0.528479616233
3.848   0.542693573379   0.52847961634
3.944   0.542693573377   0.528479616401
4.04   0.542693573376   0.528479616436
4.136   0.542693573375   0.528479616456
4.232   0.542693573375   0.528479616467
4.328   0.542693573375   0.528479616474
4.424   0.542693573375   0.528479616477
4.52   0.542693573375   0.528479616479
4.616   0.542693573375   0.528479616481
4.712   0.542693573375   0.528479616481
4.808   0.542693573375   0.528479616482
4.904   0.542693573375   0.528479616482
5.0   0.542693573375   0.528479616482
5.096   0.542693573375   0.528479616482
5.192   0.542693573375   0.528479616482
5.288   0.542693573375   0.528479616482
5.384   0.542693573375   0.528479616482
5.48   0.542693573375   0.528479616482
5.576   0.542693573375   0.528479616482
5.672   0.542693573375   0.528479616482
5.768   0.542693573375   0.528479616482
5.864   0.542693573375   0.528479616482
5.96   0.542693573375   0.528479616482
6.056   0.542693573375   0.528479616482
6.152   0.542693573375   0.528479616482
6.248   0.542693573375   0.528479616482
6.344   0.542693573375   0.528479616482
6.44   0.542693573375   0.528479616482
6.536   0.542693573375   0.528479616482
6.632   0.542693573375   0.528479616482
6.728   0.542693573375   0.528479616482
6.824   0.542693573375   0.528479616482
6.92   0.542693573375   0.528479616482
7.016   0.542693573375   0.528479616482
7.112   0.542693573375   0.528479616482
7.208   0.542693573375   0.528479616482
7.304   0.542693573375   0.528479616482
7.4   0.542693573375   0.528479616482
7.496   0.542693573375   0.528479616482
7.592   0.542693573375   0.528479616482
7.688   0.542693573375   0.528479616482
7.784   0.542693573375   0.528479616482
7.88   0.542693573375   0.528479616482
7.976   0.542693573375   0.528479616482
8.072   0.542693573375   0.528479616482
8.168   0.542693573375   0.528479616482
8.264   0.542693573375   0.528479616482
8.36   0.542693573375   0.528479616482
8.456   0.542693573375   0.528479616482
8.552   0.542693573375   0.528479616482
8.648   0.542693573375   0.528479616482
8.744   0.542693573375   0.528479616482
8.84   0.542693573375   0.528479616482
8.936   0.542693573375   0.528479616482
9.032   0.542693573375   0.528479616482
9.128   0.542693573375   0.528479616482
9.224   0.542693573375   0.528479616482
9.32   0.542693573375   0.528479616482
9.416   0.542693573375   0.528479616482
9.512   0.542693573375   0.528479616482
9.608   0.542693573375   0.528479616482
9.704   0.542693573375   0.528479616482
