0.2   0.561485571345   0.373735410419
0.296   0.556723903059   0.419470577788
0.392   0.552751085002   0.450157758727
0.488   0.549576509443   0.471190494022
0.584   0.547171847516   0.485484802418
0.68   0.545461663252   0.4949617495
0.776   0.544325784566   0.501059040004
0.872   0.543619392045   0.504877305451
0.968   0.543203934446   0.507221219469
1.064   0.542969701655   0.508642311793
1.16   0.542841080152   0.509498218608
1.256   0.54277181479   0.51001252233
1.352   0.542734903748   0.510321226162
1.448   0.542715354441   0.510506582003
1.544   0.542705036762   0.510617943198
1.64   0.542699602096   0.510684890293
1.736   0.542696742643   0.510725158401
1.832   0.542695239065   0.510749389452
1.928   0.542694448712   0.510763974846
2.024   0.542694033341   0.510772756185
2.12   0.542693815066   0.510778043934
2.216   0.54269370037   0.510781228332
2.312   0.542693640103   0.510783146185
2.408   0.542693608436   0.510784301296
2.504   0.542693591797   0.510784997035
2.6   0.542693583054   0.510785416096
2.696   0.542693578461   0.510785668511
2.792   0.542693576047   0.510785820551
2.888   0.542693574779   0.510785912131
2.984   0.542693574112   0.510785967293
3.08   0.542693573762   0.510786000521
3.176   0.542693573578   0.510786020535
3.272   0.542693573482   0.51078603259
3.368   0.542693573431   0.510786039852
3.464   0.542693573404   0.510786044226
3.56   0.54269357339   0.510786046861
3.656   0.542693573383   0.510786048448
3.752   0.542693573379   0.510786049404
3.848   0.542693573377   0.510786049979
3.944   0.542693573376   0.510786050326
4.04   0.542693573375   0.510786050535
4.136   0.542693573375   0.510786050661
4.232   0.542693573375   0.510786050737
4.328   0.542693573375   0.510786050782
4.424   0.542693573375   0.51078605081
4.52   0.542693573375   0.510786050827
4.616   0.542693573375   0.510786050837
4.712   0.542693573375   0.510786050843
4.808   0.542693573375   0.510786050846
4.904   0.542693573375   0.510786050848
5.0   0.542693573375   0.51078605085
5.096   0.542693573375   0.51078605085
5.192   0.542693573375   0.510786050851
5.288   0.542693573375   0.510786050851
5.384   0.542693573375   0.510786050851
5.48   0.542693573375   0.510786050851
5.576   0.542693573375   0.510786050852
5.672   0.542693573375   0.510786050852
5.768   0.542693573375   0.510786050852
5.864   0.542693573375   0.510786050852
5.96   0.542693573375   0.510786050852
6.056   0.542693573375   0.510786050852
6.152   0.542693573375   0.510786050852
6.248   0.542693573375   0.510786050852
6.344   0.542693573375   0.510786050852
6.44   0.542693573375   0.510786050852
6.536   0.542693573375   0.510786050852
6.632   0.542693573375   0.510786050852
6.728   0.542693573375   0.510786050852
6.824   0.542693573375   0.510786050852
6.92   0.542693573375   0.510786050852
7.016   0.542693573375   0.510786050852
7.112   0.542693573375   0.510786050852
7.208   0.542693573375   0.510786050852
7.304   0.542693573375   0.510786050852
7.4   0.542693573375   0.510786050852
7.496   0.542693573375   0.510786050852
7.592   0.542693573375   0.510786050852
7.688   0.542693573375   0.510786050852
7.784   0.542693573375   0.510786050852
7.88   0.542693573375   0.510786050852
7.976   0.542693573375   0.510786050852
8.072   0.542693573375   0.510786050852
8.168   0.542693573375   0.510786050852
8.264   0.542693573375   0.510786050852
8.36   0.542693573375   0.510786050852
8.456   0.542693573375   0.510786050852
8.552   0.542693573375   0.510786050852
8.648   0.542693573375   0.510786050852
8.744   0.542693573375   0.510786050852
8.84   0.542693573375   0.510786050852
8.936   0.542693573375   0.510786050852
9.032   0.542693573375   0.510786050852
9.128   0.542693573375   0.510786050852
9.224   0.542693573375   0.510786050852
9.32   0.542693573375   0.510786050852
9.416   0.542693573375   0.510786050852
9.512   0.542693573375   0.510786050852
9.608   0.542693573375   0.510786050852
9.704   0.542693573375   0.510786050852
