0.2   0.562213548483   0.409698925964
0.296   0.557699000072   0.447506749692
0.392   0.553864670938   0.473607158129
0.488   0.550704971944   0.491763348449
0.584   0.548196414825   0.504182467371
0.68   0.546295866687   0.512430300884
0.776   0.544936080516   0.517733224572
0.872   0.544024481769   0.521040966409
0.968   0.543452146474   0.523050277488
1.064   0.543113019177   0.524245203576
1.16   0.542920961951   0.524945186659
1.256   0.542815135571   0.525351419447
1.352   0.542758075039   0.525586072934
1.448   0.542727650581   0.525721251611
1.544   0.542711532913   0.525799060418
1.64   0.542703025607   0.525843837439
1.736   0.542698544404   0.525869606622
1.832   0.542696186609   0.525884438704
1.928   0.542694946821   0.525892976834
2.024   0.542694295132   0.525897892397
2.12   0.542693952638   0.525900722628
2.216   0.54269377266   0.525902352291
2.312   0.542693678088   0.5259032907
2.408   0.542693628395   0.52590383108
2.504   0.542693602284   0.525904142262
2.6   0.542693588565   0.525904321461
2.696   0.542693581356   0.525904424656
2.792   0.542693577568   0.525904484083
2.888   0.542693575578   0.525904518306
2.984   0.542693574532   0.525904538014
3.08   0.542693573983   0.525904549363
3.176   0.542693573694   0.525904555899
3.272   0.542693573543   0.525904559663
3.368   0.542693573463   0.525904561831
3.464   0.542693573421   0.525904563079
3.56   0.542693573399   0.525904563798
3.656   0.542693573387   0.525904564212
3.752   0.542693573381   0.52590456445
3.848   0.542693573378   0.525904564587
3.944   0.542693573377   0.525904564666
4.04   0.542693573376   0.525904564712
4.136   0.542693573375   0.525904564738
4.232   0.542693573375   0.525904564753
4.328   0.542693573375   0.525904564762
4.424   0.542693573375   0.525904564767
4.52   0.542693573375   0.52590456477
4.616   0.542693573375   0.525904564771
4.712   0.542693573375   0.525904564772
4.808   0.542693573375   0.525904564773
4.904   0.542693573375   0.525904564773
5.0   0.542693573375   0.525904564773
5.096   0.542693573375   0.525904564774
5.192   0.542693573375   0.525904564774
5.288   0.542693573375   0.525904564774
5.384   0.542693573375   0.525904564774
5.48   0.542693573375   0.525904564774
5.576   0.542693573375   0.525904564774
5.672   0.542693573375   0.525904564774
5.768   0.542693573375   0.525904564774
5.864   0.542693573375   0.525904564774
5.96   0.542693573375   0.525904564774
6.056   0.542693573375   0.525904564774
6.152   0.542693573375   0.525904564774
6.248   0.542693573375   0.525904564774
6.344   0.542693573375   0.525904564774
6.44   0.542693573375   0.525904564774
6.536   0.542693573375   0.525904564774
6.632   0.542693573375   0.525904564774
6.728   0.542693573375   0.525904564774
6.824   0.542693573375   0.525904564774
6.92   0.542693573375   0.525904564774
7.016   0.542693573375   0.525904564774
7.112   0.542693573375   0.525904564774
7.208   0.542693573375   0.525904564774
7.304   0.542693573375   0.525904564774
7.4   0.542693573375   0.525904564774
7.496   0.542693573375   0.525904564774
7.592   0.542693573375   0.525904564774
7.688   0.542693573375   0.525904564774
7.784   0.542693573375   0.525904564774
7.88   0.542693573375   0.525904564774
7.976   0.542693573375   0.525904564774
8.072   0.542693573375   0.525904564774
8.168   0.542693573375   0.525904564774
8.264   0.542693573375   0.525904564774
8.36   0.542693573375   0.525904564774
8.456   0.542693573375   0.525904564774
8.552   0.542693573375   0.525904564774
8.648   0.542693573375   0.525904564774
8.744   0.542693573375   0.525904564774
8.84   0.542693573375   0.525904564774
8.936   0.542693573375   0.525904564774
9.032   0.542693573375   0.525904564774
9.128   0.542693573375   0.525904564774
9.224   0.542693573375   0.525904564774
9.32   0.542693573375   0.525904564774
9.416   0.542693573375   0.525904564774
9.512   0.542693573375   0.525904564774
9.608   0.542693573375   0.525904564774
9.704   0.542693573375   0.525904564774
