0.2   0.562581202805   0.396843369419
0.296   0.558166068004   0.44142073459
0.392   0.554380754433   0.471173589291
0.488   0.551222701428   0.491424663164
0.584   0.548673532502   0.505060945517
0.68   0.546699189983   0.514012689426
0.776   0.545247008539   0.519726741459
0.872   0.544242613894   0.523280916028
0.968   0.543592353296   0.525439352208
1.064   0.543196967322   0.526722299426
1.16   0.542968858567   0.527471789626
1.256   0.542841468841   0.527904429677
1.352   0.542772272484   0.528152559664
1.448   0.542735218498   0.528294262225
1.544   0.542715541053   0.528375062813
1.64   0.542705140798   0.528421108239
1.736   0.542699658434   0.528447343454
1.832   0.542696772711   0.528462291679
1.928   0.542695254993   0.528470809495
2.024   0.542694457116   0.528475663535
2.12   0.542694037767   0.528478429901
2.216   0.542693817394   0.528480006566
2.312   0.542693701594   0.528480905206
2.408   0.542693640746   0.528481417411
2.504   0.542693608774   0.528481709362
2.6   0.542693591975   0.528481875772
2.696   0.542693583148   0.528481970626
2.792   0.54269357851   0.528482024692
2.888   0.542693576073   0.528482055511
2.984   0.542693574792   0.528482073077
3.08   0.54269357412   0.52848208309
3.176   0.542693573766   0.528482088797
3.272   0.54269357358   0.528482092051
3.368   0.542693573483   0.528482093905
3.464   0.542693573431   0.528482094962
3.56   0.542693573404   0.528482095565
3.656   0.54269357339   0.528482095908
3.752   0.542693573383   0.528482096104
3.848   0.542693573379   0.528482096215
3.944   0.542693573377   0.528482096279
4.04   0.542693573376   0.528482096315
4.136   0.542693573375   0.528482096336
4.232   0.542693573375   0.528482096348
4.328   0.542693573375   0.528482096354
4.424   0.542693573375   0.528482096358
4.52   0.542693573375   0.52848209636
4.616   0.542693573375   0.528482096362
4.712   0.542693573375   0.528482096362
4.808   0.542693573375   0.528482096363
4.904   0.542693573375   0.528482096363
5.0   0.542693573375   0.528482096363
5.096   0.542693573375   0.528482096363
5.192   0.542693573375   0.528482096363
5.288   0.542693573375   0.528482096363
5.384   0.542693573375   0.528482096363
5.48   0.542693573375   0.528482096363
5.576   0.542693573375   0.528482096363
5.672   0.542693573375   0.528482096363
5.768   0.542693573375   0.528482096363
5.864   0.542693573375   0.528482096363
5.96   0.542693573375   0.528482096363
6.056   0.542693573375   0.528482096363
6.152   0.542693573375   0.528482096363
6.248   0.542693573375   0.528482096363
6.344   0.542693573375   0.528482096363
6.44   0.542693573375   0.528482096363
6.536   0.542693573375   0.528482096363
6.632   0.542693573375   0.528482096363
6.728   0.542693573375   0.528482096363
6.824   0.542693573375   0.528482096363
6.92   0.542693573375   0.528482096363
7.016   0.542693573375   0.528482096363
7.112   0.542693573375   0.528482096363
7.208   0.542693573375   0.528482096363
7.304   0.542693573375   0.528482096363
7.4   0.542693573375   0.528482096363
7.496   0.542693573375   0.528482096363
7.592   0.542693573375   0.528482096363
7.688   0.542693573375   0.528482096363
7.784   0.542693573375   0.528482096363
7.88   0.542693573375   0.528482096363
7.976   0.542693573375   0.528482096363
8.072   0.542693573375   0.528482096363
8.168   0.542693573375   0.528482096363
8.264   0.542693573375   0.528482096363
8.36   0.542693573375   0.528482096363
8.456   0.542693573375   0.528482096363
8.552   0.542693573375   0.528482096363
8.648   0.542693573375   0.528482096363
8.744   0.542693573375   0.528482096363
8.84   0.542693573375   0.528482096363
8.936   0.542693573375   0.528482096363
9.032   0.542693573375   0.528482096363
9.128   0.542693573375   0.528482096363
9.224   0.542693573375   0.528482096363
9.32   0.542693573375   0.528482096363
9.416   0.542693573375   0.528482096363
9.512   0.542693573375   0.528482096363
9.608   0.542693573375   0.528482096363
9.704   0.542693573375   0.528482096363
