0.2   0.565028437735   0.447038386044
0.296   0.561754808635   0.482128637052
0.392   0.559046491932   0.505463830339
0.488   0.556885398307   0.520697754918
0.584   0.555240917875   0.530160025834
0.68   0.554065531842   0.535741367702
0.776   0.553289290133   0.53891402395
0.872   0.552819693181   0.540670373818
0.968   0.55255824699   0.541622011065
1.064   0.552422002517   0.54212935521
1.16   0.552353545981   0.542397231526
1.256   0.552320179385   0.542538057373
1.352   0.552304128795   0.542611953075
1.448   0.552296460953   0.542650724996
1.544   0.552292810729   0.542671073281
1.64   0.552291076164   0.542681755904
1.736   0.552290252644   0.542687365702
1.832   0.552289861836   0.542690312189
1.928   0.552289676415   0.542691860011
2.024   0.552289588451   0.542692673172
2.12   0.552289546723   0.542693100397
2.216   0.552289526928   0.542693324863
2.312   0.552289517539   0.5426934428
2.408   0.552289513084   0.542693504767
2.504   0.552289510972   0.542693537326
2.6   0.552289509969   0.542693554434
2.696   0.552289509494   0.542693563423
2.792   0.552289509269   0.542693568146
2.888   0.552289509162   0.542693570627
2.984   0.552289509111   0.542693571931
3.08   0.552289509087   0.542693572616
3.176   0.552289509075   0.542693572976
3.272   0.55228950907   0.542693573165
3.368   0.552289509067   0.542693573265
3.464   0.552289509066   0.542693573317
3.56   0.552289509066   0.542693573344
3.656   0.552289509065   0.542693573359
3.752   0.552289509065   0.542693573366
3.848   0.552289509065   0.54269357337
3.944   0.552289509065   0.542693573372
4.04   0.552289509065   0.542693573373
4.136   0.552289509065   0.542693573374
4.232   0.552289509065   0.542693573374
4.328   0.552289509065   0.542693573374
4.424   0.552289509065   0.542693573375
4.52   0.552289509065   0.542693573375
4.616   0.552289509065   0.542693573375
4.712   0.552289509065   0.542693573375
4.808   0.552289509065   0.542693573375
4.904   0.552289509065   0.542693573375
5.0   0.552289509065   0.542693573375
5.096   0.552289509065   0.542693573375
5.192   0.552289509065   0.542693573375
5.288   0.552289509065   0.542693573375
5.384   0.552289509065   0.542693573375
5.48   0.552289509065   0.542693573375
5.576   0.552289509065   0.542693573375
5.672   0.552289509065   0.542693573375
5.768   0.552289509065   0.542693573375
5.864   0.552289509065   0.542693573375
5.96   0.552289509065   0.542693573375
6.056   0.552289509065   0.542693573375
6.152   0.552289509065   0.542693573375
6.248   0.552289509065   0.542693573375
6.344   0.552289509065   0.542693573375
6.44   0.552289509065   0.542693573375
6.536   0.552289509065   0.542693573375
6.632   0.552289509065   0.542693573375
6.728   0.552289509065   0.542693573375
6.824   0.552289509065   0.542693573375
6.92   0.552289509065   0.542693573375
7.016   0.552289509065   0.542693573375
7.112   0.552289509065   0.542693573375
7.208   0.552289509065   0.542693573375
7.304   0.552289509065   0.542693573375
7.4   0.552289509065   0.542693573375
7.496   0.552289509065   0.542693573375
7.592   0.552289509065   0.542693573375
7.688   0.552289509065   0.542693573375
7.784   0.552289509065   0.542693573375
7.88   0.552289509065   0.542693573375
7.976   0.552289509065   0.542693573375
8.072   0.552289509065   0.542693573375
8.168   0.552289509065   0.542693573375
8.264   0.552289509065   0.542693573375
8.36   0.552289509065   0.542693573375
8.456   0.552289509065   0.542693573375
8.552   0.552289509065   0.542693573375
8.648   0.552289509065   0.542693573375
8.744   0.552289509065   0.542693573375
8.84   0.552289509065   0.542693573375
8.936   0.552289509065   0.542693573375
9.032   0.552289509065   0.542693573375
9.128   0.552289509065   0.542693573375
9.224   0.552289509065   0.542693573375
9.32   0.552289509065   0.542693573375
9.416   0.552289509065   0.542693573375
9.512   0.552289509065   0.542693573375
9.608   0.552289509065   0.542693573375
9.704   0.552289509065   0.542693573375
