0.2   0.563998527519   0.424903852965
0.296   0.560181523975   0.465490784279
0.392   0.5569010019   0.492452852332
0.488   0.554132458165   0.510474905381
0.584   0.5518375725   0.522243213229
0.68   0.549968813725   0.529719574617
0.776   0.548473534797   0.534414481771
0.872   0.547298115688   0.537381689165
0.968   0.546391243552   0.539285504855
1.064   0.545706212612   0.540524584646
1.16   0.545202077759   0.541336660956
1.256   0.544843727407   0.541866230975
1.352   0.544599921828   0.54220499998
1.448   0.544443078375   0.542414340306
1.544   0.544347951061   0.542538658041
1.64   0.544293960652   0.542609310149
1.736   0.544263363568   0.542648354165
1.832   0.544246918319   0.542669519122
1.928   0.544238224217   0.542680846818
2.024   0.544233667836   0.542686861231
2.12   0.544231291175   0.54269003952
2.216   0.5442300546   0.542691714614
2.312   0.544229412068   0.542692596185
2.408   0.54422907844   0.542693059782
2.504   0.54422890527   0.542693303477
2.6   0.544228815404   0.542693431551
2.696   0.544228768773   0.542693498853
2.792   0.544228744578   0.542693534218
2.888   0.544228732024   0.5426935528
2.984   0.54422872551   0.542693562564
3.08   0.544228722131   0.542693567695
3.176   0.544228720377   0.54269357039
3.272   0.544228719468   0.542693571806
3.368   0.544228718996   0.542693572551
3.464   0.544228718751   0.542693572942
3.56   0.544228718624   0.542693573147
3.656   0.544228718558   0.542693573255
3.752   0.544228718524   0.542693573312
3.848   0.544228718506   0.542693573342
3.944   0.544228718497   0.542693573357
4.04   0.544228718492   0.542693573366
4.136   0.544228718489   0.54269357337
4.232   0.544228718488   0.542693573372
4.328   0.544228718487   0.542693573373
4.424   0.544228718487   0.542693573374
4.52   0.544228718487   0.542693573374
4.616   0.544228718487   0.542693573374
4.712   0.544228718487   0.542693573375
4.808   0.544228718487   0.542693573375
4.904   0.544228718487   0.542693573375
5.0   0.544228718487   0.542693573375
5.096   0.544228718487   0.542693573375
5.192   0.544228718487   0.542693573375
5.288   0.544228718487   0.542693573375
5.384   0.544228718487   0.542693573375
5.48   0.544228718487   0.542693573375
5.576   0.544228718487   0.542693573375
5.672   0.544228718487   0.542693573375
5.768   0.544228718487   0.542693573375
5.864   0.544228718487   0.542693573375
5.96   0.544228718487   0.542693573375
6.056   0.544228718487   0.542693573375
6.152   0.544228718487   0.542693573375
6.248   0.544228718487   0.542693573375
6.344   0.544228718487   0.542693573375
6.44   0.544228718487   0.542693573375
6.536   0.544228718487   0.542693573375
6.632   0.544228718487   0.542693573375
6.728   0.544228718487   0.542693573375
6.824   0.544228718487   0.542693573375
6.92   0.544228718487   0.542693573375
7.016   0.544228718487   0.542693573375
7.112   0.544228718487   0.542693573375
7.208   0.544228718487   0.542693573375
7.304   0.544228718487   0.542693573375
7.4   0.544228718487   0.542693573375
7.496   0.544228718487   0.542693573375
7.592   0.544228718487   0.542693573375
7.688   0.544228718487   0.542693573375
7.784   0.544228718487   0.542693573375
7.88   0.544228718487   0.542693573375
7.976   0.544228718487   0.542693573375
8.072   0.544228718487   0.542693573375
8.168   0.544228718487   0.542693573375
8.264   0.544228718487   0.542693573375
8.36   0.544228718487   0.542693573375
8.456   0.544228718487   0.542693573375
8.552   0.544228718487   0.542693573375
8.648   0.544228718487   0.542693573375
8.744   0.544228718487   0.542693573375
8.84   0.544228718487   0.542693573375
8.936   0.544228718487   0.542693573375
9.032   0.544228718487   0.542693573375
9.128   0.544228718487   0.542693573375
9.224   0.544228718487   0.542693573375
9.32   0.544228718487   0.542693573375
9.416   0.544228718487   0.542693573375
9.512   0.544228718487   0.542693573375
9.608   0.544228718487   0.542693573375
9.704   0.544228718487   0.542693573375
