0.2   0.561708788265   0.379276901509
0.296   0.557010271469   0.424678055824
0.392   0.553063584868   0.455134115457
0.488   0.549877872448   0.475995603667
0.584   0.547431178622   0.490156665142
0.68   0.545661331076   0.499527258774
0.776   0.544464262574   0.505539289567
0.872   0.543707189611   0.509289046238
0.968   0.543255914954   0.511578046602
1.064   0.542999109134   0.512955874147
1.16   0.542857180901   0.513778688255
1.256   0.542780475754   0.51426856127
1.352   0.542739514969   0.514559718062
1.448   0.542717795168   0.514732781757
1.544   0.542706324402   0.514835699597
1.64   0.54270028017   0.514896936661
1.736   0.542697099359   0.51493339126
1.832   0.542695426619   0.514955101355
1.928   0.542694547294   0.514968034364
2.024   0.54269408515   0.51497574038
2.12   0.542693842291   0.514980332622
2.216   0.542693714675   0.514983069552
2.312   0.542693647619   0.514984700847
2.408   0.542693612385   0.514985673192
2.504   0.542693593872   0.514986252784
2.6   0.542693584145   0.514986598271
2.696   0.542693579034   0.514986804214
2.792   0.542693576348   0.514986926977
2.888   0.542693574937   0.514987000156
2.984   0.542693574196   0.514987043778
3.08   0.542693573806   0.514987069782
3.176   0.542693573601   0.514987085282
3.272   0.542693573494   0.514987094523
3.368   0.542693573437   0.514987100031
3.464   0.542693573408   0.514987103314
3.56   0.542693573392   0.514987105272
3.656   0.542693573384   0.514987106438
3.752   0.542693573379   0.514987107134
3.848   0.542693573377   0.514987107548
3.944   0.542693573376   0.514987107796
4.04   0.542693573375   0.514987107943
4.136   0.542693573375   0.514987108031
4.232   0.542693573375   0.514987108083
4.328   0.542693573375   0.514987108114
4.424   0.542693573375   0.514987108133
4.52   0.542693573375   0.514987108144
4.616   0.542693573375   0.514987108151
4.712   0.542693573375   0.514987108154
4.808   0.542693573375   0.514987108157
4.904   0.542693573375   0.514987108158
5.0   0.542693573375   0.514987108159
5.096   0.542693573375   0.51498710816
5.192   0.542693573375   0.51498710816
5.288   0.542693573375   0.51498710816
5.384   0.542693573375   0.51498710816
5.48   0.542693573375   0.51498710816
5.576   0.542693573375   0.51498710816
5.672   0.542693573375   0.51498710816
5.768   0.542693573375   0.51498710816
5.864   0.542693573375   0.51498710816
5.96   0.542693573375   0.51498710816
6.056   0.542693573375   0.51498710816
6.152   0.542693573375   0.51498710816
6.248   0.542693573375   0.51498710816
6.344   0.542693573375   0.51498710816
6.44   0.542693573375   0.51498710816
6.536   0.542693573375   0.51498710816
6.632   0.542693573375   0.51498710816
6.728   0.542693573375   0.51498710816
6.824   0.542693573375   0.51498710816
6.92   0.542693573375   0.51498710816
7.016   0.542693573375   0.51498710816
7.112   0.542693573375   0.51498710816
7.208   0.542693573375   0.51498710816
7.304   0.542693573375   0.51498710816
7.4   0.542693573375   0.51498710816
7.496   0.542693573375   0.51498710816
7.592   0.542693573375   0.51498710816
7.688   0.542693573375   0.51498710816
7.784   0.542693573375   0.51498710816
7.88   0.542693573375   0.51498710816
7.976   0.542693573375   0.51498710816
8.072   0.542693573375   0.51498710816
8.168   0.542693573375   0.51498710816
8.264   0.542693573375   0.51498710816
8.36   0.542693573375   0.51498710816
8.456   0.542693573375   0.51498710816
8.552   0.542693573375   0.51498710816
8.648   0.542693573375   0.51498710816
8.744   0.542693573375   0.51498710816
8.84   0.542693573375   0.51498710816
8.936   0.542693573375   0.51498710816
9.032   0.542693573375   0.51498710816
9.128   0.542693573375   0.51498710816
9.224   0.542693573375   0.51498710816
9.32   0.542693573375   0.51498710816
9.416   0.542693573375   0.51498710816
9.512   0.542693573375   0.51498710816
9.608   0.542693573375   0.51498710816
9.704   0.542693573375   0.51498710816
