0.2   0.562117806312   0.393822157313
0.296   0.557551748133   0.436713537451
0.392   0.553676141559   0.465692069678
0.488   0.550494059966   0.485599841426
0.584   0.547987160525   0.499115547211
0.68   0.546111378625   0.508046297889
0.776   0.544791543146   0.513763936778
0.872   0.543923191569   0.517317903219
0.968   0.543387616667   0.519473371624
1.064   0.543074760135   0.520757055607
1.16   0.542899303515   0.521512543574
1.256   0.542803288182   0.521954200227
1.352   0.542751707237   0.522211637707
1.448   0.542724262315   0.522361484459
1.544   0.54270974023   0.522448667487
1.64   0.542702080098   0.522499417033
1.736   0.542698046578   0.522528963047
1.832   0.542695924742   0.522546169118
1.928   0.542694809144   0.522556191241
2.024   0.542694222768   0.52256202985
2.12   0.54269391461   0.522565431662
2.216   0.542693752677   0.52256741386
2.312   0.542693667587   0.522568568927
2.408   0.542693622877   0.522569242034
2.504   0.542693599385   0.522569634291
2.6   0.542693587041   0.522569862884
2.696   0.542693580556   0.522569996102
2.792   0.542693577148   0.522570073738
2.888   0.542693575357   0.522570118982
2.984   0.542693574416   0.522570145349
3.08   0.542693573922   0.522570160716
3.176   0.542693573662   0.522570169671
3.272   0.542693573526   0.52257017489
3.368   0.542693573454   0.522570177931
3.464   0.542693573416   0.522570179704
3.56   0.542693573397   0.522570180737
3.656   0.542693573386   0.522570181339
3.752   0.542693573381   0.52257018169
3.848   0.542693573378   0.522570181894
3.944   0.542693573376   0.522570182013
4.04   0.542693573376   0.522570182083
4.136   0.542693573375   0.522570182123
4.232   0.542693573375   0.522570182147
4.328   0.542693573375   0.522570182161
4.424   0.542693573375   0.522570182169
4.52   0.542693573375   0.522570182173
4.616   0.542693573375   0.522570182176
4.712   0.542693573375   0.522570182178
4.808   0.542693573375   0.522570182178
4.904   0.542693573375   0.522570182179
5.0   0.542693573375   0.522570182179
5.096   0.542693573375   0.522570182179
5.192   0.542693573375   0.52257018218
5.288   0.542693573375   0.52257018218
5.384   0.542693573375   0.52257018218
5.48   0.542693573375   0.52257018218
5.576   0.542693573375   0.52257018218
5.672   0.542693573375   0.52257018218
5.768   0.542693573375   0.52257018218
5.864   0.542693573375   0.52257018218
5.96   0.542693573375   0.52257018218
6.056   0.542693573375   0.52257018218
6.152   0.542693573375   0.52257018218
6.248   0.542693573375   0.52257018218
6.344   0.542693573375   0.52257018218
6.44   0.542693573375   0.52257018218
6.536   0.542693573375   0.52257018218
6.632   0.542693573375   0.52257018218
6.728   0.542693573375   0.52257018218
6.824   0.542693573375   0.52257018218
6.92   0.542693573375   0.52257018218
7.016   0.542693573375   0.52257018218
7.112   0.542693573375   0.52257018218
7.208   0.542693573375   0.52257018218
7.304   0.542693573375   0.52257018218
7.4   0.542693573375   0.52257018218
7.496   0.542693573375   0.52257018218
7.592   0.542693573375   0.52257018218
7.688   0.542693573375   0.52257018218
7.784   0.542693573375   0.52257018218
7.88   0.542693573375   0.52257018218
7.976   0.542693573375   0.52257018218
8.072   0.542693573375   0.52257018218
8.168   0.542693573375   0.52257018218
8.264   0.542693573375   0.52257018218
8.36   0.542693573375   0.52257018218
8.456   0.542693573375   0.52257018218
8.552   0.542693573375   0.52257018218
8.648   0.542693573375   0.52257018218
8.744   0.542693573375   0.52257018218
8.84   0.542693573375   0.52257018218
8.936   0.542693573375   0.52257018218
9.032   0.542693573375   0.52257018218
9.128   0.542693573375   0.52257018218
9.224   0.542693573375   0.52257018218
9.32   0.542693573375   0.52257018218
9.416   0.542693573375   0.52257018218
9.512   0.542693573375   0.52257018218
9.608   0.542693573375   0.52257018218
9.704   0.542693573375   0.52257018218
