0.2   0.562675413998   0.404282400722
0.296   0.558302996722   0.446574852393
0.392   0.554551656593   0.475050381639
0.488   0.551414167896   0.494520265852
0.584   0.548868553534   0.507659990424
0.68   0.546879656222   0.51629949203
0.776   0.545397773529   0.521827833712
0.872   0.544355852396   0.525279910284
0.968   0.54366912521   0.527385582881
1.064   0.543244710743   0.528641156057
1.16   0.542996827405   0.529375093016
1.256   0.542857065196   0.529797814513
1.352   0.542780749811   0.530039217656
1.448   0.542739757929   0.530176254044
1.544   0.542717951254   0.530253858772
1.64   0.542706414446   0.530297757186
1.736   0.54270032973   0.530322577312
1.832   0.542697126025   0.530336608385
1.928   0.542695440804   0.530344540131
2.024   0.542694554795   0.530349024063
2.12   0.542694089105   0.530351558996
2.216   0.542693844372   0.530352992139
2.312   0.54269371577   0.530353802399
2.408   0.542693648195   0.530354260508
2.504   0.542693612688   0.530354519519
2.6   0.542693594031   0.530354665963
2.696   0.542693584228   0.530354748763
2.792   0.542693579077   0.530354795578
2.888   0.542693576371   0.530354822048
2.984   0.542693574949   0.530354837014
3.08   0.542693574202   0.530354845476
3.176   0.542693573809   0.53035485026
3.272   0.542693573603   0.530354852965
3.368   0.542693573495   0.530354854495
3.464   0.542693573438   0.530354855359
3.56   0.542693573408   0.530354855848
3.656   0.542693573392   0.530354856125
3.752   0.542693573384   0.530354856281
3.848   0.542693573379   0.530354856369
3.944   0.542693573377   0.530354856419
4.04   0.542693573376   0.530354856448
4.136   0.542693573375   0.530354856464
4.232   0.542693573375   0.530354856473
4.328   0.542693573375   0.530354856478
4.424   0.542693573375   0.530354856481
4.52   0.542693573375   0.530354856482
4.616   0.542693573375   0.530354856483
4.712   0.542693573375   0.530354856484
4.808   0.542693573375   0.530354856484
4.904   0.542693573375   0.530354856484
5.0   0.542693573375   0.530354856484
5.096   0.542693573375   0.530354856484
5.192   0.542693573375   0.530354856484
5.288   0.542693573375   0.530354856484
5.384   0.542693573375   0.530354856484
5.48   0.542693573375   0.530354856484
5.576   0.542693573375   0.530354856484
5.672   0.542693573375   0.530354856484
5.768   0.542693573375   0.530354856484
5.864   0.542693573375   0.530354856484
5.96   0.542693573375   0.530354856484
6.056   0.542693573375   0.530354856484
6.152   0.542693573375   0.530354856484
6.248   0.542693573375   0.530354856484
6.344   0.542693573375   0.530354856484
6.44   0.542693573375   0.530354856484
6.536   0.542693573375   0.530354856484
6.632   0.542693573375   0.530354856484
6.728   0.542693573375   0.530354856484
6.824   0.542693573375   0.530354856484
6.92   0.542693573375   0.530354856484
7.016   0.542693573375   0.530354856484
7.112   0.542693573375   0.530354856484
7.208   0.542693573375   0.530354856484
7.304   0.542693573375   0.530354856484
7.4   0.542693573375   0.530354856484
7.496   0.542693573375   0.530354856484
7.592   0.542693573375   0.530354856484
7.688   0.542693573375   0.530354856484
7.784   0.542693573375   0.530354856484
7.88   0.542693573375   0.530354856484
7.976   0.542693573375   0.530354856484
8.072   0.542693573375   0.530354856484
8.168   0.542693573375   0.530354856484
8.264   0.542693573375   0.530354856484
8.36   0.542693573375   0.530354856484
8.456   0.542693573375   0.530354856484
8.552   0.542693573375   0.530354856484
8.648   0.542693573375   0.530354856484
8.744   0.542693573375   0.530354856484
8.84   0.542693573375   0.530354856484
8.936   0.542693573375   0.530354856484
9.032   0.542693573375   0.530354856484
9.128   0.542693573375   0.530354856484
9.224   0.542693573375   0.530354856484
9.32   0.542693573375   0.530354856484
9.416   0.542693573375   0.530354856484
9.512   0.542693573375   0.530354856484
9.608   0.542693573375   0.530354856484
9.704   0.542693573375   0.530354856484
