0.2   0.562011806427   0.392016963994
0.296   0.557412112322   0.434893990111
0.392   0.553518070146   0.463893018131
0.488   0.550334035936   0.483834251803
0.584   0.54784094907   0.497386761934
0.68   0.545990976326   0.506350454231
0.776   0.5447023005   0.512092993785
0.872   0.543863267942   0.515664335827
0.968   0.54335058202   0.517832472389
1.064   0.543053566716   0.519126205843
1.16   0.542887275367   0.519889899316
1.256   0.542796752196   0.520338084545
1.352   0.542748207397   0.52060048301
1.448   0.542722403926   0.520753935591
1.544   0.54270875809   0.520843689987
1.64   0.542701562407   0.520896193395
1.736   0.542697774093   0.520926918585
1.832   0.542695781435   0.520944904518
1.928   0.542694733807   0.520955435658
2.024   0.542694183173   0.520961602953
2.12   0.542693893802   0.520965215128
2.216   0.542693741743   0.520967330955
2.312   0.542693661842   0.52096857037
2.408   0.542693619859   0.520969296427
2.504   0.542693597799   0.520969721765
2.6   0.542693586208   0.520969970941
2.696   0.542693580118   0.520970116918
2.792   0.542693576918   0.520970202436
2.888   0.542693575236   0.520970252537
2.984   0.542693574353   0.520970281888
3.08   0.542693573889   0.520970299083
3.176   0.542693573645   0.520970309157
3.272   0.542693573517   0.520970315058
3.368   0.542693573449   0.520970318516
3.464   0.542693573414   0.520970320541
3.56   0.542693573395   0.520970321728
3.656   0.542693573385   0.520970322423
3.752   0.54269357338   0.52097032283
3.848   0.542693573378   0.520970323069
3.944   0.542693573376   0.520970323209
4.04   0.542693573375   0.520970323291
4.136   0.542693573375   0.520970323339
4.232   0.542693573375   0.520970323367
4.328   0.542693573375   0.520970323383
4.424   0.542693573375   0.520970323393
4.52   0.542693573375   0.520970323398
4.616   0.542693573375   0.520970323402
4.712   0.542693573375   0.520970323404
4.808   0.542693573375   0.520970323405
4.904   0.542693573375   0.520970323405
5.0   0.542693573375   0.520970323406
5.096   0.542693573375   0.520970323406
5.192   0.542693573375   0.520970323406
5.288   0.542693573375   0.520970323406
5.384   0.542693573375   0.520970323406
5.48   0.542693573375   0.520970323406
5.576   0.542693573375   0.520970323406
5.672   0.542693573375   0.520970323406
5.768   0.542693573375   0.520970323406
5.864   0.542693573375   0.520970323406
5.96   0.542693573375   0.520970323406
6.056   0.542693573375   0.520970323406
6.152   0.542693573375   0.520970323406
6.248   0.542693573375   0.520970323406
6.344   0.542693573375   0.520970323406
6.44   0.542693573375   0.520970323406
6.536   0.542693573375   0.520970323406
6.632   0.542693573375   0.520970323406
6.728   0.542693573375   0.520970323406
6.824   0.542693573375   0.520970323406
6.92   0.542693573375   0.520970323406
7.016   0.542693573375   0.520970323406
7.112   0.542693573375   0.520970323406
7.208   0.542693573375   0.520970323406
7.304   0.542693573375   0.520970323406
7.4   0.542693573375   0.520970323406
7.496   0.542693573375   0.520970323406
7.592   0.542693573375   0.520970323406
7.688   0.542693573375   0.520970323406
7.784   0.542693573375   0.520970323406
7.88   0.542693573375   0.520970323406
7.976   0.542693573375   0.520970323406
8.072   0.542693573375   0.520970323406
8.168   0.542693573375   0.520970323406
8.264   0.542693573375   0.520970323406
8.36   0.542693573375   0.520970323406
8.456   0.542693573375   0.520970323406
8.552   0.542693573375   0.520970323406
8.648   0.542693573375   0.520970323406
8.744   0.542693573375   0.520970323406
8.84   0.542693573375   0.520970323406
8.936   0.542693573375   0.520970323406
9.032   0.542693573375   0.520970323406
9.128   0.542693573375   0.520970323406
9.224   0.542693573375   0.520970323406
9.32   0.542693573375   0.520970323406
9.416   0.542693573375   0.520970323406
9.512   0.542693573375   0.520970323406
9.608   0.542693573375   0.520970323406
9.704   0.542693573375   0.520970323406
