0.2   0.563119345527   0.409104045423
0.296   0.558914010561   0.451916382268
0.392   0.555286625595   0.480505912675
0.488   0.552222549342   0.499893704486
0.584   0.54969327001   0.512860063392
0.68   0.547660568913   0.521322621649
0.776   0.54607939911   0.526734813324
0.872   0.544899173162   0.530150193496
0.968   0.54406272196   0.532277736215
1.064   0.543504610816   0.533578452207
1.16   0.543155163009   0.534354580112
1.256   0.542948468567   0.534806145663
1.352   0.542831702431   0.535063476247
1.448   0.542767340933   0.535208228762
1.544   0.542732686119   0.535288621309
1.64   0.542714227182   0.535333252658
1.736   0.542704455095   0.535357926881
1.832   0.542699299418   0.535371549738
1.928   0.54269658442   0.535379065963
2.024   0.542695156153   0.535383211566
2.12   0.542694405208   0.53538549773
2.216   0.5426940105   0.535386758384
2.312   0.542693803069   0.535387453522
2.408   0.542693694067   0.535387836825
2.504   0.542693636792   0.535388048178
2.6   0.542693606696   0.535388164719
2.696   0.542693590883   0.535388228979
2.792   0.542693582574   0.535388264413
2.888   0.542693578208   0.535388283951
2.984   0.542693575914   0.535388294724
3.08   0.542693574709   0.535388300664
3.176   0.542693574076   0.53538830394
3.272   0.542693573743   0.535388305746
3.368   0.542693573568   0.535388306742
3.464   0.542693573476   0.535388307291
3.56   0.542693573428   0.535388307594
3.656   0.542693573403   0.535388307761
3.752   0.542693573389   0.535388307853
3.848   0.542693573382   0.535388307904
3.944   0.542693573379   0.535388307932
4.04   0.542693573377   0.535388307947
4.136   0.542693573376   0.535388307956
4.232   0.542693573375   0.53538830796
4.328   0.542693573375   0.535388307963
4.424   0.542693573375   0.535388307964
4.52   0.542693573375   0.535388307965
4.616   0.542693573375   0.535388307966
4.712   0.542693573375   0.535388307966
4.808   0.542693573375   0.535388307966
4.904   0.542693573375   0.535388307966
5.0   0.542693573375   0.535388307966
5.096   0.542693573375   0.535388307966
5.192   0.542693573375   0.535388307966
5.288   0.542693573375   0.535388307966
5.384   0.542693573375   0.535388307966
5.48   0.542693573375   0.535388307966
5.576   0.542693573375   0.535388307966
5.672   0.542693573375   0.535388307966
5.768   0.542693573375   0.535388307966
5.864   0.542693573375   0.535388307966
5.96   0.542693573375   0.535388307966
6.056   0.542693573375   0.535388307966
6.152   0.542693573375   0.535388307966
6.248   0.542693573375   0.535388307966
6.344   0.542693573375   0.535388307966
6.44   0.542693573375   0.535388307966
6.536   0.542693573375   0.535388307966
6.632   0.542693573375   0.535388307966
6.728   0.542693573375   0.535388307966
6.824   0.542693573375   0.535388307966
6.92   0.542693573375   0.535388307966
7.016   0.542693573375   0.535388307966
7.112   0.542693573375   0.535388307966
7.208   0.542693573375   0.535388307966
7.304   0.542693573375   0.535388307966
7.4   0.542693573375   0.535388307966
7.496   0.542693573375   0.535388307966
7.592   0.542693573375   0.535388307966
7.688   0.542693573375   0.535388307966
7.784   0.542693573375   0.535388307966
7.88   0.542693573375   0.535388307966
7.976   0.542693573375   0.535388307966
8.072   0.542693573375   0.535388307966
8.168   0.542693573375   0.535388307966
8.264   0.542693573375   0.535388307966
8.36   0.542693573375   0.535388307966
8.456   0.542693573375   0.535388307966
8.552   0.542693573375   0.535388307966
8.648   0.542693573375   0.535388307966
8.744   0.542693573375   0.535388307966
8.84   0.542693573375   0.535388307966
8.936   0.542693573375   0.535388307966
9.032   0.542693573375   0.535388307966
9.128   0.542693573375   0.535388307966
9.224   0.542693573375   0.535388307966
9.32   0.542693573375   0.535388307966
9.416   0.542693573375   0.535388307966
9.512   0.542693573375   0.535388307966
9.608   0.542693573375   0.535388307966
9.704   0.542693573375   0.535388307966
