0.2   0.561719418857   0.382204544709
0.296   0.557026689198   0.426639139073
0.392   0.553084196187   0.456565857051
0.488   0.549900007751   0.477111439084
0.584   0.547451870337   0.491076470005
0.68   0.545678290222   0.500324083247
0.776   0.544476570843   0.506259117814
0.872   0.543715238505   0.509960696961
0.968   0.543260775528   0.512219355425
1.064   0.543001894161   0.513577883352
1.16   0.542858715684   0.51438832652
1.256   0.542781304382   0.514870243048
1.352   0.542739957036   0.515156280796
1.448   0.542718029413   0.515326057581
1.544   0.542706448055   0.515426871133
1.64   0.542700345307   0.515486765514
1.736   0.542697133631   0.515522366307
1.832   0.542695444641   0.515543535273
1.928   0.542694556767   0.515556126408
2.024   0.542694090128   0.515563617073
2.12   0.542693844907   0.515568074035
2.216   0.54269371605   0.5155707262
2.312   0.542693648342   0.515572304507
2.408   0.542693612765   0.515573243801
2.504   0.542693594072   0.515573802817
2.6   0.542693584249   0.515574135519
2.696   0.542693579089   0.515574333531
2.792   0.542693576377   0.515574451382
2.888   0.542693574952   0.515574521523
2.984   0.542693574204   0.515574563269
3.08   0.54269357381   0.515574588115
3.176   0.542693573603   0.515574602903
3.272   0.542693573495   0.515574611704
3.368   0.542693573438   0.515574616943
3.464   0.542693573408   0.515574620061
3.56   0.542693573392   0.515574621916
3.656   0.542693573384   0.515574623021
3.752   0.542693573379   0.515574623678
3.848   0.542693573377   0.515574624069
3.944   0.542693573376   0.515574624302
4.04   0.542693573375   0.51557462444
4.136   0.542693573375   0.515574624523
4.232   0.542693573375   0.515574624572
4.328   0.542693573375   0.515574624601
4.424   0.542693573375   0.515574624619
4.52   0.542693573375   0.515574624629
4.616   0.542693573375   0.515574624635
4.712   0.542693573375   0.515574624639
4.808   0.542693573375   0.515574624641
4.904   0.542693573375   0.515574624642
5.0   0.542693573375   0.515574624643
5.096   0.542693573375   0.515574624644
5.192   0.542693573375   0.515574624644
5.288   0.542693573375   0.515574624644
5.384   0.542693573375   0.515574624644
5.48   0.542693573375   0.515574624644
5.576   0.542693573375   0.515574624644
5.672   0.542693573375   0.515574624644
5.768   0.542693573375   0.515574624644
5.864   0.542693573375   0.515574624644
5.96   0.542693573375   0.515574624644
6.056   0.542693573375   0.515574624644
6.152   0.542693573375   0.515574624644
6.248   0.542693573375   0.515574624644
6.344   0.542693573375   0.515574624644
6.44   0.542693573375   0.515574624644
6.536   0.542693573375   0.515574624644
6.632   0.542693573375   0.515574624644
6.728   0.542693573375   0.515574624644
6.824   0.542693573375   0.515574624644
6.92   0.542693573375   0.515574624644
7.016   0.542693573375   0.515574624644
7.112   0.542693573375   0.515574624644
7.208   0.542693573375   0.515574624644
7.304   0.542693573375   0.515574624644
7.4   0.542693573375   0.515574624644
7.496   0.542693573375   0.515574624644
7.592   0.542693573375   0.515574624644
7.688   0.542693573375   0.515574624644
7.784   0.542693573375   0.515574624644
7.88   0.542693573375   0.515574624644
7.976   0.542693573375   0.515574624644
8.072   0.542693573375   0.515574624644
8.168   0.542693573375   0.515574624644
8.264   0.542693573375   0.515574624644
8.36   0.542693573375   0.515574624644
8.456   0.542693573375   0.515574624644
8.552   0.542693573375   0.515574624644
8.648   0.542693573375   0.515574624644
8.744   0.542693573375   0.515574624644
8.84   0.542693573375   0.515574624644
8.936   0.542693573375   0.515574624644
9.032   0.542693573375   0.515574624644
9.128   0.542693573375   0.515574624644
9.224   0.542693573375   0.515574624644
9.32   0.542693573375   0.515574624644
9.416   0.542693573375   0.515574624644
9.512   0.542693573375   0.515574624644
9.608   0.542693573375   0.515574624644
9.704   0.542693573375   0.515574624644
