0.2   0.566282505727   0.451317864831
0.296   0.563683945204   0.48820132035
0.392   0.561709543501   0.511618303474
0.488   0.560333295045   0.525907242383
0.584   0.55947466858   0.533972494375
0.68   0.559000119828   0.538232391371
0.776   0.558764413275   0.540412160409
0.872   0.558656037604   0.541520421309
0.968   0.558608165921   0.542086463586
1.064   0.558587602463   0.542377824357
1.16   0.558578865842   0.542528750501
1.256   0.558575173254   0.542607307439
1.352   0.558573616311   0.542648355331
1.448   0.558572960563   0.542669848317
1.544   0.558572684513   0.542681117941
1.64   0.558572568331   0.542687032093
1.736   0.558572519438   0.542690137349
1.832   0.558572498863   0.542691768271
1.928   0.558572490205   0.542692625005
2.024   0.558572486562   0.542693075098
2.12   0.558572485028   0.542693311573
2.216   0.558572484383   0.542693435818
2.312   0.558572484112   0.542693501099
2.408   0.558572483998   0.542693535399
2.504   0.55857248395   0.542693553421
2.6   0.558572483929   0.542693562891
2.696   0.558572483921   0.542693567866
2.792   0.558572483917   0.54269357048
2.888   0.558572483916   0.542693571854
2.984   0.558572483915   0.542693572576
3.08   0.558572483915   0.542693572955
3.176   0.558572483915   0.542693573154
3.272   0.558572483915   0.542693573259
3.368   0.558572483915   0.542693573314
3.464   0.558572483915   0.542693573343
3.56   0.558572483915   0.542693573358
3.656   0.558572483915   0.542693573366
3.752   0.558572483915   0.54269357337
3.848   0.558572483915   0.542693573372
3.944   0.558572483915   0.542693573373
4.04   0.558572483915   0.542693573374
4.136   0.558572483915   0.542693573374
4.232   0.558572483915   0.542693573374
4.328   0.558572483915   0.542693573375
4.424   0.558572483915   0.542693573375
4.52   0.558572483915   0.542693573375
4.616   0.558572483915   0.542693573375
4.712   0.558572483915   0.542693573375
4.808   0.558572483915   0.542693573375
4.904   0.558572483915   0.542693573375
5.0   0.558572483915   0.542693573375
5.096   0.558572483915   0.542693573375
5.192   0.558572483915   0.542693573375
5.288   0.558572483915   0.542693573375
5.384   0.558572483915   0.542693573375
5.48   0.558572483915   0.542693573375
5.576   0.558572483915   0.542693573375
5.672   0.558572483915   0.542693573375
5.768   0.558572483915   0.542693573375
5.864   0.558572483915   0.542693573375
5.96   0.558572483915   0.542693573375
6.056   0.558572483915   0.542693573375
6.152   0.558572483915   0.542693573375
6.248   0.558572483915   0.542693573375
6.344   0.558572483915   0.542693573375
6.44   0.558572483915   0.542693573375
6.536   0.558572483915   0.542693573375
6.632   0.558572483915   0.542693573375
6.728   0.558572483915   0.542693573375
6.824   0.558572483915   0.542693573375
6.92   0.558572483915   0.542693573375
7.016   0.558572483915   0.542693573375
7.112   0.558572483915   0.542693573375
7.208   0.558572483915   0.542693573375
7.304   0.558572483915   0.542693573375
7.4   0.558572483915   0.542693573375
7.496   0.558572483915   0.542693573375
7.592   0.558572483915   0.542693573375
7.688   0.558572483915   0.542693573375
7.784   0.558572483915   0.542693573375
7.88   0.558572483915   0.542693573375
7.976   0.558572483915   0.542693573375
8.072   0.558572483915   0.542693573375
8.168   0.558572483915   0.542693573375
8.264   0.558572483915   0.542693573375
8.36   0.558572483915   0.542693573375
8.456   0.558572483915   0.542693573375
8.552   0.558572483915   0.542693573375
8.648   0.558572483915   0.542693573375
8.744   0.558572483915   0.542693573375
8.84   0.558572483915   0.542693573375
8.936   0.558572483915   0.542693573375
9.032   0.558572483915   0.542693573375
9.128   0.558572483915   0.542693573375
9.224   0.558572483915   0.542693573375
9.32   0.558572483915   0.542693573375
9.416   0.558572483915   0.542693573375
9.512   0.558572483915   0.542693573375
9.608   0.558572483915   0.542693573375
9.704   0.558572483915   0.542693573375
