0.2   0.565798576932   0.436240380573
0.296   0.562892128148   0.478707407087
0.392   0.560563330522   0.505445039524
0.488   0.558803380596   0.521993912961
0.584   0.557574429186   0.531628798607
0.68   0.556796751621   0.536905187739
0.776   0.556353670786   0.539690648134
0.872   0.556123607241   0.541137616575
0.968   0.556011965243   0.541885679116
1.064   0.5559597042   0.542272801962
1.16   0.55593587493   0.542473847766
1.256   0.555925127497   0.54257858271
1.352   0.555920306368   0.542633304829
1.448   0.55591814936   0.542661954958
1.544   0.555917185512   0.542676975399
1.64   0.555916755079   0.542684857051
1.736   0.555916562912   0.542688995015
1.832   0.55591647713   0.54269116821
1.928   0.55591643884   0.542692309763
2.024   0.555916421749   0.542692909475
2.12   0.55591641412   0.542693224554
2.216   0.555916410716   0.542693390097
2.312   0.555916409196   0.542693477076
2.408   0.555916408517   0.542693522777
2.504   0.555916408215   0.542693546789
2.6   0.55591640808   0.542693559406
2.696   0.555916408019   0.542693566035
2.792   0.555916407992   0.542693569518
2.888   0.55591640798   0.542693571348
2.984   0.555916407975   0.54269357231
3.08   0.555916407973   0.542693572815
3.176   0.555916407971   0.542693573081
3.272   0.555916407971   0.54269357322
3.368   0.555916407971   0.542693573294
3.464   0.555916407971   0.542693573332
3.56   0.555916407971   0.542693573352
3.656   0.555916407971   0.542693573363
3.752   0.555916407971   0.542693573368
3.848   0.555916407971   0.542693573371
3.944   0.555916407971   0.542693573373
4.04   0.555916407971   0.542693573374
4.136   0.555916407971   0.542693573374
4.232   0.555916407971   0.542693573374
4.328   0.555916407971   0.542693573375
4.424   0.555916407971   0.542693573375
4.52   0.555916407971   0.542693573375
4.616   0.555916407971   0.542693573375
4.712   0.555916407971   0.542693573375
4.808   0.555916407971   0.542693573375
4.904   0.555916407971   0.542693573375
5.0   0.555916407971   0.542693573375
5.096   0.555916407971   0.542693573375
5.192   0.555916407971   0.542693573375
5.288   0.555916407971   0.542693573375
5.384   0.555916407971   0.542693573375
5.48   0.555916407971   0.542693573375
5.576   0.555916407971   0.542693573375
5.672   0.555916407971   0.542693573375
5.768   0.555916407971   0.542693573375
5.864   0.555916407971   0.542693573375
5.96   0.555916407971   0.542693573375
6.056   0.555916407971   0.542693573375
6.152   0.555916407971   0.542693573375
6.248   0.555916407971   0.542693573375
6.344   0.555916407971   0.542693573375
6.44   0.555916407971   0.542693573375
6.536   0.555916407971   0.542693573375
6.632   0.555916407971   0.542693573375
6.728   0.555916407971   0.542693573375
6.824   0.555916407971   0.542693573375
6.92   0.555916407971   0.542693573375
7.016   0.555916407971   0.542693573375
7.112   0.555916407971   0.542693573375
7.208   0.555916407971   0.542693573375
7.304   0.555916407971   0.542693573375
7.4   0.555916407971   0.542693573375
7.496   0.555916407971   0.542693573375
7.592   0.555916407971   0.542693573375
7.688   0.555916407971   0.542693573375
7.784   0.555916407971   0.542693573375
7.88   0.555916407971   0.542693573375
7.976   0.555916407971   0.542693573375
8.072   0.555916407971   0.542693573375
8.168   0.555916407971   0.542693573375
8.264   0.555916407971   0.542693573375
8.36   0.555916407971   0.542693573375
8.456   0.555916407971   0.542693573375
8.552   0.555916407971   0.542693573375
8.648   0.555916407971   0.542693573375
8.744   0.555916407971   0.542693573375
8.84   0.555916407971   0.542693573375
8.936   0.555916407971   0.542693573375
9.032   0.555916407971   0.542693573375
9.128   0.555916407971   0.542693573375
9.224   0.555916407971   0.542693573375
9.32   0.555916407971   0.542693573375
9.416   0.555916407971   0.542693573375
9.512   0.555916407971   0.542693573375
9.608   0.555916407971   0.542693573375
9.704   0.555916407971   0.542693573375
