0.2   0.568792083369   0.46688544477
0.296   0.567641526621   0.501839245699
0.392   0.567084983804   0.522051484536
0.488   0.56687072246   0.532706258597
0.584   0.566800584227   0.537860510486
0.68   0.566779147277   0.540305361432
0.776   0.566772879001   0.541488528523
0.872   0.566771063782   0.542076224368
0.968   0.566770539873   0.542374142965
1.064   0.566770388833   0.542527266052
1.16   0.566770345304   0.542606660403
1.256   0.566770332761   0.542648050082
1.352   0.566770329147   0.542669697499
1.448   0.566770328106   0.542681041341
1.544   0.566770327806   0.542686992577
1.64   0.566770327719   0.542690116788
1.736   0.566770327694   0.542691757524
1.832   0.566770327687   0.542692619374
1.928   0.566770327685   0.542693072144
2.024   0.566770327685   0.542693310021
2.12   0.566770327684   0.542693435003
2.216   0.566770327684   0.542693500671
2.312   0.566770327684   0.542693535174
2.408   0.566770327684   0.542693553303
2.504   0.566770327684   0.542693562828
2.6   0.566770327684   0.542693567833
2.696   0.566770327684   0.542693570463
2.792   0.566770327684   0.542693571845
2.888   0.566770327684   0.542693572571
2.984   0.566770327684   0.542693572952
3.08   0.566770327684   0.542693573153
3.176   0.566770327684   0.542693573258
3.272   0.566770327684   0.542693573313
3.368   0.566770327684   0.542693573342
3.464   0.566770327684   0.542693573358
3.56   0.566770327684   0.542693573366
3.656   0.566770327684   0.54269357337
3.752   0.566770327684   0.542693573372
3.848   0.566770327684   0.542693573373
3.944   0.566770327684   0.542693573374
4.04   0.566770327684   0.542693573374
4.136   0.566770327684   0.542693573374
4.232   0.566770327684   0.542693573375
4.328   0.566770327684   0.542693573375
4.424   0.566770327684   0.542693573375
4.52   0.566770327684   0.542693573375
4.616   0.566770327684   0.542693573375
4.712   0.566770327684   0.542693573375
4.808   0.566770327684   0.542693573375
4.904   0.566770327684   0.542693573375
5.0   0.566770327684   0.542693573375
5.096   0.566770327684   0.542693573375
5.192   0.566770327684   0.542693573375
5.288   0.566770327684   0.542693573375
5.384   0.566770327684   0.542693573375
5.48   0.566770327684   0.542693573375
5.576   0.566770327684   0.542693573375
5.672   0.566770327684   0.542693573375
5.768   0.566770327684   0.542693573375
5.864   0.566770327684   0.542693573375
5.96   0.566770327684   0.542693573375
6.056   0.566770327684   0.542693573375
6.152   0.566770327684   0.542693573375
6.248   0.566770327684   0.542693573375
6.344   0.566770327684   0.542693573375
6.44   0.566770327684   0.542693573375
6.536   0.566770327684   0.542693573375
6.632   0.566770327684   0.542693573375
6.728   0.566770327684   0.542693573375
6.824   0.566770327684   0.542693573375
6.92   0.566770327684   0.542693573375
7.016   0.566770327684   0.542693573375
7.112   0.566770327684   0.542693573375
7.208   0.566770327684   0.542693573375
7.304   0.566770327684   0.542693573375
7.4   0.566770327684   0.542693573375
7.496   0.566770327684   0.542693573375
7.592   0.566770327684   0.542693573375
7.688   0.566770327684   0.542693573375
7.784   0.566770327684   0.542693573375
7.88   0.566770327684   0.542693573375
7.976   0.566770327684   0.542693573375
8.072   0.566770327684   0.542693573375
8.168   0.566770327684   0.542693573375
8.264   0.566770327684   0.542693573375
8.36   0.566770327684   0.542693573375
8.456   0.566770327684   0.542693573375
8.552   0.566770327684   0.542693573375
8.648   0.566770327684   0.542693573375
8.744   0.566770327684   0.542693573375
8.84   0.566770327684   0.542693573375
8.936   0.566770327684   0.542693573375
9.032   0.566770327684   0.542693573375
9.128   0.566770327684   0.542693573375
9.224   0.566770327684   0.542693573375
9.32   0.566770327684   0.542693573375
9.416   0.566770327684   0.542693573375
9.512   0.566770327684   0.542693573375
9.608   0.566770327684   0.542693573375
9.704   0.566770327684   0.542693573375
