0.2   0.565773018045   0.442704306047
0.296   0.562870795408   0.482073444886
0.392   0.560554539321   0.507213286941
0.488   0.558812871664   0.522898555654
0.584   0.55760444462   0.532080986636
0.68   0.556845429534   0.537130922739
0.776   0.556416200964   0.53980439293
0.872   0.556194729541   0.541195464186
0.968   0.556087757892   0.541915338351
1.064   0.556037858726   0.542288119516
1.16   0.556015163405   0.542481798757
1.256   0.55600494838   0.542582728023
1.352   0.556000374372   0.542635472342
1.448   0.555998331381   0.542663090453
1.544   0.555997419966   0.542677570957
1.64   0.555997013599   0.542685169644
1.736   0.555996832463   0.542689159159
1.832   0.555996751733   0.542691254426
1.928   0.555996715755   0.542692355053
2.024   0.555996699721   0.542692933269
2.12   0.555996692575   0.542693237055
2.216   0.555996689391   0.542693396665
2.312   0.555996687972   0.542693480527
2.408   0.55599668734   0.54269352459
2.504   0.555996687058   0.542693547742
2.6   0.555996686932   0.542693559906
2.696   0.555996686876   0.542693566298
2.792   0.555996686851   0.542693569656
2.888   0.55599668684   0.542693571421
2.984   0.555996686835   0.542693572348
3.08   0.555996686833   0.542693572835
3.176   0.555996686832   0.542693573091
3.272   0.555996686832   0.542693573226
3.368   0.555996686832   0.542693573296
3.464   0.555996686831   0.542693573334
3.56   0.555996686831   0.542693573353
3.656   0.555996686831   0.542693573363
3.752   0.555996686831   0.542693573369
3.848   0.555996686831   0.542693573372
3.944   0.555996686831   0.542693573373
4.04   0.555996686831   0.542693573374
4.136   0.555996686831   0.542693573374
4.232   0.555996686831   0.542693573374
4.328   0.555996686831   0.542693573375
4.424   0.555996686831   0.542693573375
4.52   0.555996686831   0.542693573375
4.616   0.555996686831   0.542693573375
4.712   0.555996686831   0.542693573375
4.808   0.555996686831   0.542693573375
4.904   0.555996686831   0.542693573375
5.0   0.555996686831   0.542693573375
5.096   0.555996686831   0.542693573375
5.192   0.555996686831   0.542693573375
5.288   0.555996686831   0.542693573375
5.384   0.555996686831   0.542693573375
5.48   0.555996686831   0.542693573375
5.576   0.555996686831   0.542693573375
5.672   0.555996686831   0.542693573375
5.768   0.555996686831   0.542693573375
5.864   0.555996686831   0.542693573375
5.96   0.555996686831   0.542693573375
6.056   0.555996686831   0.542693573375
6.152   0.555996686831   0.542693573375
6.248   0.555996686831   0.542693573375
6.344   0.555996686831   0.542693573375
6.44   0.555996686831   0.542693573375
6.536   0.555996686831   0.542693573375
6.632   0.555996686831   0.542693573375
6.728   0.555996686831   0.542693573375
6.824   0.555996686831   0.542693573375
6.92   0.555996686831   0.542693573375
7.016   0.555996686831   0.542693573375
7.112   0.555996686831   0.542693573375
7.208   0.555996686831   0.542693573375
7.304   0.555996686831   0.542693573375
7.4   0.555996686831   0.542693573375
7.496   0.555996686831   0.542693573375
7.592   0.555996686831   0.542693573375
7.688   0.555996686831   0.542693573375
7.784   0.555996686831   0.542693573375
7.88   0.555996686831   0.542693573375
7.976   0.555996686831   0.542693573375
8.072   0.555996686831   0.542693573375
8.168   0.555996686831   0.542693573375
8.264   0.555996686831   0.542693573375
8.36   0.555996686831   0.542693573375
8.456   0.555996686831   0.542693573375
8.552   0.555996686831   0.542693573375
8.648   0.555996686831   0.542693573375
8.744   0.555996686831   0.542693573375
8.84   0.555996686831   0.542693573375
8.936   0.555996686831   0.542693573375
9.032   0.555996686831   0.542693573375
9.128   0.555996686831   0.542693573375
9.224   0.555996686831   0.542693573375
9.32   0.555996686831   0.542693573375
9.416   0.555996686831   0.542693573375
9.512   0.555996686831   0.542693573375
9.608   0.555996686831   0.542693573375
9.704   0.555996686831   0.542693573375
