0.2   0.564985757557   0.443319413321
0.296   0.561679113624   0.479864797107
0.392   0.558930548562   0.504033397561
0.488   0.556722427692   0.519785856369
0.584   0.555025313473   0.529581983417
0.68   0.553794839059   0.535380100708
0.776   0.552966776003   0.53869432917
0.872   0.552455286066   0.54054195641
0.968   0.552164625994   0.541549924766
1.064   0.552010618912   0.542090095124
1.16   0.551932162891   0.542376231589
1.256   0.551893534512   0.542526980124
1.352   0.551874797516   0.542606094951
1.448   0.551865780617   0.542647643417
1.544   0.551861459081   0.542669453614
1.64   0.551859392197   0.542680904878
1.736   0.551858404692   0.542686918586
1.832   0.551857933133   0.542690077282
1.928   0.551857708011   0.542691736593
2.024   0.551857600552   0.542692608328
2.12   0.55185754926   0.542693066327
2.216   0.551857524779   0.542693306962
2.312   0.551857513095   0.542693433395
2.408   0.551857507518   0.542693499825
2.504   0.551857504857   0.54269353473
2.6   0.551857503586   0.54269355307
2.696   0.55185750298   0.542693562706
2.792   0.551857502691   0.542693567769
2.888   0.551857502553   0.542693570429
2.984   0.551857502487   0.542693571827
3.08   0.551857502455   0.542693572561
3.176   0.55185750244   0.542693572947
3.272   0.551857502433   0.54269357315
3.368   0.55185750243   0.542693573257
3.464   0.551857502428   0.542693573313
3.56   0.551857502427   0.542693573342
3.656   0.551857502427   0.542693573358
3.752   0.551857502427   0.542693573366
3.848   0.551857502427   0.54269357337
3.944   0.551857502427   0.542693573372
4.04   0.551857502427   0.542693573373
4.136   0.551857502427   0.542693573374
4.232   0.551857502427   0.542693573374
4.328   0.551857502427   0.542693573374
4.424   0.551857502427   0.542693573375
4.52   0.551857502427   0.542693573375
4.616   0.551857502427   0.542693573375
4.712   0.551857502427   0.542693573375
4.808   0.551857502427   0.542693573375
4.904   0.551857502427   0.542693573375
5.0   0.551857502427   0.542693573375
5.096   0.551857502427   0.542693573375
5.192   0.551857502427   0.542693573375
5.288   0.551857502427   0.542693573375
5.384   0.551857502427   0.542693573375
5.48   0.551857502427   0.542693573375
5.576   0.551857502427   0.542693573375
5.672   0.551857502427   0.542693573375
5.768   0.551857502427   0.542693573375
5.864   0.551857502427   0.542693573375
5.96   0.551857502427   0.542693573375
6.056   0.551857502427   0.542693573375
6.152   0.551857502427   0.542693573375
6.248   0.551857502427   0.542693573375
6.344   0.551857502427   0.542693573375
6.44   0.551857502427   0.542693573375
6.536   0.551857502427   0.542693573375
6.632   0.551857502427   0.542693573375
6.728   0.551857502427   0.542693573375
6.824   0.551857502427   0.542693573375
6.92   0.551857502427   0.542693573375
7.016   0.551857502427   0.542693573375
7.112   0.551857502427   0.542693573375
7.208   0.551857502427   0.542693573375
7.304   0.551857502427   0.542693573375
7.4   0.551857502427   0.542693573375
7.496   0.551857502427   0.542693573375
7.592   0.551857502427   0.542693573375
7.688   0.551857502427   0.542693573375
7.784   0.551857502427   0.542693573375
7.88   0.551857502427   0.542693573375
7.976   0.551857502427   0.542693573375
8.072   0.551857502427   0.542693573375
8.168   0.551857502427   0.542693573375
8.264   0.551857502427   0.542693573375
8.36   0.551857502427   0.542693573375
8.456   0.551857502427   0.542693573375
8.552   0.551857502427   0.542693573375
8.648   0.551857502427   0.542693573375
8.744   0.551857502427   0.542693573375
8.84   0.551857502427   0.542693573375
8.936   0.551857502427   0.542693573375
9.032   0.551857502427   0.542693573375
9.128   0.551857502427   0.542693573375
9.224   0.551857502427   0.542693573375
9.32   0.551857502427   0.542693573375
9.416   0.551857502427   0.542693573375
9.512   0.551857502427   0.542693573375
9.608   0.551857502427   0.542693573375
9.704   0.551857502427   0.542693573375
