0.2   0.564540078327   0.41899933954
0.296   0.560955771645   0.464459140828
0.392   0.557892423718   0.493686101546
0.488   0.555331807848   0.512667530818
0.584   0.553243155891   0.524663655477
0.68   0.551587384235   0.531998443336
0.776   0.550320123371   0.536407765859
0.872   0.549393207113   0.539048376288
0.968   0.54875364064   0.540620778757
1.064   0.548341655284   0.541541321107
1.16   0.548094791367   0.542066171176
1.256   0.547956406432   0.542357022869
1.352   0.547881470409   0.542514791325
1.448   0.547842472811   0.542599161498
1.544   0.547822522189   0.542643829087
1.64   0.54781241128   0.542667401232
1.736   0.547807312942   0.542679813136
1.832   0.547804748996   0.542686341284
1.928   0.547803461386   0.542689772948
2.024   0.547802815217   0.542691576414
2.12   0.547802491067   0.542692524091
2.216   0.547802328489   0.542693022046
2.312   0.547802246956   0.542693283689
2.408   0.547802206069   0.542693421165
2.504   0.547802185566   0.542693493399
2.6   0.547802175284   0.542693531353
2.696   0.547802170129   0.542693551295
2.792   0.547802167543   0.542693561774
2.888   0.547802166247   0.542693567279
2.984   0.547802165597   0.542693570172
3.08   0.547802165271   0.542693571692
3.176   0.547802165107   0.54269357249
3.272   0.547802165025   0.54269357291
3.368   0.547802164984   0.542693573131
3.464   0.547802164964   0.542693573246
3.56   0.547802164953   0.542693573307
3.656   0.547802164948   0.542693573339
3.752   0.547802164945   0.542693573356
3.848   0.547802164944   0.542693573365
3.944   0.547802164943   0.54269357337
4.04   0.547802164943   0.542693573372
4.136   0.547802164943   0.542693573373
4.232   0.547802164943   0.542693573374
4.328   0.547802164943   0.542693573374
4.424   0.547802164943   0.542693573374
4.52   0.547802164943   0.542693573375
4.616   0.547802164943   0.542693573375
4.712   0.547802164943   0.542693573375
4.808   0.547802164943   0.542693573375
4.904   0.547802164943   0.542693573375
5.0   0.547802164943   0.542693573375
5.096   0.547802164943   0.542693573375
5.192   0.547802164943   0.542693573375
5.288   0.547802164943   0.542693573375
5.384   0.547802164943   0.542693573375
5.48   0.547802164943   0.542693573375
5.576   0.547802164943   0.542693573375
5.672   0.547802164943   0.542693573375
5.768   0.547802164943   0.542693573375
5.864   0.547802164943   0.542693573375
5.96   0.547802164943   0.542693573375
6.056   0.547802164943   0.542693573375
6.152   0.547802164943   0.542693573375
6.248   0.547802164943   0.542693573375
6.344   0.547802164943   0.542693573375
6.44   0.547802164943   0.542693573375
6.536   0.547802164943   0.542693573375
6.632   0.547802164943   0.542693573375
6.728   0.547802164943   0.542693573375
6.824   0.547802164943   0.542693573375
6.92   0.547802164943   0.542693573375
7.016   0.547802164943   0.542693573375
7.112   0.547802164943   0.542693573375
7.208   0.547802164943   0.542693573375
7.304   0.547802164943   0.542693573375
7.4   0.547802164943   0.542693573375
7.496   0.547802164943   0.542693573375
7.592   0.547802164943   0.542693573375
7.688   0.547802164943   0.542693573375
7.784   0.547802164943   0.542693573375
7.88   0.547802164943   0.542693573375
7.976   0.547802164943   0.542693573375
8.072   0.547802164943   0.542693573375
8.168   0.547802164943   0.542693573375
8.264   0.547802164943   0.542693573375
8.36   0.547802164943   0.542693573375
8.456   0.547802164943   0.542693573375
8.552   0.547802164943   0.542693573375
8.648   0.547802164943   0.542693573375
8.744   0.547802164943   0.542693573375
8.84   0.547802164943   0.542693573375
8.936   0.547802164943   0.542693573375
9.032   0.547802164943   0.542693573375
9.128   0.547802164943   0.542693573375
9.224   0.547802164943   0.542693573375
9.32   0.547802164943   0.542693573375
9.416   0.547802164943   0.542693573375
9.512   0.547802164943   0.542693573375
9.608   0.547802164943   0.542693573375
9.704   0.547802164943   0.542693573375
