0.2   0.563798285635   0.434561386343
0.296   0.559918737077   0.470448350124
0.392   0.556593191204   0.494897269598
0.488   0.553792589818   0.511531340412
0.584   0.551474379277   0.522560975956
0.68   0.549587311084   0.529673101052
0.776   0.548075572309   0.534202614685
0.872   0.546882854453   0.537102637882
0.968   0.545955508607   0.53898770248
1.064   0.545244778813   0.540234152639
1.16   0.544708112374   0.541070166623
1.256   0.544309642096   0.541635605703
1.352   0.544020216348   0.542018520352
1.448   0.543815487949   0.542275032686
1.544   0.543676369922   0.542442839374
1.64   0.543586422287   0.542548469067
1.736   0.54353328641   0.542611816692
1.832   0.543500558652   0.542648429885
1.928   0.543482203855   0.542669028164
2.024   0.543472242971   0.542680384295
2.12   0.543466931423   0.542686546711
2.216   0.54346412646   0.542689851189
2.312   0.54346265297   0.542691608637
2.408   0.543461881097   0.542692538447
2.504   0.543461477361   0.542693028858
2.6   0.543461266349   0.542693287064
2.696   0.543461156109   0.542693422882
2.792   0.543461098529   0.542693494285
2.888   0.543461068457   0.542693531814
2.984   0.543461052753   0.542693551536
3.08   0.543461044552   0.5426935619
3.176   0.543461040269   0.542693567345
3.272   0.543461038033   0.542693570207
3.368   0.543461036865   0.54269357171
3.464   0.543461036255   0.5426935725
3.56   0.543461035937   0.542693572915
3.656   0.54346103577   0.542693573133
3.752   0.543461035684   0.542693573248
3.848   0.543461035638   0.542693573308
3.944   0.543461035614   0.54269357334
4.04   0.543461035602   0.542693573356
4.136   0.543461035596   0.542693573365
4.232   0.543461035592   0.54269357337
4.328   0.543461035591   0.542693573372
4.424   0.54346103559   0.542693573373
4.52   0.543461035589   0.542693573374
4.616   0.543461035589   0.542693573374
4.712   0.543461035589   0.542693573374
4.808   0.543461035589   0.542693573375
4.904   0.543461035589   0.542693573375
5.0   0.543461035589   0.542693573375
5.096   0.543461035589   0.542693573375
5.192   0.543461035589   0.542693573375
5.288   0.543461035589   0.542693573375
5.384   0.543461035589   0.542693573375
5.48   0.543461035589   0.542693573375
5.576   0.543461035589   0.542693573375
5.672   0.543461035589   0.542693573375
5.768   0.543461035589   0.542693573375
5.864   0.543461035589   0.542693573375
5.96   0.543461035589   0.542693573375
6.056   0.543461035589   0.542693573375
6.152   0.543461035589   0.542693573375
6.248   0.543461035589   0.542693573375
6.344   0.543461035589   0.542693573375
6.44   0.543461035589   0.542693573375
6.536   0.543461035589   0.542693573375
6.632   0.543461035589   0.542693573375
6.728   0.543461035589   0.542693573375
6.824   0.543461035589   0.542693573375
6.92   0.543461035589   0.542693573375
7.016   0.543461035589   0.542693573375
7.112   0.543461035589   0.542693573375
7.208   0.543461035589   0.542693573375
7.304   0.543461035589   0.542693573375
7.4   0.543461035589   0.542693573375
7.496   0.543461035589   0.542693573375
7.592   0.543461035589   0.542693573375
7.688   0.543461035589   0.542693573375
7.784   0.543461035589   0.542693573375
7.88   0.543461035589   0.542693573375
7.976   0.543461035589   0.542693573375
8.072   0.543461035589   0.542693573375
8.168   0.543461035589   0.542693573375
8.264   0.543461035589   0.542693573375
8.36   0.543461035589   0.542693573375
8.456   0.543461035589   0.542693573375
8.552   0.543461035589   0.542693573375
8.648   0.543461035589   0.542693573375
8.744   0.543461035589   0.542693573375
8.84   0.543461035589   0.542693573375
8.936   0.543461035589   0.542693573375
9.032   0.543461035589   0.542693573375
9.128   0.543461035589   0.542693573375
9.224   0.543461035589   0.542693573375
9.32   0.543461035589   0.542693573375
9.416   0.543461035589   0.542693573375
9.512   0.543461035589   0.542693573375
9.608   0.543461035589   0.542693573375
9.704   0.543461035589   0.542693573375
