0.2   0.563977960139   0.41040017046
0.296   0.560122345573   0.45701034931
0.392   0.556790919627   0.487186828829
0.488   0.553963736544   0.507076578818
0.584   0.551606292192   0.519962765997
0.68   0.549673837258   0.528108431966
0.776   0.548115321527   0.533206667921
0.872   0.546877512412   0.53642575728
0.968   0.54590836307   0.538497892327
1.064   0.545159537657   0.539860620185
1.16   0.544588032987   0.540774109803
1.256   0.544156972463   0.541395554572
1.352   0.543835730323   0.541823054421
1.448   0.54359988212   0.542118316996
1.544   0.54342923013   0.542321446397
1.64   0.543308887281   0.542460151283
1.736   0.543226884546   0.542551375219
1.832   0.543173491326   0.54261108464
1.928   0.543142911403   0.542647090417
2.024   0.54312284385   0.542668072814
2.12   0.543111280133   0.542677064362
2.216   0.543104908405   0.542683755214
2.312   0.54310147717   0.542687872476
2.408   0.543099652798   0.542690314328
2.504   0.543098689559   0.542691736678
2.6   0.543098182906   0.542692552053
2.696   0.54309791695   0.542693012248
2.792   0.543097777492   0.542693268238
2.888   0.543097704406   0.542693408833
2.984   0.543097666116   0.542693485236
3.08   0.543097646058   0.542693526403
3.176   0.543097635552   0.542693548439
3.272   0.54309763005   0.542693560175
3.368   0.543097627168   0.542693566402
3.464   0.543097625658   0.542693569697
3.56   0.543097624867   0.542693571437
3.656   0.543097624453   0.542693572355
3.752   0.543097624237   0.542693572838
3.848   0.543097624123   0.542693573092
3.944   0.543097624063   0.542693573226
4.04   0.543097624032   0.542693573297
4.136   0.543097624016   0.542693573334
4.232   0.543097624007   0.542693573353
4.328   0.543097624003   0.542693573363
4.424   0.543097624001   0.542693573369
4.52   0.543097623999   0.542693573372
4.616   0.543097623999   0.542693573373
4.712   0.543097623998   0.542693573374
4.808   0.543097623998   0.542693573374
4.904   0.543097623998   0.542693573374
5.0   0.543097623998   0.542693573375
5.096   0.543097623998   0.542693573375
5.192   0.543097623998   0.542693573375
5.288   0.543097623998   0.542693573375
5.384   0.543097623998   0.542693573375
5.48   0.543097623998   0.542693573375
5.576   0.543097623998   0.542693573375
5.672   0.543097623998   0.542693573375
5.768   0.543097623998   0.542693573375
5.864   0.543097623998   0.542693573375
5.96   0.543097623998   0.542693573375
6.056   0.543097623998   0.542693573375
6.152   0.543097623998   0.542693573375
6.248   0.543097623998   0.542693573375
6.344   0.543097623998   0.542693573375
6.44   0.543097623998   0.542693573375
6.536   0.543097623998   0.542693573375
6.632   0.543097623998   0.542693573375
6.728   0.543097623998   0.542693573375
6.824   0.543097623998   0.542693573375
6.92   0.543097623998   0.542693573375
7.016   0.543097623998   0.542693573375
7.112   0.543097623998   0.542693573375
7.208   0.543097623998   0.542693573375
7.304   0.543097623998   0.542693573375
7.4   0.543097623998   0.542693573375
7.496   0.543097623998   0.542693573375
7.592   0.543097623998   0.542693573375
7.688   0.543097623998   0.542693573375
7.784   0.543097623998   0.542693573375
7.88   0.543097623998   0.542693573375
7.976   0.543097623998   0.542693573375
8.072   0.543097623998   0.542693573375
8.168   0.543097623998   0.542693573375
8.264   0.543097623998   0.542693573375
8.36   0.543097623998   0.542693573375
8.456   0.543097623998   0.542693573375
8.552   0.543097623998   0.542693573375
8.648   0.543097623998   0.542693573375
8.744   0.543097623998   0.542693573375
8.84   0.543097623998   0.542693573375
8.936   0.543097623998   0.542693573375
9.032   0.543097623998   0.542693573375
9.128   0.543097623998   0.542693573375
9.224   0.543097623998   0.542693573375
9.32   0.543097623998   0.542693573375
9.416   0.543097623998   0.542693573375
9.512   0.543097623998   0.542693573375
9.608   0.543097623998   0.542693573375
9.704   0.543097623998   0.542693573375
