0.2   0.563092154291   0.399599355908
0.296   0.558861436317   0.446049714359
0.392   0.555206552646   0.476599376088
0.488   0.552117421232   0.497140377479
0.584   0.549569858642   0.510808240908
0.68   0.547529230935   0.519693809727
0.776   0.545952533359   0.525350806392
0.872   0.544788572377   0.528898190966
0.968   0.543976202046   0.531089592742
1.064   0.54344386535   0.532416865456
1.16   0.543116370702   0.533202226295
1.256   0.542925862279   0.533656673434
1.352   0.54281863507   0.533915145719
1.448   0.542760197956   0.534060649727
1.544   0.542728849869   0.534141771357
1.64   0.54271218716   0.534186990717
1.736   0.542703376196   0.534212120582
1.832   0.542698730531   0.534226073483
1.928   0.542696284942   0.534233817228
2.024   0.542694998637   0.534238114098
2.12   0.542694322399   0.534240498158
2.216   0.542693966977   0.53424182088
2.312   0.542693780197   0.534242554745
2.408   0.542693682049   0.534242961904
2.504   0.542693630476   0.534243187802
2.6   0.542693603378   0.534243313134
2.696   0.542693589139   0.534243382671
2.792   0.542693581658   0.534243421251
2.888   0.542693577727   0.534243442656
2.984   0.542693575661   0.534243454532
3.08   0.542693574576   0.534243461121
3.176   0.542693574006   0.534243464777
3.272   0.542693573706   0.534243466805
3.368   0.542693573549   0.53424346793
3.464   0.542693573466   0.534243468555
3.56   0.542693573423   0.534243468901
3.656   0.5426935734   0.534243469093
3.752   0.542693573388   0.5342434692
3.848   0.542693573382   0.534243469259
3.944   0.542693573378   0.534243469292
4.04   0.542693573377   0.53424346931
4.136   0.542693573376   0.53424346932
4.232   0.542693573375   0.534243469326
4.328   0.542693573375   0.534243469329
4.424   0.542693573375   0.534243469331
4.52   0.542693573375   0.534243469332
4.616   0.542693573375   0.534243469332
4.712   0.542693573375   0.534243469332
4.808   0.542693573375   0.534243469333
4.904   0.542693573375   0.534243469333
5.0   0.542693573375   0.534243469333
5.096   0.542693573375   0.534243469333
5.192   0.542693573375   0.534243469333
5.288   0.542693573375   0.534243469333
5.384   0.542693573375   0.534243469333
5.48   0.542693573375   0.534243469333
5.576   0.542693573375   0.534243469333
5.672   0.542693573375   0.534243469333
5.768   0.542693573375   0.534243469333
5.864   0.542693573375   0.534243469333
5.96   0.542693573375   0.534243469333
6.056   0.542693573375   0.534243469333
6.152   0.542693573375   0.534243469333
6.248   0.542693573375   0.534243469333
6.344   0.542693573375   0.534243469333
6.44   0.542693573375   0.534243469333
6.536   0.542693573375   0.534243469333
6.632   0.542693573375   0.534243469333
6.728   0.542693573375   0.534243469333
6.824   0.542693573375   0.534243469333
6.92   0.542693573375   0.534243469333
7.016   0.542693573375   0.534243469333
7.112   0.542693573375   0.534243469333
7.208   0.542693573375   0.534243469333
7.304   0.542693573375   0.534243469333
7.4   0.542693573375   0.534243469333
7.496   0.542693573375   0.534243469333
7.592   0.542693573375   0.534243469333
7.688   0.542693573375   0.534243469333
7.784   0.542693573375   0.534243469333
7.88   0.542693573375   0.534243469333
7.976   0.542693573375   0.534243469333
8.072   0.542693573375   0.534243469333
8.168   0.542693573375   0.534243469333
8.264   0.542693573375   0.534243469333
8.36   0.542693573375   0.534243469333
8.456   0.542693573375   0.534243469333
8.552   0.542693573375   0.534243469333
8.648   0.542693573375   0.534243469333
8.744   0.542693573375   0.534243469333
8.84   0.542693573375   0.534243469333
8.936   0.542693573375   0.534243469333
9.032   0.542693573375   0.534243469333
9.128   0.542693573375   0.534243469333
9.224   0.542693573375   0.534243469333
9.32   0.542693573375   0.534243469333
9.416   0.542693573375   0.534243469333
9.512   0.542693573375   0.534243469333
9.608   0.542693573375   0.534243469333
9.704   0.542693573375   0.534243469333
