0.2   0.567005863514   0.462612446908
0.296   0.564849798029   0.495973066035
0.392   0.563360784397   0.516927656712
0.488   0.562458509407   0.529279062843
0.584   0.561986436371   0.535923844998
0.68   0.561769312901   0.53928916435
0.776   0.561678037793   0.540966259744
0.872   0.561641316067   0.54180778695
0.968   0.561626964902   0.542235529676
1.064   0.561621413286   0.542455292009
1.16   0.561619275282   0.542569131958
1.256   0.561618453482   0.542628425633
1.352   0.561618137854   0.542659416253
1.448   0.561618016672   0.542675648685
1.544   0.561617970152   0.542684162028
1.64   0.561617952294   0.542688630425
1.736   0.56161794544   0.542690976815
1.832   0.561617942808   0.542692209247
1.928   0.561617941798   0.542692856675
2.024   0.561617941411   0.542693196815
2.12   0.561617941262   0.542693375524
2.216   0.561617941205   0.542693469419
2.312   0.561617941183   0.542693518754
2.408   0.561617941174   0.542693544675
2.504   0.561617941171   0.542693558295
2.6   0.56161794117   0.542693565451
2.696   0.56161794117   0.542693569212
2.792   0.561617941169   0.542693571187
2.888   0.561617941169   0.542693572225
2.984   0.561617941169   0.542693572771
3.08   0.561617941169   0.542693573057
3.176   0.561617941169   0.542693573208
3.272   0.561617941169   0.542693573287
3.368   0.561617941169   0.542693573329
3.464   0.561617941169   0.54269357335
3.56   0.561617941169   0.542693573362
3.656   0.561617941169   0.542693573368
3.752   0.561617941169   0.542693573371
3.848   0.561617941169   0.542693573373
3.944   0.561617941169   0.542693573374
4.04   0.561617941169   0.542693573374
4.136   0.561617941169   0.542693573374
4.232   0.561617941169   0.542693573375
4.328   0.561617941169   0.542693573375
4.424   0.561617941169   0.542693573375
4.52   0.561617941169   0.542693573375
4.616   0.561617941169   0.542693573375
4.712   0.561617941169   0.542693573375
4.808   0.561617941169   0.542693573375
4.904   0.561617941169   0.542693573375
5.0   0.561617941169   0.542693573375
5.096   0.561617941169   0.542693573375
5.192   0.561617941169   0.542693573375
5.288   0.561617941169   0.542693573375
5.384   0.561617941169   0.542693573375
5.48   0.561617941169   0.542693573375
5.576   0.561617941169   0.542693573375
5.672   0.561617941169   0.542693573375
5.768   0.561617941169   0.542693573375
5.864   0.561617941169   0.542693573375
5.96   0.561617941169   0.542693573375
6.056   0.561617941169   0.542693573375
6.152   0.561617941169   0.542693573375
6.248   0.561617941169   0.542693573375
6.344   0.561617941169   0.542693573375
6.44   0.561617941169   0.542693573375
6.536   0.561617941169   0.542693573375
6.632   0.561617941169   0.542693573375
6.728   0.561617941169   0.542693573375
6.824   0.561617941169   0.542693573375
6.92   0.561617941169   0.542693573375
7.016   0.561617941169   0.542693573375
7.112   0.561617941169   0.542693573375
7.208   0.561617941169   0.542693573375
7.304   0.561617941169   0.542693573375
7.4   0.561617941169   0.542693573375
7.496   0.561617941169   0.542693573375
7.592   0.561617941169   0.542693573375
7.688   0.561617941169   0.542693573375
7.784   0.561617941169   0.542693573375
7.88   0.561617941169   0.542693573375
7.976   0.561617941169   0.542693573375
8.072   0.561617941169   0.542693573375
8.168   0.561617941169   0.542693573375
8.264   0.561617941169   0.542693573375
8.36   0.561617941169   0.542693573375
8.456   0.561617941169   0.542693573375
8.552   0.561617941169   0.542693573375
8.648   0.561617941169   0.542693573375
8.744   0.561617941169   0.542693573375
8.84   0.561617941169   0.542693573375
8.936   0.561617941169   0.542693573375
9.032   0.561617941169   0.542693573375
9.128   0.561617941169   0.542693573375
9.224   0.561617941169   0.542693573375
9.32   0.561617941169   0.542693573375
9.416   0.561617941169   0.542693573375
9.512   0.561617941169   0.542693573375
9.608   0.561617941169   0.542693573375
9.704   0.561617941169   0.542693573375
