0.2   0.564171242718   0.438630152244
0.296   0.560465601472   0.4743032867
0.392   0.557308030127   0.498451228812
0.488   0.55467072228   0.514711486636
0.584   0.552513605342   0.525324647182
0.68   0.550789218576   0.532029838547
0.776   0.549446693021   0.536196686312
0.872   0.548435005931   0.538779936728
0.968   0.547704127097   0.540379563391
1.064   0.547204075348   0.541359141728
1.16   0.546883148628   0.541944709646
1.256   0.546690578575   0.542283213912
1.352   0.546582097456   0.542472596113
1.448   0.546522684407   0.542575891632
1.544   0.546491407914   0.542631283651
1.64   0.546475205157   0.54266071738
1.736   0.546466885005   0.542676275444
1.832   0.546462632886   0.542684475392
1.928   0.546460465275   0.54268879063
2.024   0.546459361756   0.542691059757
2.12   0.546458800351   0.542692252485
2.216   0.546458514845   0.542692879299
2.312   0.546458369676   0.542693208676
2.408   0.546458295871   0.542693381748
2.504   0.54645825835   0.542693472688
2.6   0.546458239275   0.542693520471
2.696   0.546458229578   0.542693545577
2.792   0.546458224649   0.542693558769
2.888   0.546458222143   0.5426935657
2.984   0.546458220869   0.542693569342
3.08   0.546458220221   0.542693571256
3.176   0.546458219892   0.542693572261
3.272   0.546458219725   0.54269357279
3.368   0.54645821964   0.542693573067
3.464   0.546458219596   0.542693573213
3.56   0.546458219574   0.54269357329
3.656   0.546458219563   0.54269357333
3.752   0.546458219557   0.542693573351
3.848   0.546458219555   0.542693573362
3.944   0.546458219553   0.542693573368
4.04   0.546458219552   0.542693573371
4.136   0.546458219552   0.542693573373
4.232   0.546458219552   0.542693573374
4.328   0.546458219552   0.542693573374
4.424   0.546458219552   0.542693573374
4.52   0.546458219552   0.542693573375
4.616   0.546458219552   0.542693573375
4.712   0.546458219552   0.542693573375
4.808   0.546458219552   0.542693573375
4.904   0.546458219552   0.542693573375
5.0   0.546458219552   0.542693573375
5.096   0.546458219552   0.542693573375
5.192   0.546458219552   0.542693573375
5.288   0.546458219552   0.542693573375
5.384   0.546458219552   0.542693573375
5.48   0.546458219552   0.542693573375
5.576   0.546458219552   0.542693573375
5.672   0.546458219552   0.542693573375
5.768   0.546458219552   0.542693573375
5.864   0.546458219552   0.542693573375
5.96   0.546458219552   0.542693573375
6.056   0.546458219552   0.542693573375
6.152   0.546458219552   0.542693573375
6.248   0.546458219552   0.542693573375
6.344   0.546458219552   0.542693573375
6.44   0.546458219552   0.542693573375
6.536   0.546458219552   0.542693573375
6.632   0.546458219552   0.542693573375
6.728   0.546458219552   0.542693573375
6.824   0.546458219552   0.542693573375
6.92   0.546458219552   0.542693573375
7.016   0.546458219552   0.542693573375
7.112   0.546458219552   0.542693573375
7.208   0.546458219552   0.542693573375
7.304   0.546458219552   0.542693573375
7.4   0.546458219552   0.542693573375
7.496   0.546458219552   0.542693573375
7.592   0.546458219552   0.542693573375
7.688   0.546458219552   0.542693573375
7.784   0.546458219552   0.542693573375
7.88   0.546458219552   0.542693573375
7.976   0.546458219552   0.542693573375
8.072   0.546458219552   0.542693573375
8.168   0.546458219552   0.542693573375
8.264   0.546458219552   0.542693573375
8.36   0.546458219552   0.542693573375
8.456   0.546458219552   0.542693573375
8.552   0.546458219552   0.542693573375
8.648   0.546458219552   0.542693573375
8.744   0.546458219552   0.542693573375
8.84   0.546458219552   0.542693573375
8.936   0.546458219552   0.542693573375
9.032   0.546458219552   0.542693573375
9.128   0.546458219552   0.542693573375
9.224   0.546458219552   0.542693573375
9.32   0.546458219552   0.542693573375
9.416   0.546458219552   0.542693573375
9.512   0.546458219552   0.542693573375
9.608   0.546458219552   0.542693573375
9.704   0.546458219552   0.542693573375
