0.2   0.564358375386   0.430512912896
0.296   0.560716013371   0.470237162569
0.392   0.557608777967   0.496529753486
0.488   0.555013480103   0.513947070841
0.584   0.552894566917   0.525145523091
0.68   0.551208721078   0.53211090986
0.776   0.54990842511   0.536369920405
0.872   0.548944365146   0.538964424413
0.968   0.548265296326   0.540537930819
1.064   0.547816402023   0.541477552492
1.16   0.547539601437   0.542023822312
1.256   0.547379800777   0.542331420903
1.352   0.547292485625   0.542500389452
1.448   0.547245948169   0.542591229348
1.544   0.547221866301   0.542639566506
1.64   0.547209549975   0.542665134617
1.736   0.54720329078   0.542678614737
1.832   0.54720012056   0.54268570958
1.928   0.547198517723   0.542689440485
2.024   0.547197708092   0.542691401581
2.12   0.547197299325   0.542692432189
2.216   0.547197092999   0.542692973748
2.312   0.547196988868   0.542693258309
2.408   0.547196936318   0.542693407829
2.504   0.547196909799   0.542693486392
2.6   0.547196896416   0.542693527671
2.696   0.547196889663   0.542693549361
2.792   0.547196886256   0.542693560757
2.888   0.547196884536   0.542693566745
2.984   0.547196883668   0.542693569891
3.08   0.547196883231   0.542693571544
3.176   0.54719688301   0.542693572413
3.272   0.547196882898   0.542693572869
3.368   0.547196882842   0.542693573109
3.464   0.547196882813   0.542693573235
3.56   0.547196882799   0.542693573301
3.656   0.547196882792   0.542693573336
3.752   0.547196882788   0.542693573354
3.848   0.547196882786   0.542693573364
3.944   0.547196882785   0.542693573369
4.04   0.547196882785   0.542693573372
4.136   0.547196882785   0.542693573373
4.232   0.547196882785   0.542693573374
4.328   0.547196882785   0.542693573374
4.424   0.547196882785   0.542693573374
4.52   0.547196882785   0.542693573375
4.616   0.547196882785   0.542693573375
4.712   0.547196882785   0.542693573375
4.808   0.547196882785   0.542693573375
4.904   0.547196882785   0.542693573375
5.0   0.547196882785   0.542693573375
5.096   0.547196882785   0.542693573375
5.192   0.547196882785   0.542693573375
5.288   0.547196882785   0.542693573375
5.384   0.547196882785   0.542693573375
5.48   0.547196882785   0.542693573375
5.576   0.547196882785   0.542693573375
5.672   0.547196882785   0.542693573375
5.768   0.547196882785   0.542693573375
5.864   0.547196882785   0.542693573375
5.96   0.547196882785   0.542693573375
6.056   0.547196882785   0.542693573375
6.152   0.547196882785   0.542693573375
6.248   0.547196882785   0.542693573375
6.344   0.547196882785   0.542693573375
6.44   0.547196882785   0.542693573375
6.536   0.547196882785   0.542693573375
6.632   0.547196882785   0.542693573375
6.728   0.547196882785   0.542693573375
6.824   0.547196882785   0.542693573375
6.92   0.547196882785   0.542693573375
7.016   0.547196882785   0.542693573375
7.112   0.547196882785   0.542693573375
7.208   0.547196882785   0.542693573375
7.304   0.547196882785   0.542693573375
7.4   0.547196882785   0.542693573375
7.496   0.547196882785   0.542693573375
7.592   0.547196882785   0.542693573375
7.688   0.547196882785   0.542693573375
7.784   0.547196882785   0.542693573375
7.88   0.547196882785   0.542693573375
7.976   0.547196882785   0.542693573375
8.072   0.547196882785   0.542693573375
8.168   0.547196882785   0.542693573375
8.264   0.547196882785   0.542693573375
8.36   0.547196882785   0.542693573375
8.456   0.547196882785   0.542693573375
8.552   0.547196882785   0.542693573375
8.648   0.547196882785   0.542693573375
8.744   0.547196882785   0.542693573375
8.84   0.547196882785   0.542693573375
8.936   0.547196882785   0.542693573375
9.032   0.547196882785   0.542693573375
9.128   0.547196882785   0.542693573375
9.224   0.547196882785   0.542693573375
9.32   0.547196882785   0.542693573375
9.416   0.547196882785   0.542693573375
9.512   0.547196882785   0.542693573375
9.608   0.547196882785   0.542693573375
9.704   0.547196882785   0.542693573375
