0.2   0.561463207671   0.370017133767
0.296   0.556692728948   0.416893371469
0.392   0.552714939988   0.448202362687
0.488   0.549540199743   0.46960632018
0.584   0.547139843106   0.484132320433
0.68   0.545436749005   0.49375665909
0.776   0.544308458711   0.499948426892
0.872   0.543608421019   0.503827655794
0.968   0.54319745406   0.506211238945
1.064   0.542966042728   0.507658327694
1.16   0.542839079763   0.508531325221
1.256   0.54277073971   0.509056857398
1.352   0.54273433167   0.509372919463
1.448   0.542715051734   0.509563078702
1.544   0.542704877093   0.509677562567
1.64   0.542699518023   0.509746531399
1.736   0.542696698417   0.509788103349
1.832   0.542695215812   0.509813172191
1.928   0.54269443649   0.509828294086
2.024   0.542694026918   0.509837417913
2.12   0.542693811691   0.509842923669
2.216   0.542693698596   0.509846246469
2.312   0.542693639171   0.509848251973
2.408   0.542693607946   0.509849462471
2.504   0.54269359154   0.509850193138
2.6   0.542693582919   0.509850634183
2.696   0.54269357839   0.509850900411
2.792   0.54269357601   0.509851061116
2.888   0.542693574759   0.509851158123
2.984   0.542693574102   0.509851216681
3.08   0.542693573757   0.509851252028
3.176   0.542693573575   0.509851273366
3.272   0.54269357348   0.509851286246
3.368   0.54269357343   0.509851294021
3.464   0.542693573404   0.509851298714
3.56   0.54269357339   0.509851301548
3.656   0.542693573383   0.509851303258
3.752   0.542693573379   0.50985130429
3.848   0.542693573377   0.509851304913
3.944   0.542693573376   0.50985130529
4.04   0.542693573375   0.509851305517
4.136   0.542693573375   0.509851305654
4.232   0.542693573375   0.509851305736
4.328   0.542693573375   0.509851305786
4.424   0.542693573375   0.509851305817
4.52   0.542693573375   0.509851305835
4.616   0.542693573375   0.509851305846
4.712   0.542693573375   0.509851305852
4.808   0.542693573375   0.509851305856
4.904   0.542693573375   0.509851305859
5.0   0.542693573375   0.50985130586
5.096   0.542693573375   0.509851305861
5.192   0.542693573375   0.509851305862
5.288   0.542693573375   0.509851305862
5.384   0.542693573375   0.509851305862
5.48   0.542693573375   0.509851305862
5.576   0.542693573375   0.509851305862
5.672   0.542693573375   0.509851305862
5.768   0.542693573375   0.509851305862
5.864   0.542693573375   0.509851305862
5.96   0.542693573375   0.509851305862
6.056   0.542693573375   0.509851305862
6.152   0.542693573375   0.509851305862
6.248   0.542693573375   0.509851305862
6.344   0.542693573375   0.509851305862
6.44   0.542693573375   0.509851305862
6.536   0.542693573375   0.509851305862
6.632   0.542693573375   0.509851305862
6.728   0.542693573375   0.509851305862
6.824   0.542693573375   0.509851305862
6.92   0.542693573375   0.509851305862
7.016   0.542693573375   0.509851305862
7.112   0.542693573375   0.509851305862
7.208   0.542693573375   0.509851305862
7.304   0.542693573375   0.509851305862
7.4   0.542693573375   0.509851305862
7.496   0.542693573375   0.509851305862
7.592   0.542693573375   0.509851305862
7.688   0.542693573375   0.509851305862
7.784   0.542693573375   0.509851305862
7.88   0.542693573375   0.509851305862
7.976   0.542693573375   0.509851305862
8.072   0.542693573375   0.509851305862
8.168   0.542693573375   0.509851305862
8.264   0.542693573375   0.509851305862
8.36   0.542693573375   0.509851305862
8.456   0.542693573375   0.509851305862
8.552   0.542693573375   0.509851305862
8.648   0.542693573375   0.509851305862
8.744   0.542693573375   0.509851305862
8.84   0.542693573375   0.509851305862
8.936   0.542693573375   0.509851305862
9.032   0.542693573375   0.509851305862
9.128   0.542693573375   0.509851305862
9.224   0.542693573375   0.509851305862
9.32   0.542693573375   0.509851305862
9.416   0.542693573375   0.509851305862
9.512   0.542693573375   0.509851305862
9.608   0.542693573375   0.509851305862
9.704   0.542693573375   0.509851305862
