0.2   0.566095688674   0.433543168853
0.296   0.563344060816   0.478328047996
0.392   0.561181818408   0.50598838502
0.488   0.559598478265   0.522758233645
0.584   0.558543173671   0.532270965081
0.68   0.557913922248   0.537336767656
0.776   0.557577570974   0.539947341598
0.872   0.55741311426   0.541280359073
0.968   0.557336652106   0.541962258331
1.064   0.5573024385   0.542313428143
1.16   0.557287370291   0.542495211034
1.256   0.557280785801   0.542589797608
1.352   0.557277919311   0.542639190359
1.448   0.557276673619   0.542665044178
1.544   0.557276132725   0.542678597328
1.64   0.557275897951   0.54268570882
1.736   0.557275796066   0.542689442411
1.832   0.557275751855   0.542691403237
1.928   0.55727573267   0.542692433237
2.024   0.557275724346   0.542692974347
2.12   0.557275720734   0.542693258638
2.216   0.557275719167   0.542693408006
2.312   0.557275718487   0.542693486486
2.408   0.557275718192   0.542693527721
2.504   0.557275718063   0.542693549387
2.6   0.557275718008   0.542693560771
2.696   0.557275717984   0.542693566752
2.792   0.557275717973   0.542693569895
2.888   0.557275717969   0.542693571546
2.984   0.557275717967   0.542693572414
3.08   0.557275717966   0.54269357287
3.176   0.557275717966   0.542693573109
3.272   0.557275717965   0.542693573235
3.368   0.557275717965   0.542693573301
3.464   0.557275717965   0.542693573336
3.56   0.557275717965   0.542693573354
3.656   0.557275717965   0.542693573364
3.752   0.557275717965   0.542693573369
3.848   0.557275717965   0.542693573372
3.944   0.557275717965   0.542693573373
4.04   0.557275717965   0.542693573374
4.136   0.557275717965   0.542693573374
4.232   0.557275717965   0.542693573374
4.328   0.557275717965   0.542693573375
4.424   0.557275717965   0.542693573375
4.52   0.557275717965   0.542693573375
4.616   0.557275717965   0.542693573375
4.712   0.557275717965   0.542693573375
4.808   0.557275717965   0.542693573375
4.904   0.557275717965   0.542693573375
5.0   0.557275717965   0.542693573375
5.096   0.557275717965   0.542693573375
5.192   0.557275717965   0.542693573375
5.288   0.557275717965   0.542693573375
5.384   0.557275717965   0.542693573375
5.48   0.557275717965   0.542693573375
5.576   0.557275717965   0.542693573375
5.672   0.557275717965   0.542693573375
5.768   0.557275717965   0.542693573375
5.864   0.557275717965   0.542693573375
5.96   0.557275717965   0.542693573375
6.056   0.557275717965   0.542693573375
6.152   0.557275717965   0.542693573375
6.248   0.557275717965   0.542693573375
6.344   0.557275717965   0.542693573375
6.44   0.557275717965   0.542693573375
6.536   0.557275717965   0.542693573375
6.632   0.557275717965   0.542693573375
6.728   0.557275717965   0.542693573375
6.824   0.557275717965   0.542693573375
6.92   0.557275717965   0.542693573375
7.016   0.557275717965   0.542693573375
7.112   0.557275717965   0.542693573375
7.208   0.557275717965   0.542693573375
7.304   0.557275717965   0.542693573375
7.4   0.557275717965   0.542693573375
7.496   0.557275717965   0.542693573375
7.592   0.557275717965   0.542693573375
7.688   0.557275717965   0.542693573375
7.784   0.557275717965   0.542693573375
7.88   0.557275717965   0.542693573375
7.976   0.557275717965   0.542693573375
8.072   0.557275717965   0.542693573375
8.168   0.557275717965   0.542693573375
8.264   0.557275717965   0.542693573375
8.36   0.557275717965   0.542693573375
8.456   0.557275717965   0.542693573375
8.552   0.557275717965   0.542693573375
8.648   0.557275717965   0.542693573375
8.744   0.557275717965   0.542693573375
8.84   0.557275717965   0.542693573375
8.936   0.557275717965   0.542693573375
9.032   0.557275717965   0.542693573375
9.128   0.557275717965   0.542693573375
9.224   0.557275717965   0.542693573375
9.32   0.557275717965   0.542693573375
9.416   0.557275717965   0.542693573375
9.512   0.557275717965   0.542693573375
9.608   0.557275717965   0.542693573375
9.704   0.557275717965   0.542693573375
