0.2   0.563389574762   0.700000000524
0.296   0.559282750281   0.7
0.392   0.555730072279   0.478551094866
0.488   0.552715620034   0.501394415866
0.584   0.550209201807   0.5146514493
0.68   0.548170797777   0.52322301767
0.776   0.546554421997   0.528677802125
0.872   0.545311480405   0.532131263938
0.968   0.544392201396   0.534312695282
1.064   0.543745068125   0.535678674072
1.16   0.543315213729   0.536517503009
1.256   0.54304686758   0.537018571264
1.352   0.542889082237   0.537309147617
1.448   0.542799185188   0.537473873386
1.544   0.542749940278   0.537565524835
1.64   0.542723448202   0.537616027537
1.736   0.542709345128   0.537643696858
1.832   0.54270188168   0.537658807155
1.928   0.542697944879   0.537667044369
2.024   0.542695872015   0.537671530599
2.12   0.542694781636   0.537673972747
2.216   0.542694208369   0.537675301838
2.312   0.542693907058   0.537676025079
2.408   0.542693748713   0.537676418614
2.504   0.542693665506   0.537676632741
2.6   0.542693621784   0.537676749248
2.696   0.542693598811   0.537676812639
2.792   0.54269358674   0.53767684713
2.888   0.542693580397   0.537676865896
2.984   0.542693577064   0.537676876107
3.08   0.542693575313   0.537676881662
3.176   0.542693574393   0.537676884685
3.272   0.54269357391   0.53767688633
3.368   0.542693573656   0.537676887225
3.464   0.542693573522   0.537676887712
3.56   0.542693573452   0.537676887977
3.656   0.542693573415   0.537676888121
3.752   0.542693573396   0.537676888199
3.848   0.542693573386   0.537676888242
3.944   0.542693573381   0.537676888265
4.04   0.542693573378   0.537676888278
4.136   0.542693573376   0.537676888284
4.232   0.542693573376   0.537676888288
4.328   0.542693573375   0.53767688829
4.424   0.542693573375   0.537676888291
4.52   0.542693573375   0.537676888292
4.616   0.542693573375   0.537676888292
4.712   0.542693573375   0.537676888292
4.808   0.542693573375   0.537676888293
4.904   0.542693573375   0.537676888293
5.0   0.542693573375   0.537676888293
5.096   0.542693573375   0.537676888293
5.192   0.542693573375   0.537676888293
5.288   0.542693573375   0.537676888293
5.384   0.542693573375   0.537676888293
5.48   0.542693573375   0.537676888293
5.576   0.542693573375   0.537676888293
5.672   0.542693573375   0.537676888293
5.768   0.542693573375   0.537676888293
5.864   0.542693573375   0.537676888293
5.96   0.542693573375   0.537676888293
6.056   0.542693573375   0.537676888293
6.152   0.542693573375   0.537676888293
6.248   0.542693573375   0.537676888293
6.344   0.542693573375   0.537676888293
6.44   0.542693573375   0.537676888293
6.536   0.542693573375   0.537676888293
6.632   0.542693573375   0.537676888293
6.728   0.542693573375   0.537676888293
6.824   0.542693573375   0.537676888293
6.92   0.542693573375   0.537676888293
7.016   0.542693573375   0.537676888293
7.112   0.542693573375   0.537676888293
7.208   0.542693573375   0.537676888293
7.304   0.542693573375   0.537676888293
7.4   0.542693573375   0.537676888293
7.496   0.542693573375   0.537676888293
7.592   0.542693573375   0.537676888293
7.688   0.542693573375   0.537676888293
7.784   0.542693573375   0.537676888293
7.88   0.542693573375   0.537676888293
7.976   0.542693573375   0.537676888293
8.072   0.542693573375   0.537676888293
8.168   0.542693573375   0.537676888293
8.264   0.542693573375   0.537676888293
8.36   0.542693573375   0.537676888293
8.456   0.542693573375   0.537676888293
8.552   0.542693573375   0.537676888293
8.648   0.542693573375   0.537676888293
8.744   0.542693573375   0.537676888293
8.84   0.542693573375   0.537676888293
8.936   0.542693573375   0.537676888293
9.032   0.542693573375   0.537676888293
9.128   0.542693573375   0.537676888293
9.224   0.542693573375   0.537676888293
9.32   0.542693573375   0.537676888293
9.416   0.542693573375   0.537676888293
9.512   0.542693573375   0.537676888293
9.608   0.542693573375   0.537676888293
9.704   0.542693573375   0.537676888293
