0.2   0.563624494563   0.407957938844
0.296   0.559615370567   0.453834782304
0.392   0.556145869611   0.483824505568
0.488   0.55319763256   0.503802363371
0.584   0.550737718874   0.516922948866
0.68   0.548723040216   0.525343192042
0.776   0.547104440536   0.530680052004
0.872   0.545830881011   0.534070774217
0.968   0.544852676804   0.536245552364
1.064   0.544123438096   0.537649902393
1.16   0.54360050535   0.538553738103
1.256   0.54324315576   0.539125978054
1.352   0.543012665254   0.539477580865
1.448   0.542872417453   0.539685964785
1.544   0.542791797377   0.539805449956
1.64   0.542746309709   0.539872107327
1.736   0.542721614979   0.539908702468
1.832   0.542708403466   0.539928591194
1.928   0.542701392998   0.539939335014
2.024   0.542697689809   0.539945118709
2.12   0.542695738462   0.539948226281
2.216   0.542694711592   0.539949894253
2.312   0.542694171601   0.539950789038
2.408   0.542693887749   0.539951268907
2.504   0.54269373857   0.53995152622
2.6   0.542693660177   0.539951664183
2.696   0.542693618984   0.539951738153
2.792   0.54269359734   0.539951777811
2.888   0.542693585967   0.539951799072
2.984   0.542693579991   0.539951810471
3.08   0.542693576851   0.539951816583
3.176   0.542693575201   0.539951819859
3.272   0.542693574334   0.539951821616
3.368   0.542693573879   0.539951822558
3.464   0.54269357364   0.539951823063
3.56   0.542693573514   0.539951823333
3.656   0.542693573448   0.539951823478
3.752   0.542693573413   0.539951823556
3.848   0.542693573395   0.539951823598
3.944   0.542693573385   0.53995182362
4.04   0.54269357338   0.539951823632
4.136   0.542693573378   0.539951823639
4.232   0.542693573376   0.539951823642
4.328   0.542693573375   0.539951823644
4.424   0.542693573375   0.539951823645
4.52   0.542693573375   0.539951823646
4.616   0.542693573375   0.539951823646
4.712   0.542693573375   0.539951823646
4.808   0.542693573375   0.539951823646
4.904   0.542693573375   0.539951823646
5.0   0.542693573375   0.539951823646
5.096   0.542693573375   0.539951823646
5.192   0.542693573375   0.539951823646
5.288   0.542693573375   0.539951823646
5.384   0.542693573375   0.539951823646
5.48   0.542693573375   0.539951823646
5.576   0.542693573375   0.539951823646
5.672   0.542693573375   0.539951823646
5.768   0.542693573375   0.539951823646
5.864   0.542693573375   0.539951823646
5.96   0.542693573375   0.539951823646
6.056   0.542693573375   0.539951823646
6.152   0.542693573375   0.539951823646
6.248   0.542693573375   0.539951823646
6.344   0.542693573375   0.539951823646
6.44   0.542693573375   0.539951823646
6.536   0.542693573375   0.539951823646
6.632   0.542693573375   0.539951823646
6.728   0.542693573375   0.539951823646
6.824   0.542693573375   0.539951823646
6.92   0.542693573375   0.539951823646
7.016   0.542693573375   0.539951823646
7.112   0.542693573375   0.539951823646
7.208   0.542693573375   0.539951823646
7.304   0.542693573375   0.539951823646
7.4   0.542693573375   0.539951823646
7.496   0.542693573375   0.539951823646
7.592   0.542693573375   0.539951823646
7.688   0.542693573375   0.539951823646
7.784   0.542693573375   0.539951823646
7.88   0.542693573375   0.539951823646
7.976   0.542693573375   0.539951823646
8.072   0.542693573375   0.539951823646
8.168   0.542693573375   0.539951823646
8.264   0.542693573375   0.539951823646
8.36   0.542693573375   0.539951823646
8.456   0.542693573375   0.539951823646
8.552   0.542693573375   0.539951823646
8.648   0.542693573375   0.539951823646
8.744   0.542693573375   0.539951823646
8.84   0.542693573375   0.539951823646
8.936   0.542693573375   0.539951823646
9.032   0.542693573375   0.539951823646
9.128   0.542693573375   0.539951823646
9.224   0.542693573375   0.539951823646
9.32   0.542693573375   0.539951823646
9.416   0.542693573375   0.539951823646
9.512   0.542693573375   0.539951823646
9.608   0.542693573375   0.539951823646
9.704   0.542693573375   0.539951823646
