0.2   0.562574947681   0.415164716683
0.296   0.558186351697   0.452916485162
0.392   0.554434463441   0.478885765711
0.488   0.551307289311   0.496881303581
0.584   0.548778463976   0.509138788239
0.68   0.546809054361   0.517255275167
0.776   0.545346317164   0.522477685795
0.872   0.544320992786   0.525751652702
0.968   0.543647104191   0.527753492645
1.064   0.543231612228   0.52894851404
1.16   0.542989374612   0.529647263749
1.256   0.542852965058   0.530049641855
1.352   0.542778537498   0.530279301064
1.448   0.542738577937   0.53040958433
1.544   0.542717326048   0.530483306664
1.64   0.542706084425   0.530524972828
1.736   0.542700155888   0.530548509238
1.832   0.542697034557   0.530561801969
1.928   0.542695392708   0.530569309028
2.024   0.542694529514   0.530573548695
2.12   0.542694075818   0.530575943152
2.216   0.54269383739   0.530577295522
2.312   0.542693712101   0.530578059348
2.408   0.542693646267   0.530578490769
2.504   0.542693611675   0.530578734445
2.6   0.542693593499   0.53057887208
2.696   0.542693583949   0.53057894982
2.792   0.542693578931   0.530578993731
2.888   0.542693576294   0.530579018533
2.984   0.542693574909   0.530579032542
3.08   0.542693574181   0.530579040455
3.176   0.542693573798   0.530579044924
3.272   0.542693573597   0.530579047448
3.368   0.542693573492   0.530579048874
3.464   0.542693573436   0.53057904968
3.56   0.542693573407   0.530579050135
3.656   0.542693573392   0.530579050392
3.752   0.542693573384   0.530579050537
3.848   0.542693573379   0.530579050619
3.944   0.542693573377   0.530579050665
4.04   0.542693573376   0.530579050691
4.136   0.542693573375   0.530579050706
4.232   0.542693573375   0.530579050714
4.328   0.542693573375   0.530579050719
4.424   0.542693573375   0.530579050722
4.52   0.542693573375   0.530579050723
4.616   0.542693573375   0.530579050724
4.712   0.542693573375   0.530579050725
4.808   0.542693573375   0.530579050725
4.904   0.542693573375   0.530579050725
5.0   0.542693573375   0.530579050725
5.096   0.542693573375   0.530579050725
5.192   0.542693573375   0.530579050725
5.288   0.542693573375   0.530579050725
5.384   0.542693573375   0.530579050725
5.48   0.542693573375   0.530579050725
5.576   0.542693573375   0.530579050725
5.672   0.542693573375   0.530579050725
5.768   0.542693573375   0.530579050725
5.864   0.542693573375   0.530579050725
5.96   0.542693573375   0.530579050725
6.056   0.542693573375   0.530579050725
6.152   0.542693573375   0.530579050725
6.248   0.542693573375   0.530579050725
6.344   0.542693573375   0.530579050725
6.44   0.542693573375   0.530579050725
6.536   0.542693573375   0.530579050725
6.632   0.542693573375   0.530579050725
6.728   0.542693573375   0.530579050725
6.824   0.542693573375   0.530579050725
6.92   0.542693573375   0.530579050725
7.016   0.542693573375   0.530579050725
7.112   0.542693573375   0.530579050725
7.208   0.542693573375   0.530579050725
7.304   0.542693573375   0.530579050725
7.4   0.542693573375   0.530579050725
7.496   0.542693573375   0.530579050725
7.592   0.542693573375   0.530579050725
7.688   0.542693573375   0.530579050725
7.784   0.542693573375   0.530579050725
7.88   0.542693573375   0.530579050725
7.976   0.542693573375   0.530579050725
8.072   0.542693573375   0.530579050725
8.168   0.542693573375   0.530579050725
8.264   0.542693573375   0.530579050725
8.36   0.542693573375   0.530579050725
8.456   0.542693573375   0.530579050725
8.552   0.542693573375   0.530579050725
8.648   0.542693573375   0.530579050725
8.744   0.542693573375   0.530579050725
8.84   0.542693573375   0.530579050725
8.936   0.542693573375   0.530579050725
9.032   0.542693573375   0.530579050725
9.128   0.542693573375   0.530579050725
9.224   0.542693573375   0.530579050725
9.32   0.542693573375   0.530579050725
9.416   0.542693573375   0.530579050725
9.512   0.542693573375   0.530579050725
9.608   0.542693573375   0.530579050725
9.704   0.542693573375   0.530579050725
