0.2   0.563304419801   0.418026374008
0.296   0.559186185647   0.458260479491
0.392   0.55563602875   0.485359862793
0.488   0.55263341166   0.503795332474
0.584   0.550143905593   0.51612265414
0.68   0.548123887757   0.524163002062
0.776   0.546524548647   0.529319574831
0.872   0.545295347607   0.532606466065
0.968   0.544385549045   0.534694878864
1.064   0.543743744008   0.536009346691
1.16   0.543316062159   0.536820169692
1.256   0.54304812502   0.537306258636
1.352   0.542890135668   0.537588829171
1.448   0.542799856068   0.537749028825
1.544   0.542750329827   0.537838439472
1.64   0.542723664024   0.537887582566
1.736   0.542709461766   0.537914479046
1.832   0.542701943888   0.537929148066
1.928   0.542697977826   0.537937132994
2.024   0.542695889399   0.537941475055
2.12   0.54269479079   0.537943834927
2.216   0.542694213184   0.537945117144
2.312   0.54269390959   0.537945813728
2.408   0.542693750044   0.537946192131
2.504   0.542693666205   0.537946397683
2.6   0.542693622152   0.537946509338
2.696   0.542693599004   0.537946569988
2.792   0.542693586841   0.537946602932
2.888   0.54269358045   0.537946620828
2.984   0.542693577092   0.537946630548
3.08   0.542693575328   0.537946635828
3.176   0.542693574401   0.537946638696
3.272   0.542693573914   0.537946640254
3.368   0.542693573658   0.5379466411
3.464   0.542693573524   0.53794664156
3.56   0.542693573453   0.53794664181
3.656   0.542693573416   0.537946641945
3.752   0.542693573396   0.537946642019
3.848   0.542693573386   0.537946642059
3.944   0.542693573381   0.537946642081
4.04   0.542693573378   0.537946642092
4.136   0.542693573376   0.537946642099
4.232   0.542693573376   0.537946642102
4.328   0.542693573375   0.537946642104
4.424   0.542693573375   0.537946642105
4.52   0.542693573375   0.537946642106
4.616   0.542693573375   0.537946642106
4.712   0.542693573375   0.537946642106
4.808   0.542693573375   0.537946642106
4.904   0.542693573375   0.537946642106
5.0   0.542693573375   0.537946642106
5.096   0.542693573375   0.537946642106
5.192   0.542693573375   0.537946642107
5.288   0.542693573375   0.537946642107
5.384   0.542693573375   0.537946642107
5.48   0.542693573375   0.537946642107
5.576   0.542693573375   0.537946642107
5.672   0.542693573375   0.537946642107
5.768   0.542693573375   0.537946642107
5.864   0.542693573375   0.537946642107
5.96   0.542693573375   0.537946642107
6.056   0.542693573375   0.537946642107
6.152   0.542693573375   0.537946642107
6.248   0.542693573375   0.537946642107
6.344   0.542693573375   0.537946642107
6.44   0.542693573375   0.537946642107
6.536   0.542693573375   0.537946642107
6.632   0.542693573375   0.537946642107
6.728   0.542693573375   0.537946642107
6.824   0.542693573375   0.537946642107
6.92   0.542693573375   0.537946642107
7.016   0.542693573375   0.537946642107
7.112   0.542693573375   0.537946642107
7.208   0.542693573375   0.537946642107
7.304   0.542693573375   0.537946642107
7.4   0.542693573375   0.537946642107
7.496   0.542693573375   0.537946642107
7.592   0.542693573375   0.537946642107
7.688   0.542693573375   0.537946642107
7.784   0.542693573375   0.537946642107
7.88   0.542693573375   0.537946642107
7.976   0.542693573375   0.537946642107
8.072   0.542693573375   0.537946642107
8.168   0.542693573375   0.537946642107
8.264   0.542693573375   0.537946642107
8.36   0.542693573375   0.537946642107
8.456   0.542693573375   0.537946642107
8.552   0.542693573375   0.537946642107
8.648   0.542693573375   0.537946642107
8.744   0.542693573375   0.537946642107
8.84   0.542693573375   0.537946642107
8.936   0.542693573375   0.537946642107
9.032   0.542693573375   0.537946642107
9.128   0.542693573375   0.537946642107
9.224   0.542693573375   0.537946642107
9.32   0.542693573375   0.537946642107
9.416   0.542693573375   0.537946642107
9.512   0.542693573375   0.537946642107
9.608   0.542693573375   0.537946642107
9.704   0.542693573375   0.537946642107
