0.2   0.561646208012   0.390646170253
0.296   0.556942916432   0.431655475118
0.392   0.553002068472   0.459698708592
0.488   0.54982794063   0.479126546979
0.584   0.547394440681   0.492407506174
0.68   0.545636512937   0.501235016785
0.776   0.54444867195   0.506914358697
0.872   0.543697948637   0.510461933332
0.968   0.543250669185   0.512628506915
1.064   0.542996220106   0.513932165338
1.16   0.542855619093   0.514709931928
1.256   0.542779641423   0.51517232723
1.352   0.542739072408   0.515446686174
1.448   0.542717561381   0.515609455892
1.544   0.542706201192   0.515706055549
1.64   0.542700215323   0.515763411397
1.736   0.542697065254   0.515797481088
1.832   0.54269540869   0.515817725857
1.928   0.542694537871   0.515829758871
2.024   0.542694080198   0.515836912408
2.12   0.542693839688   0.515841165714
2.216   0.542693713308   0.515843694857
2.312   0.542693646901   0.515845198855
2.408   0.542693612008   0.515846093272
2.504   0.542693593674   0.515846625189
2.6   0.54269358404   0.515846941531
2.696   0.542693578979   0.515847129668
2.792   0.542693576319   0.515847241558
2.888   0.542693574922   0.515847308103
2.984   0.542693574188   0.51584734768
3.08   0.542693573802   0.515847371218
3.176   0.542693573599   0.515847385217
3.272   0.542693573493   0.515847393542
3.368   0.542693573437   0.515847398494
3.464   0.542693573407   0.515847401439
3.56   0.542693573392   0.51584740319
3.656   0.542693573384   0.515847404232
3.752   0.542693573379   0.515847404851
3.848   0.542693573377   0.51584740522
3.944   0.542693573376   0.515847405439
4.04   0.542693573375   0.515847405569
4.136   0.542693573375   0.515847405647
4.232   0.542693573375   0.515847405693
4.328   0.542693573375   0.51584740572
4.424   0.542693573375   0.515847405737
4.52   0.542693573375   0.515847405746
4.616   0.542693573375   0.515847405752
4.712   0.542693573375   0.515847405755
4.808   0.542693573375   0.515847405758
4.904   0.542693573375   0.515847405759
5.0   0.542693573375   0.515847405759
5.096   0.542693573375   0.51584740576
5.192   0.542693573375   0.51584740576
5.288   0.542693573375   0.51584740576
5.384   0.542693573375   0.51584740576
5.48   0.542693573375   0.51584740576
5.576   0.542693573375   0.51584740576
5.672   0.542693573375   0.51584740576
5.768   0.542693573375   0.515847405761
5.864   0.542693573375   0.515847405761
5.96   0.542693573375   0.515847405761
6.056   0.542693573375   0.515847405761
6.152   0.542693573375   0.515847405761
6.248   0.542693573375   0.515847405761
6.344   0.542693573375   0.515847405761
6.44   0.542693573375   0.515847405761
6.536   0.542693573375   0.515847405761
6.632   0.542693573375   0.515847405761
6.728   0.542693573375   0.515847405761
6.824   0.542693573375   0.515847405761
6.92   0.542693573375   0.515847405761
7.016   0.542693573375   0.515847405761
7.112   0.542693573375   0.515847405761
7.208   0.542693573375   0.515847405761
7.304   0.542693573375   0.515847405761
7.4   0.542693573375   0.515847405761
7.496   0.542693573375   0.515847405761
7.592   0.542693573375   0.515847405761
7.688   0.542693573375   0.515847405761
7.784   0.542693573375   0.515847405761
7.88   0.542693573375   0.515847405761
7.976   0.542693573375   0.515847405761
8.072   0.542693573375   0.515847405761
8.168   0.542693573375   0.515847405761
8.264   0.542693573375   0.515847405761
8.36   0.542693573375   0.515847405761
8.456   0.542693573375   0.515847405761
8.552   0.542693573375   0.515847405761
8.648   0.542693573375   0.515847405761
8.744   0.542693573375   0.515847405761
8.84   0.542693573375   0.515847405761
8.936   0.542693573375   0.515847405761
9.032   0.542693573375   0.515847405761
9.128   0.542693573375   0.515847405761
9.224   0.542693573375   0.515847405761
9.32   0.542693573375   0.515847405761
9.416   0.542693573375   0.515847405761
9.512   0.542693573375   0.515847405761
9.608   0.542693573375   0.515847405761
9.704   0.542693573375   0.515847405761
