0.2   0.570713493742   0.480953701578
0.296   0.570416937133   0.511374378637
0.392   0.570351768156   0.527751255829
0.488   0.570339330793   0.535659268399
0.584   0.57033724991   0.539300930329
0.68   0.570336902645   0.541009300913
0.776   0.570336844689   0.54183927459
0.872   0.570336835017   0.542254148278
0.968   0.570336833403   0.542465583943
1.064   0.570336833134   0.542574665708
1.16   0.570336833089   0.542631364563
1.256   0.570336833081   0.542660968239
1.352   0.57033683308   0.54267646607
1.448   0.57033683308   0.542684591979
1.544   0.57033683308   0.542688856449
1.64   0.57033683308   0.542691095602
1.736   0.57033683308   0.542692271667
1.832   0.57033683308   0.542692889474
1.928   0.57033683308   0.542693214049
2.024   0.57033683308   0.542693384579
2.12   0.57033683308   0.542693474177
2.216   0.57033683308   0.542693521254
2.312   0.57033683308   0.542693545989
2.408   0.57033683308   0.542693558985
2.504   0.57033683308   0.542693565814
2.6   0.57033683308   0.542693569402
2.696   0.57033683308   0.542693571287
2.792   0.57033683308   0.542693572278
2.888   0.57033683308   0.542693572798
2.984   0.57033683308   0.542693573072
3.08   0.57033683308   0.542693573216
3.176   0.57033683308   0.542693573291
3.272   0.57033683308   0.542693573331
3.368   0.57033683308   0.542693573352
3.464   0.57033683308   0.542693573363
3.56   0.57033683308   0.542693573368
3.656   0.57033683308   0.542693573371
3.752   0.57033683308   0.542693573373
3.848   0.57033683308   0.542693573374
3.944   0.57033683308   0.542693573374
4.04   0.57033683308   0.542693573374
4.136   0.57033683308   0.542693573375
4.232   0.57033683308   0.542693573375
4.328   0.57033683308   0.542693573375
4.424   0.57033683308   0.542693573375
4.52   0.57033683308   0.542693573375
4.616   0.57033683308   0.542693573375
4.712   0.57033683308   0.542693573375
4.808   0.57033683308   0.542693573375
4.904   0.57033683308   0.542693573375
5.0   0.57033683308   0.542693573375
5.096   0.57033683308   0.542693573375
5.192   0.57033683308   0.542693573375
5.288   0.57033683308   0.542693573375
5.384   0.57033683308   0.542693573375
5.48   0.57033683308   0.542693573375
5.576   0.57033683308   0.542693573375
5.672   0.57033683308   0.542693573375
5.768   0.57033683308   0.542693573375
5.864   0.57033683308   0.542693573375
5.96   0.57033683308   0.542693573375
6.056   0.57033683308   0.542693573375
6.152   0.57033683308   0.542693573375
6.248   0.57033683308   0.542693573375
6.344   0.57033683308   0.542693573375
6.44   0.57033683308   0.542693573375
6.536   0.57033683308   0.542693573375
6.632   0.57033683308   0.542693573375
6.728   0.57033683308   0.542693573375
6.824   0.57033683308   0.542693573375
6.92   0.57033683308   0.542693573375
7.016   0.57033683308   0.542693573375
7.112   0.57033683308   0.542693573375
7.208   0.57033683308   0.542693573375
7.304   0.57033683308   0.542693573375
7.4   0.57033683308   0.542693573375
7.496   0.57033683308   0.542693573375
7.592   0.57033683308   0.542693573375
7.688   0.57033683308   0.542693573375
7.784   0.57033683308   0.542693573375
7.88   0.57033683308   0.542693573375
7.976   0.57033683308   0.542693573375
8.072   0.57033683308   0.542693573375
8.168   0.57033683308   0.542693573375
8.264   0.57033683308   0.542693573375
8.36   0.57033683308   0.542693573375
8.456   0.57033683308   0.542693573375
8.552   0.57033683308   0.542693573375
8.648   0.57033683308   0.542693573375
8.744   0.57033683308   0.542693573375
8.84   0.57033683308   0.542693573375
8.936   0.57033683308   0.542693573375
9.032   0.57033683308   0.542693573375
9.128   0.57033683308   0.542693573375
9.224   0.57033683308   0.542693573375
9.32   0.57033683308   0.542693573375
9.416   0.57033683308   0.542693573375
9.512   0.57033683308   0.542693573375
9.608   0.57033683308   0.542693573375
9.704   0.57033683308   0.542693573375
