0.2   0.562331791573   0.413471464092
0.296   0.557860610186   0.45058532347
0.392   0.554055108104   0.476258033388
0.488   0.550906649707   0.494129747539
0.584   0.548390356859   0.50635404254
0.68   0.546464864553   0.514472673354
0.776   0.545068834212   0.519697142398
0.872   0.544118505259   0.522961719987
0.968   0.543512792689   0.524948037815
1.064   0.543149351477   0.526129542141
1.16   0.542941687143   0.526820380718
1.256   0.542826522793   0.527219794262
1.352   0.542764211478   0.527449336604
1.448   0.542730920587   0.527580769569
1.544   0.542713264457   0.527655926424
1.64   0.542703939284   0.527698881244
1.736   0.542699025589   0.527723428419
1.832   0.542696439756   0.527737456745
1.928   0.542695079923   0.527745474373
2.024   0.542694365093   0.527750057083
2.12   0.542693989406   0.527752676647
2.216   0.542693791981   0.527754174118
2.312   0.54269368824   0.527755030176
2.408   0.542693633729   0.527755519571
2.504   0.542693605087   0.527755799355
2.6   0.542693590037   0.527755959308
2.696   0.54269358213   0.527756050754
2.792   0.542693577975   0.527756103034
2.888   0.542693575792   0.527756132922
2.984   0.542693574645   0.52775615001
3.08   0.542693574042   0.527756159779
3.176   0.542693573725   0.527756165365
3.272   0.542693573559   0.527756168558
3.368   0.542693573471   0.527756170383
3.464   0.542693573426   0.527756171427
3.56   0.542693573401   0.527756172024
3.656   0.542693573389   0.527756172365
3.752   0.542693573382   0.52775617256
3.848   0.542693573379   0.527756172671
3.944   0.542693573377   0.527756172735
4.04   0.542693573376   0.527756172771
4.136   0.542693573375   0.527756172792
4.232   0.542693573375   0.527756172804
4.328   0.542693573375   0.527756172811
4.424   0.542693573375   0.527756172815
4.52   0.542693573375   0.527756172817
4.616   0.542693573375   0.527756172818
4.712   0.542693573375   0.527756172819
4.808   0.542693573375   0.527756172819
4.904   0.542693573375   0.52775617282
5.0   0.542693573375   0.52775617282
5.096   0.542693573375   0.52775617282
5.192   0.542693573375   0.52775617282
5.288   0.542693573375   0.52775617282
5.384   0.542693573375   0.52775617282
5.48   0.542693573375   0.52775617282
5.576   0.542693573375   0.52775617282
5.672   0.542693573375   0.52775617282
5.768   0.542693573375   0.52775617282
5.864   0.542693573375   0.52775617282
5.96   0.542693573375   0.52775617282
6.056   0.542693573375   0.52775617282
6.152   0.542693573375   0.52775617282
6.248   0.542693573375   0.52775617282
6.344   0.542693573375   0.52775617282
6.44   0.542693573375   0.52775617282
6.536   0.542693573375   0.52775617282
6.632   0.542693573375   0.52775617282
6.728   0.542693573375   0.52775617282
6.824   0.542693573375   0.52775617282
6.92   0.542693573375   0.52775617282
7.016   0.542693573375   0.52775617282
7.112   0.542693573375   0.52775617282
7.208   0.542693573375   0.52775617282
7.304   0.542693573375   0.52775617282
7.4   0.542693573375   0.52775617282
7.496   0.542693573375   0.52775617282
7.592   0.542693573375   0.52775617282
7.688   0.542693573375   0.52775617282
7.784   0.542693573375   0.52775617282
7.88   0.542693573375   0.52775617282
7.976   0.542693573375   0.52775617282
8.072   0.542693573375   0.52775617282
8.168   0.542693573375   0.52775617282
8.264   0.542693573375   0.52775617282
8.36   0.542693573375   0.52775617282
8.456   0.542693573375   0.52775617282
8.552   0.542693573375   0.52775617282
8.648   0.542693573375   0.52775617282
8.744   0.542693573375   0.52775617282
8.84   0.542693573375   0.52775617282
8.936   0.542693573375   0.52775617282
9.032   0.542693573375   0.52775617282
9.128   0.542693573375   0.52775617282
9.224   0.542693573375   0.52775617282
9.32   0.542693573375   0.52775617282
9.416   0.542693573375   0.52775617282
9.512   0.542693573375   0.52775617282
9.608   0.542693573375   0.52775617282
9.704   0.542693573375   0.52775617282
