0.2   0.565548596079   0.439278497114
0.296   0.56251756955   0.479487429968
0.392   0.560057118609   0.505243827457
0.488   0.558157067457   0.521466547016
0.584   0.556785569461   0.531118104603
0.68   0.555877798059   0.536533179871
0.776   0.55533353598   0.539457258863
0.872   0.555036502823   0.54100329521
0.968   0.554886177462   0.541812035018
1.064   0.554813248308   0.542233375137
1.16   0.554779022996   0.542453004534
1.256   0.554763188057   0.54256761021
1.352   0.554755914773   0.542627538247
1.448   0.554752586082   0.542658925979
1.544   0.554751065371   0.542675384523
1.64   0.554750371231   0.54268402144
1.736   0.554750054517   0.542688556068
1.832   0.554749910039   0.542690937612
1.928   0.554749844138   0.542692188612
2.024   0.554749814079   0.542692845823
2.12   0.55474980037   0.54269319111
2.216   0.554749794117   0.542693372525
2.312   0.554749791265   0.542693467844
2.408   0.554749789964   0.542693517926
2.504   0.554749789371   0.54269354424
2.6   0.5547497891   0.542693558067
2.696   0.554749788977   0.542693565331
2.792   0.55474978892   0.542693569148
2.888   0.554749788895   0.542693571154
2.984   0.554749788883   0.542693572208
3.08   0.554749788878   0.542693572762
3.176   0.554749788875   0.542693573053
3.272   0.554749788874   0.542693573205
3.368   0.554749788873   0.542693573286
3.464   0.554749788873   0.542693573328
3.56   0.554749788873   0.54269357335
3.656   0.554749788873   0.542693573362
3.752   0.554749788873   0.542693573368
3.848   0.554749788873   0.542693573371
3.944   0.554749788873   0.542693573373
4.04   0.554749788873   0.542693573374
4.136   0.554749788873   0.542693573374
4.232   0.554749788873   0.542693573374
4.328   0.554749788873   0.542693573375
4.424   0.554749788873   0.542693573375
4.52   0.554749788873   0.542693573375
4.616   0.554749788873   0.542693573375
4.712   0.554749788873   0.542693573375
4.808   0.554749788873   0.542693573375
4.904   0.554749788873   0.542693573375
5.0   0.554749788873   0.542693573375
5.096   0.554749788873   0.542693573375
5.192   0.554749788873   0.542693573375
5.288   0.554749788873   0.542693573375
5.384   0.554749788873   0.542693573375
5.48   0.554749788873   0.542693573375
5.576   0.554749788873   0.542693573375
5.672   0.554749788873   0.542693573375
5.768   0.554749788873   0.542693573375
5.864   0.554749788873   0.542693573375
5.96   0.554749788873   0.542693573375
6.056   0.554749788873   0.542693573375
6.152   0.554749788873   0.542693573375
6.248   0.554749788873   0.542693573375
6.344   0.554749788873   0.542693573375
6.44   0.554749788873   0.542693573375
6.536   0.554749788873   0.542693573375
6.632   0.554749788873   0.542693573375
6.728   0.554749788873   0.542693573375
6.824   0.554749788873   0.542693573375
6.92   0.554749788873   0.542693573375
7.016   0.554749788873   0.542693573375
7.112   0.554749788873   0.542693573375
7.208   0.554749788873   0.542693573375
7.304   0.554749788873   0.542693573375
7.4   0.554749788873   0.542693573375
7.496   0.554749788873   0.542693573375
7.592   0.554749788873   0.542693573375
7.688   0.554749788873   0.542693573375
7.784   0.554749788873   0.542693573375
7.88   0.554749788873   0.542693573375
7.976   0.554749788873   0.542693573375
8.072   0.554749788873   0.542693573375
8.168   0.554749788873   0.542693573375
8.264   0.554749788873   0.542693573375
8.36   0.554749788873   0.542693573375
8.456   0.554749788873   0.542693573375
8.552   0.554749788873   0.542693573375
8.648   0.554749788873   0.542693573375
8.744   0.554749788873   0.542693573375
8.84   0.554749788873   0.542693573375
8.936   0.554749788873   0.542693573375
9.032   0.554749788873   0.542693573375
9.128   0.554749788873   0.542693573375
9.224   0.554749788873   0.542693573375
9.32   0.554749788873   0.542693573375
9.416   0.554749788873   0.542693573375
9.512   0.554749788873   0.542693573375
9.608   0.554749788873   0.542693573375
9.704   0.554749788873   0.542693573375
