0.2   0.562442931077   0.392027405576
0.296   0.557976074889   0.437603327602
0.392   0.554154984451   0.467941986779
0.488   0.550980933515   0.488575566742
0.584   0.548437684412   0.50247431669
0.68   0.546490030639   0.511602625745
0.776   0.545079410807   0.517425738931
0.872   0.544121523694   0.521040358322
0.968   0.543512887942   0.523230339034
1.064   0.543148736161   0.524530737577
1.16   0.542941092821   0.525291516634
1.256   0.542826133275   0.525732387831
1.352   0.542763983052   0.525986662235
1.448   0.542730793544   0.52613292802
1.544   0.542713195683   0.526216915109
1.64   0.542703902574   0.526265185434
1.736   0.542699006139   0.526292917768
1.832   0.542696429491   0.526308852957
1.928   0.542695074517   0.526318010827
2.024   0.542694362249   0.526323274479
2.12   0.54269398791   0.52632630015
2.216   0.542693791195   0.526328039497
2.312   0.542693687827   0.526329039431
2.408   0.542693633512   0.526329614301
2.504   0.542693604973   0.526329944806
2.6   0.542693589977   0.526330134823
2.696   0.542693582098   0.52633024407
2.792   0.542693577958   0.52633030688
2.888   0.542693575783   0.526330342992
2.984   0.54269357464   0.526330363754
3.08   0.54269357404   0.526330375691
3.176   0.542693573724   0.526330382554
3.272   0.542693573558   0.5263303865
3.368   0.542693573471   0.526330388768
3.464   0.542693573425   0.526330390073
3.56   0.542693573401   0.526330390823
3.656   0.542693573389   0.526330391254
3.752   0.542693573382   0.526330391502
3.848   0.542693573379   0.526330391644
3.944   0.542693573377   0.526330391726
4.04   0.542693573376   0.526330391773
4.136   0.542693573375   0.5263303918
4.232   0.542693573375   0.526330391816
4.328   0.542693573375   0.526330391825
4.424   0.542693573375   0.52633039183
4.52   0.542693573375   0.526330391833
4.616   0.542693573375   0.526330391835
4.712   0.542693573375   0.526330391836
4.808   0.542693573375   0.526330391836
4.904   0.542693573375   0.526330391837
5.0   0.542693573375   0.526330391837
5.096   0.542693573375   0.526330391837
5.192   0.542693573375   0.526330391837
5.288   0.542693573375   0.526330391837
5.384   0.542693573375   0.526330391837
5.48   0.542693573375   0.526330391837
5.576   0.542693573375   0.526330391837
5.672   0.542693573375   0.526330391837
5.768   0.542693573375   0.526330391837
5.864   0.542693573375   0.526330391837
5.96   0.542693573375   0.526330391837
6.056   0.542693573375   0.526330391837
6.152   0.542693573375   0.526330391837
6.248   0.542693573375   0.526330391837
6.344   0.542693573375   0.526330391837
6.44   0.542693573375   0.526330391837
6.536   0.542693573375   0.526330391837
6.632   0.542693573375   0.526330391837
6.728   0.542693573375   0.526330391837
6.824   0.542693573375   0.526330391837
6.92   0.542693573375   0.526330391837
7.016   0.542693573375   0.526330391837
7.112   0.542693573375   0.526330391837
7.208   0.542693573375   0.526330391837
7.304   0.542693573375   0.526330391837
7.4   0.542693573375   0.526330391837
7.496   0.542693573375   0.526330391837
7.592   0.542693573375   0.526330391837
7.688   0.542693573375   0.526330391837
7.784   0.542693573375   0.526330391837
7.88   0.542693573375   0.526330391837
7.976   0.542693573375   0.526330391837
8.072   0.542693573375   0.526330391837
8.168   0.542693573375   0.526330391837
8.264   0.542693573375   0.526330391837
8.36   0.542693573375   0.526330391837
8.456   0.542693573375   0.526330391837
8.552   0.542693573375   0.526330391837
8.648   0.542693573375   0.526330391837
8.744   0.542693573375   0.526330391837
8.84   0.542693573375   0.526330391837
8.936   0.542693573375   0.526330391837
9.032   0.542693573375   0.526330391837
9.128   0.542693573375   0.526330391837
9.224   0.542693573375   0.526330391837
9.32   0.542693573375   0.526330391837
9.416   0.542693573375   0.526330391837
9.512   0.542693573375   0.526330391837
9.608   0.542693573375   0.526330391837
9.704   0.542693573375   0.526330391837
