0.2   0.564759414663   0.441157129697
0.296   0.561335363226   0.47786406542
0.392   0.558461893168   0.502262187041
0.488   0.556118354644   0.518307095875
0.584   0.554273698387   0.528430206529
0.68   0.552886660434   0.534542511366
0.776   0.551904329539   0.538125202518
0.872   0.551258413362   0.540181493961
0.968   0.550866693719   0.541335995752
1.064   0.550646354192   0.541969452506
1.16   0.550529608338   0.542310347058
1.256   0.550469683053   0.542491697503
1.352   0.550439778938   0.54258740919
1.448   0.550425035344   0.542637783168
1.544   0.550417812827   0.542664262565
1.64   0.5504142865   0.542678175007
1.736   0.550412567756   0.542685483724
1.832   0.550411730766   0.542689323262
1.928   0.550411323352   0.542691340393
2.024   0.550411125082   0.542692400151
2.12   0.550411028605   0.542692956945
2.216   0.550410981662   0.542693249489
2.312   0.550410958822   0.542693403197
2.408   0.550410947709   0.542693483959
2.504   0.550410942302   0.542693526393
2.6   0.550410939671   0.542693548689
2.696   0.550410938391   0.542693560404
2.792   0.550410937768   0.54269356656
2.888   0.550410937465   0.542693569794
2.984   0.550410937318   0.542693571493
3.08   0.550410937246   0.542693572386
3.176   0.550410937211   0.542693572855
3.272   0.550410937194   0.542693573102
3.368   0.550410937186   0.542693573231
3.464   0.550410937182   0.542693573299
3.56   0.55041093718   0.542693573335
3.656   0.550410937179   0.542693573354
3.752   0.550410937179   0.542693573364
3.848   0.550410937178   0.542693573369
3.944   0.550410937178   0.542693573372
4.04   0.550410937178   0.542693573373
4.136   0.550410937178   0.542693573374
4.232   0.550410937178   0.542693573374
4.328   0.550410937178   0.542693573374
4.424   0.550410937178   0.542693573375
4.52   0.550410937178   0.542693573375
4.616   0.550410937178   0.542693573375
4.712   0.550410937178   0.542693573375
4.808   0.550410937178   0.542693573375
4.904   0.550410937178   0.542693573375
5.0   0.550410937178   0.542693573375
5.096   0.550410937178   0.542693573375
5.192   0.550410937178   0.542693573375
5.288   0.550410937178   0.542693573375
5.384   0.550410937178   0.542693573375
5.48   0.550410937178   0.542693573375
5.576   0.550410937178   0.542693573375
5.672   0.550410937178   0.542693573375
5.768   0.550410937178   0.542693573375
5.864   0.550410937178   0.542693573375
5.96   0.550410937178   0.542693573375
6.056   0.550410937178   0.542693573375
6.152   0.550410937178   0.542693573375
6.248   0.550410937178   0.542693573375
6.344   0.550410937178   0.542693573375
6.44   0.550410937178   0.542693573375
6.536   0.550410937178   0.542693573375
6.632   0.550410937178   0.542693573375
6.728   0.550410937178   0.542693573375
6.824   0.550410937178   0.542693573375
6.92   0.550410937178   0.542693573375
7.016   0.550410937178   0.542693573375
7.112   0.550410937178   0.542693573375
7.208   0.550410937178   0.542693573375
7.304   0.550410937178   0.542693573375
7.4   0.550410937178   0.542693573375
7.496   0.550410937178   0.542693573375
7.592   0.550410937178   0.542693573375
7.688   0.550410937178   0.542693573375
7.784   0.550410937178   0.542693573375
7.88   0.550410937178   0.542693573375
7.976   0.550410937178   0.542693573375
8.072   0.550410937178   0.542693573375
8.168   0.550410937178   0.542693573375
8.264   0.550410937178   0.542693573375
8.36   0.550410937178   0.542693573375
8.456   0.550410937178   0.542693573375
8.552   0.550410937178   0.542693573375
8.648   0.550410937178   0.542693573375
8.744   0.550410937178   0.542693573375
8.84   0.550410937178   0.542693573375
8.936   0.550410937178   0.542693573375
9.032   0.550410937178   0.542693573375
9.128   0.550410937178   0.542693573375
9.224   0.550410937178   0.542693573375
9.32   0.550410937178   0.542693573375
9.416   0.550410937178   0.542693573375
9.512   0.550410937178   0.542693573375
9.608   0.550410937178   0.542693573375
9.704   0.550410937178   0.542693573375
