0.2   0.562279883215   0.385947529654
0.296   0.557753909764   0.432793810708
0.392   0.553894296601   0.463866773913
0.488   0.5507064806   0.484972742992
0.584   0.54817583819   0.499191270128
0.68   0.546264102252   0.508533938206
0.776   0.544903881938   0.514492205221
0.872   0.543998531091   0.518186671519
0.968   0.543434260164   0.52042342502
1.064   0.543101934229   0.521753076298
1.16   0.542914516808   0.522533793319
1.256   0.542811565636   0.522988895104
1.352   0.542756143207   0.523253331272
1.448   0.542726618918   0.523406707025
1.544   0.542710986014   0.523495654374
1.64   0.542702736861   0.523547236751
1.736   0.542698392291   0.523577159911
1.832   0.542696106571   0.523594522996
1.928   0.542694904735   0.523604600222
2.024   0.542694273009   0.523610449834
2.12   0.542693941012   0.523613845812
2.216   0.54269376655   0.523615817501
2.312   0.542693674877   0.523616962319
2.408   0.542693626708   0.523617627057
2.504   0.542693601398   0.523618013046
2.6   0.542693588099   0.523618237179
2.696   0.542693581111   0.523618367328
2.792   0.54269357744   0.523618442903
2.888   0.542693575511   0.523618486789
2.984   0.542693574497   0.523618512272
3.08   0.542693573964   0.52361852707
3.176   0.542693573684   0.523618535663
3.272   0.542693573537   0.523618540653
3.368   0.54269357346   0.523618543551
3.464   0.54269357342   0.523618545233
3.56   0.542693573398   0.52361854621
3.656   0.542693573387   0.523618546778
3.752   0.542693573381   0.523618547107
3.848   0.542693573378   0.523618547298
3.944   0.542693573376   0.523618547409
4.04   0.542693573376   0.523618547474
4.136   0.542693573375   0.523618547511
4.232   0.542693573375   0.523618547533
4.328   0.542693573375   0.523618547546
4.424   0.542693573375   0.523618547553
4.52   0.542693573375   0.523618547557
4.616   0.542693573375   0.52361854756
4.712   0.542693573375   0.523618547561
4.808   0.542693573375   0.523618547562
4.904   0.542693573375   0.523618547563
5.0   0.542693573375   0.523618547563
5.096   0.542693573375   0.523618547563
5.192   0.542693573375   0.523618547563
5.288   0.542693573375   0.523618547563
5.384   0.542693573375   0.523618547563
5.48   0.542693573375   0.523618547563
5.576   0.542693573375   0.523618547563
5.672   0.542693573375   0.523618547563
5.768   0.542693573375   0.523618547563
5.864   0.542693573375   0.523618547563
5.96   0.542693573375   0.523618547563
6.056   0.542693573375   0.523618547563
6.152   0.542693573375   0.523618547563
6.248   0.542693573375   0.523618547563
6.344   0.542693573375   0.523618547563
6.44   0.542693573375   0.523618547563
6.536   0.542693573375   0.523618547563
6.632   0.542693573375   0.523618547563
6.728   0.542693573375   0.523618547563
6.824   0.542693573375   0.523618547563
6.92   0.542693573375   0.523618547563
7.016   0.542693573375   0.523618547563
7.112   0.542693573375   0.523618547563
7.208   0.542693573375   0.523618547563
7.304   0.542693573375   0.523618547563
7.4   0.542693573375   0.523618547563
7.496   0.542693573375   0.523618547563
7.592   0.542693573375   0.523618547563
7.688   0.542693573375   0.523618547563
7.784   0.542693573375   0.523618547563
7.88   0.542693573375   0.523618547563
7.976   0.542693573375   0.523618547563
8.072   0.542693573375   0.523618547563
8.168   0.542693573375   0.523618547563
8.264   0.542693573375   0.523618547563
8.36   0.542693573375   0.523618547563
8.456   0.542693573375   0.523618547563
8.552   0.542693573375   0.523618547563
8.648   0.542693573375   0.523618547563
8.744   0.542693573375   0.523618547563
8.84   0.542693573375   0.523618547563
8.936   0.542693573375   0.523618547563
9.032   0.542693573375   0.523618547563
9.128   0.542693573375   0.523618547563
9.224   0.542693573375   0.523618547563
9.32   0.542693573375   0.523618547563
9.416   0.542693573375   0.523618547563
9.512   0.542693573375   0.523618547563
9.608   0.542693573375   0.523618547563
9.704   0.542693573375   0.523618547563
