0.2   0.567599766695   0.460809483806
0.296   0.56577412349   0.496400466281
0.392   0.564617293952   0.5180194419
0.488   0.563996081947   0.53024777148
0.584   0.563712751565   0.536546444555
0.68   0.563598705146   0.539636459315
0.776   0.563555560878   0.541149926923
0.872   0.563539909962   0.541903470936
0.968   0.563534308072   0.54228523088
1.064   0.563532314164   0.542481170638
1.16   0.563531606057   0.542582643026
1.256   0.563531354806   0.542635495034
1.352   0.563531265688   0.542663120887
1.448   0.563531234082   0.542677592038
1.544   0.563531222874   0.542685182122
1.64   0.563531218899   0.542689166101
1.736   0.563531217489   0.54269125818
1.832   0.563531216989   0.542692357055
1.928   0.563531216812   0.542692934329
2.024   0.563531216749   0.542693237614
2.12   0.563531216727   0.54269339696
2.216   0.563531216719   0.542693480682
2.312   0.563531216716   0.542693524672
2.408   0.563531216715   0.542693547785
2.504   0.563531216715   0.542693559929
2.6   0.563531216715   0.54269356631
2.696   0.563531216715   0.542693569663
2.792   0.563531216715   0.542693571424
2.888   0.563531216715   0.54269357235
2.984   0.563531216715   0.542693572836
3.08   0.563531216715   0.542693573092
3.176   0.563531216715   0.542693573226
3.272   0.563531216715   0.542693573297
3.368   0.563531216715   0.542693573334
3.464   0.563531216715   0.542693573353
3.56   0.563531216715   0.542693573363
3.656   0.563531216715   0.542693573369
3.752   0.563531216715   0.542693573372
3.848   0.563531216715   0.542693573373
3.944   0.563531216715   0.542693573374
4.04   0.563531216715   0.542693573374
4.136   0.563531216715   0.542693573374
4.232   0.563531216715   0.542693573375
4.328   0.563531216715   0.542693573375
4.424   0.563531216715   0.542693573375
4.52   0.563531216715   0.542693573375
4.616   0.563531216715   0.542693573375
4.712   0.563531216715   0.542693573375
4.808   0.563531216715   0.542693573375
4.904   0.563531216715   0.542693573375
5.0   0.563531216715   0.542693573375
5.096   0.563531216715   0.542693573375
5.192   0.563531216715   0.542693573375
5.288   0.563531216715   0.542693573375
5.384   0.563531216715   0.542693573375
5.48   0.563531216715   0.542693573375
5.576   0.563531216715   0.542693573375
5.672   0.563531216715   0.542693573375
5.768   0.563531216715   0.542693573375
5.864   0.563531216715   0.542693573375
5.96   0.563531216715   0.542693573375
6.056   0.563531216715   0.542693573375
6.152   0.563531216715   0.542693573375
6.248   0.563531216715   0.542693573375
6.344   0.563531216715   0.542693573375
6.44   0.563531216715   0.542693573375
6.536   0.563531216715   0.542693573375
6.632   0.563531216715   0.542693573375
6.728   0.563531216715   0.542693573375
6.824   0.563531216715   0.542693573375
6.92   0.563531216715   0.542693573375
7.016   0.563531216715   0.542693573375
7.112   0.563531216715   0.542693573375
7.208   0.563531216715   0.542693573375
7.304   0.563531216715   0.542693573375
7.4   0.563531216715   0.542693573375
7.496   0.563531216715   0.542693573375
7.592   0.563531216715   0.542693573375
7.688   0.563531216715   0.542693573375
7.784   0.563531216715   0.542693573375
7.88   0.563531216715   0.542693573375
7.976   0.563531216715   0.542693573375
8.072   0.563531216715   0.542693573375
8.168   0.563531216715   0.542693573375
8.264   0.563531216715   0.542693573375
8.36   0.563531216715   0.542693573375
8.456   0.563531216715   0.542693573375
8.552   0.563531216715   0.542693573375
8.648   0.563531216715   0.542693573375
8.744   0.563531216715   0.542693573375
8.84   0.563531216715   0.542693573375
8.936   0.563531216715   0.542693573375
9.032   0.563531216715   0.542693573375
9.128   0.563531216715   0.542693573375
9.224   0.563531216715   0.542693573375
9.32   0.563531216715   0.542693573375
9.416   0.563531216715   0.542693573375
9.512   0.563531216715   0.542693573375
9.608   0.563531216715   0.542693573375
9.704   0.563531216715   0.542693573375
