0.2   0.56136339343   0.370112239029
0.296   0.556568500362   0.416184817739
0.392   0.552583561316   0.447079691805
0.488   0.549417533074   0.468252158615
0.584   0.547037658303   0.48264674819
0.68   0.545360454022   0.49219949293
0.776   0.544256927863   0.498356010121
0.872   0.543576407512   0.5022212628
0.968   0.543178765377   0.504602298937
1.064   0.54295556822   0.506052111786
1.16   0.542833374266   0.506929599588
1.256   0.542767679653   0.507459622523
1.352   0.542732705158   0.507779501932
1.448   0.54271419161   0.507972636525
1.544   0.54270442355   0.508089322267
1.64   0.542699279252   0.508159865654
1.736   0.542696572825   0.508202536584
1.832   0.542695149784   0.508228358757
1.928   0.542694401785   0.508243989892
2.024   0.54269400868   0.508253454148
2.12   0.542693802107   0.508259185424
2.216   0.54269369356   0.508262656493
2.312   0.542693636525   0.508264758855
2.408   0.542693606556   0.508266032279
2.504   0.542693590809   0.508266803631
2.6   0.542693582535   0.508267270874
2.696   0.542693578188   0.508267553907
2.792   0.542693575904   0.508267725357
2.888   0.542693574703   0.508267829214
2.984   0.542693574073   0.508267892128
3.08   0.542693573742   0.508267930239
3.176   0.542693573567   0.508267953325
3.272   0.542693573476   0.50826796731
3.368   0.542693573428   0.508267975781
3.464   0.542693573403   0.508267980913
3.56   0.542693573389   0.508267984022
3.656   0.542693573382   0.508267985905
3.752   0.542693573379   0.508267987046
3.848   0.542693573377   0.508267987737
3.944   0.542693573376   0.508267988155
4.04   0.542693573375   0.508267988409
4.136   0.542693573375   0.508267988562
4.232   0.542693573375   0.508267988655
4.328   0.542693573375   0.508267988712
4.424   0.542693573375   0.508267988746
4.52   0.542693573375   0.508267988767
4.616   0.542693573375   0.508267988779
4.712   0.542693573375   0.508267988787
4.808   0.542693573375   0.508267988791
4.904   0.542693573375   0.508267988794
5.0   0.542693573375   0.508267988796
5.096   0.542693573375   0.508267988797
5.192   0.542693573375   0.508267988798
5.288   0.542693573375   0.508267988798
5.384   0.542693573375   0.508267988798
5.48   0.542693573375   0.508267988798
5.576   0.542693573375   0.508267988798
5.672   0.542693573375   0.508267988798
5.768   0.542693573375   0.508267988798
5.864   0.542693573375   0.508267988798
5.96   0.542693573375   0.508267988798
6.056   0.542693573375   0.508267988798
6.152   0.542693573375   0.508267988798
6.248   0.542693573375   0.508267988798
6.344   0.542693573375   0.508267988798
6.44   0.542693573375   0.508267988798
6.536   0.542693573375   0.508267988798
6.632   0.542693573375   0.508267988798
6.728   0.542693573375   0.508267988798
6.824   0.542693573375   0.508267988798
6.92   0.542693573375   0.508267988798
7.016   0.542693573375   0.508267988798
7.112   0.542693573375   0.508267988798
7.208   0.542693573375   0.508267988798
7.304   0.542693573375   0.508267988798
7.4   0.542693573375   0.508267988798
7.496   0.542693573375   0.508267988798
7.592   0.542693573375   0.508267988798
7.688   0.542693573375   0.508267988798
7.784   0.542693573375   0.508267988798
7.88   0.542693573375   0.508267988798
7.976   0.542693573375   0.508267988798
8.072   0.542693573375   0.508267988798
8.168   0.542693573375   0.508267988798
8.264   0.542693573375   0.508267988798
8.36   0.542693573375   0.508267988798
8.456   0.542693573375   0.508267988798
8.552   0.542693573375   0.508267988798
8.648   0.542693573375   0.508267988798
8.744   0.542693573375   0.508267988798
8.84   0.542693573375   0.508267988798
8.936   0.542693573375   0.508267988798
9.032   0.542693573375   0.508267988798
9.128   0.542693573375   0.508267988798
9.224   0.542693573375   0.508267988798
9.32   0.542693573375   0.508267988798
9.416   0.542693573375   0.508267988798
9.512   0.542693573375   0.508267988798
9.608   0.542693573375   0.508267988798
9.704   0.542693573375   0.508267988798
