0.2   0.567300310264   0.454684824625
0.296   0.565286010698   0.492624070464
0.392   0.563935192596   0.515717036929
0.488   0.563151818654   0.528950263803
0.584   0.562763205825   0.535870111362
0.68   0.562594159172   0.539295563599
0.776   0.562525779512   0.540978396738
0.872   0.562499553505   0.541816317147
0.968   0.562489678533   0.54224051659
1.064   0.562485990322   0.542458036562
1.16   0.562484617539   0.542570604732
1.256   0.562484107302   0.542629207058
1.352   0.562483917767   0.542659828704
1.448   0.562483847378   0.542675865855
1.544   0.562483821239   0.542684276246
1.64   0.562483811533   0.542688690465
1.736   0.562483807929   0.542691008368
1.832   0.56248380659   0.542692225827
1.928   0.562483806093   0.542692865387
2.024   0.562483805909   0.542693201393
2.12   0.56248380584   0.542693377929
2.216   0.562483805815   0.542693470683
2.312   0.562483805806   0.542693519418
2.408   0.562483805802   0.542693545024
2.504   0.562483805801   0.542693558478
2.6   0.5624838058   0.542693565548
2.696   0.5624838058   0.542693569262
2.792   0.5624838058   0.542693571214
2.888   0.5624838058   0.542693572239
2.984   0.5624838058   0.542693572778
3.08   0.5624838058   0.542693573061
3.176   0.5624838058   0.54269357321
3.272   0.5624838058   0.542693573288
3.368   0.5624838058   0.542693573329
3.464   0.5624838058   0.542693573351
3.56   0.5624838058   0.542693573362
3.656   0.5624838058   0.542693573368
3.752   0.5624838058   0.542693573371
3.848   0.5624838058   0.542693573373
3.944   0.5624838058   0.542693573374
4.04   0.5624838058   0.542693573374
4.136   0.5624838058   0.542693573374
4.232   0.5624838058   0.542693573375
4.328   0.5624838058   0.542693573375
4.424   0.5624838058   0.542693573375
4.52   0.5624838058   0.542693573375
4.616   0.5624838058   0.542693573375
4.712   0.5624838058   0.542693573375
4.808   0.5624838058   0.542693573375
4.904   0.5624838058   0.542693573375
5.0   0.5624838058   0.542693573375
5.096   0.5624838058   0.542693573375
5.192   0.5624838058   0.542693573375
5.288   0.5624838058   0.542693573375
5.384   0.5624838058   0.542693573375
5.48   0.5624838058   0.542693573375
5.576   0.5624838058   0.542693573375
5.672   0.5624838058   0.542693573375
5.768   0.5624838058   0.542693573375
5.864   0.5624838058   0.542693573375
5.96   0.5624838058   0.542693573375
6.056   0.5624838058   0.542693573375
6.152   0.5624838058   0.542693573375
6.248   0.5624838058   0.542693573375
6.344   0.5624838058   0.542693573375
6.44   0.5624838058   0.542693573375
6.536   0.5624838058   0.542693573375
6.632   0.5624838058   0.542693573375
6.728   0.5624838058   0.542693573375
6.824   0.5624838058   0.542693573375
6.92   0.5624838058   0.542693573375
7.016   0.5624838058   0.542693573375
7.112   0.5624838058   0.542693573375
7.208   0.5624838058   0.542693573375
7.304   0.5624838058   0.542693573375
7.4   0.5624838058   0.542693573375
7.496   0.5624838058   0.542693573375
7.592   0.5624838058   0.542693573375
7.688   0.5624838058   0.542693573375
7.784   0.5624838058   0.542693573375
7.88   0.5624838058   0.542693573375
7.976   0.5624838058   0.542693573375
8.072   0.5624838058   0.542693573375
8.168   0.5624838058   0.542693573375
8.264   0.5624838058   0.542693573375
8.36   0.5624838058   0.542693573375
8.456   0.5624838058   0.542693573375
8.552   0.5624838058   0.542693573375
8.648   0.5624838058   0.542693573375
8.744   0.5624838058   0.542693573375
8.84   0.5624838058   0.542693573375
8.936   0.5624838058   0.542693573375
9.032   0.5624838058   0.542693573375
9.128   0.5624838058   0.542693573375
9.224   0.5624838058   0.542693573375
9.32   0.5624838058   0.542693573375
9.416   0.5624838058   0.542693573375
9.512   0.5624838058   0.542693573375
9.608   0.5624838058   0.542693573375
9.704   0.5624838058   0.542693573375
