0.2   0.56397448472   0.418629623243
0.296   0.560133403549   0.46172257302
0.392   0.556823630267   0.490049111785
0.488   0.554022647229   0.508879057591
0.584   0.551693729586   0.521141724486
0.68   0.549790414986   0.528921952891
0.776   0.548260524408   0.533805554824
0.872   0.547050290823   0.536894810499
0.968   0.546107690478   0.538883799558
1.064   0.545384901283   0.540188826636
1.16   0.544839827691   0.541058001688
1.256   0.544436733267   0.541641374819
1.352   0.544146272978   0.542032495487
1.448   0.543943618737   0.542290839829
1.544   0.543808615858   0.542456669429
1.64   0.543723423671   0.542558731218
1.736   0.543673952333   0.542618678203
1.832   0.54364441091   0.542652720118
1.928   0.543628137149   0.542671582113
2.024   0.543619400338   0.54268184568
2.12   0.543614772075   0.54268735766
2.216   0.543612338052   0.542690291539
2.312   0.543611062982   0.542691844423
2.408   0.543610396421   0.542692663641
2.504   0.543610048349   0.542693095013
2.6   0.543609866695   0.54269332193
2.696   0.54360977192   0.54269344123
2.792   0.543609722482   0.542693503934
2.888   0.543609696694   0.542693536887
2.984   0.543609683244   0.542693554202
3.08   0.543609676229   0.542693563301
3.176   0.543609672571   0.542693568081
3.272   0.543609670662   0.542693570593
3.368   0.543609669667   0.542693571913
3.464   0.543609669148   0.542693572607
3.56   0.543609668877   0.542693572971
3.656   0.543609668736   0.542693573163
3.752   0.543609668662   0.542693573263
3.848   0.543609668624   0.542693573316
3.944   0.543609668604   0.542693573344
4.04   0.543609668594   0.542693573358
4.136   0.543609668588   0.542693573366
4.232   0.543609668585   0.54269357337
4.328   0.543609668584   0.542693573372
4.424   0.543609668583   0.542693573373
4.52   0.543609668583   0.542693573374
4.616   0.543609668582   0.542693573374
4.712   0.543609668582   0.542693573374
4.808   0.543609668582   0.542693573375
4.904   0.543609668582   0.542693573375
5.0   0.543609668582   0.542693573375
5.096   0.543609668582   0.542693573375
5.192   0.543609668582   0.542693573375
5.288   0.543609668582   0.542693573375
5.384   0.543609668582   0.542693573375
5.48   0.543609668582   0.542693573375
5.576   0.543609668582   0.542693573375
5.672   0.543609668582   0.542693573375
5.768   0.543609668582   0.542693573375
5.864   0.543609668582   0.542693573375
5.96   0.543609668582   0.542693573375
6.056   0.543609668582   0.542693573375
6.152   0.543609668582   0.542693573375
6.248   0.543609668582   0.542693573375
6.344   0.543609668582   0.542693573375
6.44   0.543609668582   0.542693573375
6.536   0.543609668582   0.542693573375
6.632   0.543609668582   0.542693573375
6.728   0.543609668582   0.542693573375
6.824   0.543609668582   0.542693573375
6.92   0.543609668582   0.542693573375
7.016   0.543609668582   0.542693573375
7.112   0.543609668582   0.542693573375
7.208   0.543609668582   0.542693573375
7.304   0.543609668582   0.542693573375
7.4   0.543609668582   0.542693573375
7.496   0.543609668582   0.542693573375
7.592   0.543609668582   0.542693573375
7.688   0.543609668582   0.542693573375
7.784   0.543609668582   0.542693573375
7.88   0.543609668582   0.542693573375
7.976   0.543609668582   0.542693573375
8.072   0.543609668582   0.542693573375
8.168   0.543609668582   0.542693573375
8.264   0.543609668582   0.542693573375
8.36   0.543609668582   0.542693573375
8.456   0.543609668582   0.542693573375
8.552   0.543609668582   0.542693573375
8.648   0.543609668582   0.542693573375
8.744   0.543609668582   0.542693573375
8.84   0.543609668582   0.542693573375
8.936   0.543609668582   0.542693573375
9.032   0.543609668582   0.542693573375
9.128   0.543609668582   0.542693573375
9.224   0.543609668582   0.542693573375
9.32   0.543609668582   0.542693573375
9.416   0.543609668582   0.542693573375
9.512   0.543609668582   0.542693573375
9.608   0.543609668582   0.542693573375
9.704   0.543609668582   0.542693573375
