0.2   0.563161399746   0.401678531942
0.296   0.558959763812   0.44767583523
0.392   0.555328613353   0.477954878047
0.488   0.55225616147   0.498311447593
0.584   0.549716548007   0.511845363184
0.68   0.547673804955   0.520636620282
0.776   0.546084552612   0.526235500151
0.872   0.544899092814   0.529755402212
0.968   0.544060228732   0.531940778913
1.064   0.543501741214   0.533273121086
1.16   0.54315288061   0.534066453837
1.256   0.542946953645   0.534527462221
1.352   0.542830782903   0.53479007425
1.448   0.542766823699   0.534937793214
1.544   0.542732404083   0.535019975712
1.64   0.54271407599   0.535065621212
1.736   0.542704374794   0.535090887248
1.832   0.542699256981   0.535104855466
1.928   0.542696562053   0.535112572966
2.024   0.542695144381   0.535116835645
2.12   0.542694399018   0.535119189764
2.216   0.542694007246   0.535120489777
2.312   0.542693801359   0.535121207663
2.408   0.542693693169   0.535121604087
2.504   0.542693636319   0.535121822996
2.6   0.542693606448   0.535121943879
2.696   0.542693590752   0.535122010632
2.792   0.542693582506   0.535122047494
2.888   0.542693578172   0.535122067849
2.984   0.542693575895   0.53512207909
3.08   0.542693574699   0.535122085297
3.176   0.542693574071   0.535122088724
3.272   0.54269357374   0.535122090617
3.368   0.542693573567   0.535122091662
3.464   0.542693573476   0.535122092239
3.56   0.542693573428   0.535122092558
3.656   0.542693573403   0.535122092734
3.752   0.542693573389   0.535122092831
3.848   0.542693573382   0.535122092885
3.944   0.542693573379   0.535122092915
4.04   0.542693573377   0.535122092931
4.136   0.542693573376   0.53512209294
4.232   0.542693573375   0.535122092945
4.328   0.542693573375   0.535122092948
4.424   0.542693573375   0.535122092949
4.52   0.542693573375   0.53512209295
4.616   0.542693573375   0.535122092951
4.712   0.542693573375   0.535122092951
4.808   0.542693573375   0.535122092951
4.904   0.542693573375   0.535122092951
5.0   0.542693573375   0.535122092951
5.096   0.542693573375   0.535122092951
5.192   0.542693573375   0.535122092951
5.288   0.542693573375   0.535122092951
5.384   0.542693573375   0.535122092951
5.48   0.542693573375   0.535122092951
5.576   0.542693573375   0.535122092951
5.672   0.542693573375   0.535122092951
5.768   0.542693573375   0.535122092951
5.864   0.542693573375   0.535122092951
5.96   0.542693573375   0.535122092951
6.056   0.542693573375   0.535122092951
6.152   0.542693573375   0.535122092951
6.248   0.542693573375   0.535122092951
6.344   0.542693573375   0.535122092951
6.44   0.542693573375   0.535122092951
6.536   0.542693573375   0.535122092951
6.632   0.542693573375   0.535122092951
6.728   0.542693573375   0.535122092951
6.824   0.542693573375   0.535122092951
6.92   0.542693573375   0.535122092951
7.016   0.542693573375   0.535122092951
7.112   0.542693573375   0.535122092951
7.208   0.542693573375   0.535122092951
7.304   0.542693573375   0.535122092951
7.4   0.542693573375   0.535122092951
7.496   0.542693573375   0.535122092951
7.592   0.542693573375   0.535122092951
7.688   0.542693573375   0.535122092951
7.784   0.542693573375   0.535122092951
7.88   0.542693573375   0.535122092951
7.976   0.542693573375   0.535122092951
8.072   0.542693573375   0.535122092951
8.168   0.542693573375   0.535122092951
8.264   0.542693573375   0.535122092951
8.36   0.542693573375   0.535122092951
8.456   0.542693573375   0.535122092951
8.552   0.542693573375   0.535122092951
8.648   0.542693573375   0.535122092951
8.744   0.542693573375   0.535122092951
8.84   0.542693573375   0.535122092951
8.936   0.542693573375   0.535122092951
9.032   0.542693573375   0.535122092951
9.128   0.542693573375   0.535122092951
9.224   0.542693573375   0.535122092951
9.32   0.542693573375   0.535122092951
9.416   0.542693573375   0.535122092951
9.512   0.542693573375   0.535122092951
9.608   0.542693573375   0.535122092951
9.704   0.542693573375   0.535122092951
