0.2   0.565702666132   0.429044204482
0.296   0.562726888625   0.474584228412
0.392   0.560314409041   0.502967765592
0.488   0.558458874415   0.520506027602
0.584   0.557129920441   0.530757289407
0.68   0.556260791379   0.536410193586
0.776   0.555747458886   0.53941796294
0.872   0.555471653241   0.540991076206
0.968   0.555334025351   0.541808174292
1.064   0.555268092664   0.542232088962
1.16   0.555237476   0.542452531936
1.256   0.555223445461   0.542567418919
1.352   0.555217058561   0.542627453622
1.448   0.555214160718   0.542658885923
1.544   0.55521284802   0.542675364698
1.64   0.555212253836   0.542684011362
1.736   0.555211984982   0.542688550866
1.832   0.555211863354   0.542690934905
1.928   0.555211808334   0.542692187197
2.024   0.555211783446   0.542692845081
2.12   0.555211772189   0.542693190721
2.216   0.555211767097   0.542693372321
2.312   0.555211764793   0.542693467736
2.408   0.555211763751   0.542693517869
2.504   0.55521176328   0.542693544211
2.6   0.555211763067   0.542693558051
2.696   0.555211762971   0.542693565323
2.792   0.555211762927   0.542693569144
2.888   0.555211762907   0.542693571152
2.984   0.555211762898   0.542693572207
3.08   0.555211762894   0.542693572761
3.176   0.555211762892   0.542693573052
3.272   0.555211762892   0.542693573205
3.368   0.555211762891   0.542693573286
3.464   0.555211762891   0.542693573328
3.56   0.555211762891   0.54269357335
3.656   0.555211762891   0.542693573362
3.752   0.555211762891   0.542693573368
3.848   0.555211762891   0.542693573371
3.944   0.555211762891   0.542693573373
4.04   0.555211762891   0.542693573374
4.136   0.555211762891   0.542693573374
4.232   0.555211762891   0.542693573374
4.328   0.555211762891   0.542693573375
4.424   0.555211762891   0.542693573375
4.52   0.555211762891   0.542693573375
4.616   0.555211762891   0.542693573375
4.712   0.555211762891   0.542693573375
4.808   0.555211762891   0.542693573375
4.904   0.555211762891   0.542693573375
5.0   0.555211762891   0.542693573375
5.096   0.555211762891   0.542693573375
5.192   0.555211762891   0.542693573375
5.288   0.555211762891   0.542693573375
5.384   0.555211762891   0.542693573375
5.48   0.555211762891   0.542693573375
5.576   0.555211762891   0.542693573375
5.672   0.555211762891   0.542693573375
5.768   0.555211762891   0.542693573375
5.864   0.555211762891   0.542693573375
5.96   0.555211762891   0.542693573375
6.056   0.555211762891   0.542693573375
6.152   0.555211762891   0.542693573375
6.248   0.555211762891   0.542693573375
6.344   0.555211762891   0.542693573375
6.44   0.555211762891   0.542693573375
6.536   0.555211762891   0.542693573375
6.632   0.555211762891   0.542693573375
6.728   0.555211762891   0.542693573375
6.824   0.555211762891   0.542693573375
6.92   0.555211762891   0.542693573375
7.016   0.555211762891   0.542693573375
7.112   0.555211762891   0.542693573375
7.208   0.555211762891   0.542693573375
7.304   0.555211762891   0.542693573375
7.4   0.555211762891   0.542693573375
7.496   0.555211762891   0.542693573375
7.592   0.555211762891   0.542693573375
7.688   0.555211762891   0.542693573375
7.784   0.555211762891   0.542693573375
7.88   0.555211762891   0.542693573375
7.976   0.555211762891   0.542693573375
8.072   0.555211762891   0.542693573375
8.168   0.555211762891   0.542693573375
8.264   0.555211762891   0.542693573375
8.36   0.555211762891   0.542693573375
8.456   0.555211762891   0.542693573375
8.552   0.555211762891   0.542693573375
8.648   0.555211762891   0.542693573375
8.744   0.555211762891   0.542693573375
8.84   0.555211762891   0.542693573375
8.936   0.555211762891   0.542693573375
9.032   0.555211762891   0.542693573375
9.128   0.555211762891   0.542693573375
9.224   0.555211762891   0.542693573375
9.32   0.555211762891   0.542693573375
9.416   0.555211762891   0.542693573375
9.512   0.555211762891   0.542693573375
9.608   0.555211762891   0.542693573375
9.704   0.555211762891   0.542693573375
