0.2   0.562708335993   0.403192760701
0.296   0.558345567799   0.446080911818
0.392   0.554599745662   0.474871027139
0.488   0.551463801998   0.49451723864
0.584   0.548915987628   0.507756339244
0.68   0.546921598628   0.516451309975
0.776   0.545431831151   0.522011406047
0.872   0.544380976668   0.525482970635
0.968   0.543686135178   0.527601259281
1.064   0.543255286718   0.52886492075
1.16   0.543002569071   0.529603741258
1.256   0.542860528113   0.530029203843
1.352   0.542782634483   0.530272061399
1.448   0.542740767775   0.530409820995
1.544   0.542718487633   0.530487766922
1.64   0.542706697952   0.530531816214
1.736   0.542700479175   0.530556696729
1.832   0.542697204686   0.530570747521
1.928   0.542695482174   0.530578682162
2.024   0.542694576544   0.53058316304
2.12   0.542694100535   0.530585693586
2.216   0.542693850379   0.530587122744
2.312   0.542693718926   0.530587929901
2.408   0.542693649853   0.530588385774
2.504   0.542693613559   0.530588643249
2.6   0.542693594489   0.530588788672
2.696   0.542693584469   0.530588870807
2.792   0.542693579204   0.530588917198
2.888   0.542693576438   0.530588943399
2.984   0.542693574984   0.530588958198
3.08   0.54269357422   0.530588966557
3.176   0.542693573819   0.530588971278
3.272   0.542693573608   0.530588973945
3.368   0.542693573497   0.530588975451
3.464   0.542693573439   0.530588976301
3.56   0.542693573409   0.530588976782
3.656   0.542693573392   0.530588977053
3.752   0.542693573384   0.530588977206
3.848   0.54269357338   0.530588977293
3.944   0.542693573377   0.530588977342
4.04   0.542693573376   0.530588977369
4.136   0.542693573375   0.530588977385
4.232   0.542693573375   0.530588977394
4.328   0.542693573375   0.530588977399
4.424   0.542693573375   0.530588977402
4.52   0.542693573375   0.530588977403
4.616   0.542693573375   0.530588977404
4.712   0.542693573375   0.530588977405
4.808   0.542693573375   0.530588977405
4.904   0.542693573375   0.530588977405
5.0   0.542693573375   0.530588977405
5.096   0.542693573375   0.530588977405
5.192   0.542693573375   0.530588977405
5.288   0.542693573375   0.530588977405
5.384   0.542693573375   0.530588977405
5.48   0.542693573375   0.530588977405
5.576   0.542693573375   0.530588977405
5.672   0.542693573375   0.530588977405
5.768   0.542693573375   0.530588977405
5.864   0.542693573375   0.530588977405
5.96   0.542693573375   0.530588977405
6.056   0.542693573375   0.530588977405
6.152   0.542693573375   0.530588977405
6.248   0.542693573375   0.530588977405
6.344   0.542693573375   0.530588977405
6.44   0.542693573375   0.530588977405
6.536   0.542693573375   0.530588977405
6.632   0.542693573375   0.530588977405
6.728   0.542693573375   0.530588977405
6.824   0.542693573375   0.530588977405
6.92   0.542693573375   0.530588977405
7.016   0.542693573375   0.530588977405
7.112   0.542693573375   0.530588977405
7.208   0.542693573375   0.530588977405
7.304   0.542693573375   0.530588977405
7.4   0.542693573375   0.530588977405
7.496   0.542693573375   0.530588977405
7.592   0.542693573375   0.530588977405
7.688   0.542693573375   0.530588977405
7.784   0.542693573375   0.530588977405
7.88   0.542693573375   0.530588977405
7.976   0.542693573375   0.530588977405
8.072   0.542693573375   0.530588977405
8.168   0.542693573375   0.530588977405
8.264   0.542693573375   0.530588977405
8.36   0.542693573375   0.530588977405
8.456   0.542693573375   0.530588977405
8.552   0.542693573375   0.530588977405
8.648   0.542693573375   0.530588977405
8.744   0.542693573375   0.530588977405
8.84   0.542693573375   0.530588977405
8.936   0.542693573375   0.530588977405
9.032   0.542693573375   0.530588977405
9.128   0.542693573375   0.530588977405
9.224   0.542693573375   0.530588977405
9.32   0.542693573375   0.530588977405
9.416   0.542693573375   0.530588977405
9.512   0.542693573375   0.530588977405
9.608   0.542693573375   0.530588977405
9.704   0.542693573375   0.530588977405
