0.2   0.566906261474   0.456017572151
0.296   0.56467179689   0.492312832928
0.392   0.56309353621   0.514902575485
0.488   0.562107034038   0.528210012266
0.584   0.56157194838   0.535384401032
0.68   0.561317150858   0.539021220019
0.776   0.561206872206   0.54083243864
0.872   0.561161407897   0.541740073231
0.968   0.561143273127   0.54220088968
1.064   0.561136125565   0.542437401419
1.16   0.561133323501   0.542559832038
1.256   0.561132227565   0.542623571071
1.352   0.561131799353   0.542656875517
1.448   0.561131632109   0.542674316802
1.544   0.561131566802   0.542683463165
1.64   0.561131541301   0.54268826351
1.736   0.561131531345   0.542690784114
1.832   0.561131527457   0.542692108022
1.928   0.561131525939   0.542692803496
2.024   0.561131525347   0.542693168875
2.12   0.561131525115   0.542693360844
2.216   0.561131525025   0.542693461706
2.312   0.56113152499   0.542693514701
2.408   0.561131524976   0.542693542546
2.504   0.56113152497   0.542693557176
2.6   0.561131524968   0.542693564864
2.696   0.561131524968   0.542693568903
2.792   0.561131524967   0.542693571025
2.888   0.561131524967   0.54269357214
2.984   0.561131524967   0.542693572726
3.08   0.561131524967   0.542693573034
3.176   0.561131524967   0.542693573196
3.272   0.561131524967   0.542693573281
3.368   0.561131524967   0.542693573325
3.464   0.561131524967   0.542693573349
3.56   0.561131524967   0.542693573361
3.656   0.561131524967   0.542693573367
3.752   0.561131524967   0.542693573371
3.848   0.561131524967   0.542693573373
3.944   0.561131524967   0.542693573374
4.04   0.561131524967   0.542693573374
4.136   0.561131524967   0.542693573374
4.232   0.561131524967   0.542693573375
4.328   0.561131524967   0.542693573375
4.424   0.561131524967   0.542693573375
4.52   0.561131524967   0.542693573375
4.616   0.561131524967   0.542693573375
4.712   0.561131524967   0.542693573375
4.808   0.561131524967   0.542693573375
4.904   0.561131524967   0.542693573375
5.0   0.561131524967   0.542693573375
5.096   0.561131524967   0.542693573375
5.192   0.561131524967   0.542693573375
5.288   0.561131524967   0.542693573375
5.384   0.561131524967   0.542693573375
5.48   0.561131524967   0.542693573375
5.576   0.561131524967   0.542693573375
5.672   0.561131524967   0.542693573375
5.768   0.561131524967   0.542693573375
5.864   0.561131524967   0.542693573375
5.96   0.561131524967   0.542693573375
6.056   0.561131524967   0.542693573375
6.152   0.561131524967   0.542693573375
6.248   0.561131524967   0.542693573375
6.344   0.561131524967   0.542693573375
6.44   0.561131524967   0.542693573375
6.536   0.561131524967   0.542693573375
6.632   0.561131524967   0.542693573375
6.728   0.561131524967   0.542693573375
6.824   0.561131524967   0.542693573375
6.92   0.561131524967   0.542693573375
7.016   0.561131524967   0.542693573375
7.112   0.561131524967   0.542693573375
7.208   0.561131524967   0.542693573375
7.304   0.561131524967   0.542693573375
7.4   0.561131524967   0.542693573375
7.496   0.561131524967   0.542693573375
7.592   0.561131524967   0.542693573375
7.688   0.561131524967   0.542693573375
7.784   0.561131524967   0.542693573375
7.88   0.561131524967   0.542693573375
7.976   0.561131524967   0.542693573375
8.072   0.561131524967   0.542693573375
8.168   0.561131524967   0.542693573375
8.264   0.561131524967   0.542693573375
8.36   0.561131524967   0.542693573375
8.456   0.561131524967   0.542693573375
8.552   0.561131524967   0.542693573375
8.648   0.561131524967   0.542693573375
8.744   0.561131524967   0.542693573375
8.84   0.561131524967   0.542693573375
8.936   0.561131524967   0.542693573375
9.032   0.561131524967   0.542693573375
9.128   0.561131524967   0.542693573375
9.224   0.561131524967   0.542693573375
9.32   0.561131524967   0.542693573375
9.416   0.561131524967   0.542693573375
9.512   0.561131524967   0.542693573375
9.608   0.561131524967   0.542693573375
9.704   0.561131524967   0.542693573375
