0.2   0.562581332289   0.411527232059
0.296   0.558188601142   0.450628362248
0.392   0.554430448214   0.477359847492
0.488   0.551296867465   0.495814034082
0.584   0.54876320651   0.508352858056
0.68   0.54679166994   0.516639801057
0.776   0.545329761215   0.521962483026
0.872   0.544307454928   0.525293571864
0.968   0.543637414147   0.527327271016
1.064   0.543225380372   0.528540076509
1.16   0.542985642903   0.529248988021
1.256   0.542850862118   0.529657355021
1.352   0.542777387802   0.529890627469
1.448   0.542737960351   0.53002312089
1.544   0.542716997584   0.530098200309
1.64   0.542705910695   0.530140699035
1.736   0.542700064276   0.530164744613
1.832   0.542696986328   0.530178347481
1.928   0.54269536734   0.530186042648
2.024   0.542694516177   0.530190395945
2.12   0.542694068808   0.530192858781
2.216   0.542693833707   0.530194252155
2.312   0.542693710166   0.530195040492
2.408   0.54269364525   0.530195486523
2.504   0.542693611141   0.530195738884
2.6   0.542693593218   0.53019588167
2.696   0.542693583801   0.530195962459
2.792   0.542693578853   0.53019600817
2.888   0.542693576253   0.530196034033
2.984   0.542693574887   0.530196048667
3.08   0.542693574169   0.530196056947
3.176   0.542693573792   0.530196061631
3.272   0.542693573594   0.530196064282
3.368   0.54269357349   0.530196065782
3.464   0.542693573435   0.530196066631
3.56   0.542693573406   0.530196067111
3.656   0.542693573391   0.530196067382
3.752   0.542693573383   0.530196067536
3.848   0.542693573379   0.530196067623
3.944   0.542693573377   0.530196067672
4.04   0.542693573376   0.5301960677
4.136   0.542693573375   0.530196067716
4.232   0.542693573375   0.530196067725
4.328   0.542693573375   0.53019606773
4.424   0.542693573375   0.530196067733
4.52   0.542693573375   0.530196067734
4.616   0.542693573375   0.530196067735
4.712   0.542693573375   0.530196067736
4.808   0.542693573375   0.530196067736
4.904   0.542693573375   0.530196067736
5.0   0.542693573375   0.530196067736
5.096   0.542693573375   0.530196067736
5.192   0.542693573375   0.530196067736
5.288   0.542693573375   0.530196067736
5.384   0.542693573375   0.530196067736
5.48   0.542693573375   0.530196067736
5.576   0.542693573375   0.530196067736
5.672   0.542693573375   0.530196067736
5.768   0.542693573375   0.530196067736
5.864   0.542693573375   0.530196067736
5.96   0.542693573375   0.530196067736
6.056   0.542693573375   0.530196067736
6.152   0.542693573375   0.530196067736
6.248   0.542693573375   0.530196067736
6.344   0.542693573375   0.530196067736
6.44   0.542693573375   0.530196067736
6.536   0.542693573375   0.530196067736
6.632   0.542693573375   0.530196067736
6.728   0.542693573375   0.530196067736
6.824   0.542693573375   0.530196067736
6.92   0.542693573375   0.530196067736
7.016   0.542693573375   0.530196067736
7.112   0.542693573375   0.530196067736
7.208   0.542693573375   0.530196067736
7.304   0.542693573375   0.530196067736
7.4   0.542693573375   0.530196067736
7.496   0.542693573375   0.530196067736
7.592   0.542693573375   0.530196067736
7.688   0.542693573375   0.530196067736
7.784   0.542693573375   0.530196067736
7.88   0.542693573375   0.530196067736
7.976   0.542693573375   0.530196067736
8.072   0.542693573375   0.530196067736
8.168   0.542693573375   0.530196067736
8.264   0.542693573375   0.530196067736
8.36   0.542693573375   0.530196067736
8.456   0.542693573375   0.530196067736
8.552   0.542693573375   0.530196067736
8.648   0.542693573375   0.530196067736
8.744   0.542693573375   0.530196067736
8.84   0.542693573375   0.530196067736
8.936   0.542693573375   0.530196067736
9.032   0.542693573375   0.530196067736
9.128   0.542693573375   0.530196067736
9.224   0.542693573375   0.530196067736
9.32   0.542693573375   0.530196067736
9.416   0.542693573375   0.530196067736
9.512   0.542693573375   0.530196067736
9.608   0.542693573375   0.530196067736
9.704   0.542693573375   0.530196067736
