0.2   0.562882085114   0.397629390344
0.296   0.558572014024   0.44366495435
0.392   0.554857868372   0.474084584916
0.488   0.551733051399   0.494628825281
0.584   0.549176559466   0.50836424275
0.68   0.547155479377   0.517329941896
0.776   0.545625057597   0.52304247919
0.872   0.544526673246   0.526608248491
0.968   0.543786191943   0.528789546996
1.064   0.543318405913   0.530095079057
1.16   0.543039813991   0.530860063022
1.256   0.542881568587   0.531300524379
1.352   0.542794127474   0.531551450804
1.448   0.542746939668   0.531693239186
1.544   0.542721769895   0.53177308422
1.64   0.542708433989   0.531817968625
1.736   0.54270139463   0.531843179256
1.832   0.542697686634   0.531857334529
1.928   0.542695735672   0.531865281417
2.024   0.542694709815   0.531869742735
2.12   0.542694170581   0.531872247303
2.216   0.54269388719   0.531873653385
2.312   0.54269373827   0.531874442784
2.408   0.542693660017   0.531874885973
2.504   0.5426936189   0.531875134794
2.6   0.542693597295   0.531875274491
2.696   0.542693585943   0.531875352922
2.792   0.542693579979   0.531875396956
2.888   0.542693576845   0.531875421679
2.984   0.542693575198   0.53187543556
3.08   0.542693574333   0.531875443353
3.176   0.542693573878   0.531875447728
3.272   0.542693573639   0.531875450185
3.368   0.542693573514   0.531875451564
3.464   0.542693573448   0.531875452338
3.56   0.542693573413   0.531875452773
3.656   0.542693573395   0.531875453017
3.752   0.542693573385   0.531875453154
3.848   0.54269357338   0.531875453231
3.944   0.542693573378   0.531875453274
4.04   0.542693573376   0.531875453299
4.136   0.542693573375   0.531875453312
4.232   0.542693573375   0.53187545332
4.328   0.542693573375   0.531875453324
4.424   0.542693573375   0.531875453327
4.52   0.542693573375   0.531875453328
4.616   0.542693573375   0.531875453329
4.712   0.542693573375   0.531875453329
4.808   0.542693573375   0.531875453329
4.904   0.542693573375   0.53187545333
5.0   0.542693573375   0.53187545333
5.096   0.542693573375   0.53187545333
5.192   0.542693573375   0.53187545333
5.288   0.542693573375   0.53187545333
5.384   0.542693573375   0.53187545333
5.48   0.542693573375   0.53187545333
5.576   0.542693573375   0.53187545333
5.672   0.542693573375   0.53187545333
5.768   0.542693573375   0.53187545333
5.864   0.542693573375   0.53187545333
5.96   0.542693573375   0.53187545333
6.056   0.542693573375   0.53187545333
6.152   0.542693573375   0.53187545333
6.248   0.542693573375   0.53187545333
6.344   0.542693573375   0.53187545333
6.44   0.542693573375   0.53187545333
6.536   0.542693573375   0.53187545333
6.632   0.542693573375   0.53187545333
6.728   0.542693573375   0.53187545333
6.824   0.542693573375   0.53187545333
6.92   0.542693573375   0.53187545333
7.016   0.542693573375   0.53187545333
7.112   0.542693573375   0.53187545333
7.208   0.542693573375   0.53187545333
7.304   0.542693573375   0.53187545333
7.4   0.542693573375   0.53187545333
7.496   0.542693573375   0.53187545333
7.592   0.542693573375   0.53187545333
7.688   0.542693573375   0.53187545333
7.784   0.542693573375   0.53187545333
7.88   0.542693573375   0.53187545333
7.976   0.542693573375   0.53187545333
8.072   0.542693573375   0.53187545333
8.168   0.542693573375   0.53187545333
8.264   0.542693573375   0.53187545333
8.36   0.542693573375   0.53187545333
8.456   0.542693573375   0.53187545333
8.552   0.542693573375   0.53187545333
8.648   0.542693573375   0.53187545333
8.744   0.542693573375   0.53187545333
8.84   0.542693573375   0.53187545333
8.936   0.542693573375   0.53187545333
9.032   0.542693573375   0.53187545333
9.128   0.542693573375   0.53187545333
9.224   0.542693573375   0.53187545333
9.32   0.542693573375   0.53187545333
9.416   0.542693573375   0.53187545333
9.512   0.542693573375   0.53187545333
9.608   0.542693573375   0.53187545333
9.704   0.542693573375   0.53187545333
