0.2   0.561922172466   0.3787326914
0.296   0.557282023492   0.425843402094
0.392   0.553359764904   0.4571657993
0.488   0.550165453839   0.478498760119
0.584   0.547681986661   0.49291816973
0.68   0.545858007764   0.5024255954
0.776   0.544603379892   0.508505800943
0.872   0.543796940981   0.512285435186
0.968   0.543309756172   0.514583124325
1.064   0.543029850286   0.51595889915
1.16   0.542874101279   0.516775384596
1.256   0.542789606024   0.517257814234
1.352   0.542744384704   0.517542444303
1.448   0.54272037529   0.517710293012
1.544   0.542707686328   0.517809309409
1.64   0.542700997579   0.517867749046
1.736   0.542697476829   0.51790225611
1.832   0.542695625103   0.517922639315
1.928   0.542694651627   0.517934683055
2.024   0.542694139981   0.517941800763
2.12   0.542693871104   0.517946007853
2.216   0.542693729816   0.5179484948
2.312   0.542693655575   0.517949965012
2.408   0.542693616566   0.517950834198
2.504   0.542693596069   0.517951348073
2.6   0.542693585299   0.517951651888
2.696   0.54269357964   0.517951831514
2.792   0.542693576667   0.517951937716
2.888   0.542693575104   0.517952000506
2.984   0.542693574283   0.517952037631
3.08   0.542693573852   0.51795205958
3.176   0.542693573626   0.517952072558
3.272   0.542693573506   0.517952080231
3.368   0.542693573444   0.517952084767
3.464   0.542693573411   0.517952087449
3.56   0.542693573394   0.517952089035
3.656   0.542693573385   0.517952089973
3.752   0.54269357338   0.517952090527
3.848   0.542693573377   0.517952090855
3.944   0.542693573376   0.517952091049
4.04   0.542693573375   0.517952091163
4.136   0.542693573375   0.517952091231
4.232   0.542693573375   0.517952091271
4.328   0.542693573375   0.517952091295
4.424   0.542693573375   0.517952091309
4.52   0.542693573375   0.517952091317
4.616   0.542693573375   0.517952091322
4.712   0.542693573375   0.517952091325
4.808   0.542693573375   0.517952091327
4.904   0.542693573375   0.517952091328
5.0   0.542693573375   0.517952091328
5.096   0.542693573375   0.517952091329
5.192   0.542693573375   0.517952091329
5.288   0.542693573375   0.517952091329
5.384   0.542693573375   0.517952091329
5.48   0.542693573375   0.517952091329
5.576   0.542693573375   0.517952091329
5.672   0.542693573375   0.517952091329
5.768   0.542693573375   0.517952091329
5.864   0.542693573375   0.517952091329
5.96   0.542693573375   0.517952091329
6.056   0.542693573375   0.517952091329
6.152   0.542693573375   0.517952091329
6.248   0.542693573375   0.517952091329
6.344   0.542693573375   0.517952091329
6.44   0.542693573375   0.517952091329
6.536   0.542693573375   0.517952091329
6.632   0.542693573375   0.517952091329
6.728   0.542693573375   0.517952091329
6.824   0.542693573375   0.517952091329
6.92   0.542693573375   0.517952091329
7.016   0.542693573375   0.517952091329
7.112   0.542693573375   0.517952091329
7.208   0.542693573375   0.517952091329
7.304   0.542693573375   0.517952091329
7.4   0.542693573375   0.517952091329
7.496   0.542693573375   0.517952091329
7.592   0.542693573375   0.517952091329
7.688   0.542693573375   0.517952091329
7.784   0.542693573375   0.517952091329
7.88   0.542693573375   0.517952091329
7.976   0.542693573375   0.517952091329
8.072   0.542693573375   0.517952091329
8.168   0.542693573375   0.517952091329
8.264   0.542693573375   0.517952091329
8.36   0.542693573375   0.517952091329
8.456   0.542693573375   0.517952091329
8.552   0.542693573375   0.517952091329
8.648   0.542693573375   0.517952091329
8.744   0.542693573375   0.517952091329
8.84   0.542693573375   0.517952091329
8.936   0.542693573375   0.517952091329
9.032   0.542693573375   0.517952091329
9.128   0.542693573375   0.517952091329
9.224   0.542693573375   0.517952091329
9.32   0.542693573375   0.517952091329
9.416   0.542693573375   0.517952091329
9.512   0.542693573375   0.517952091329
9.608   0.542693573375   0.517952091329
9.704   0.542693573375   0.517952091329
