0.2   0.564546621585   0.434103063696
0.296   0.561001130339   0.473035164483
0.392   0.557994477762   0.498784970875
0.488   0.555504997799   0.515764058499
0.584   0.5534994338   0.526582060185
0.68   0.551936856289   0.533221583336
0.776   0.550770454376   0.537207363811
0.872   0.549946896704   0.5395722524
0.968   0.549404026337   0.540954773712
1.064   0.549071958699   0.541744671304
1.16   0.548882550135   0.542183943627
1.256   0.548780461126   0.542422672746
1.352   0.548726976573   0.542550443233
1.448   0.548699736527   0.542618166281
1.544   0.548686025575   0.542653903565
1.64   0.548679167877   0.542672718706
1.736   0.548675749352   0.542682613442
1.832   0.548674048196   0.542687814295
1.928   0.548673202413   0.542690547333
2.024   0.548672782099   0.542691983406
2.12   0.548672573273   0.542692737963
2.216   0.548672469534   0.542693134427
2.312   0.548672418002   0.54269334274
2.408   0.548672392405   0.542693452193
2.504   0.54867237969   0.542693509702
2.6   0.548672373374   0.542693539919
2.696   0.548672370237   0.542693555796
2.792   0.548672368679   0.542693564138
2.888   0.548672367905   0.542693568522
2.984   0.548672367521   0.542693570825
3.08   0.54867236733   0.542693572035
3.176   0.548672367235   0.542693572671
3.272   0.548672367188   0.542693573005
3.368   0.548672367165   0.54269357318
3.464   0.548672367153   0.542693573273
3.56   0.548672367147   0.542693573321
3.656   0.548672367144   0.542693573346
3.752   0.548672367143   0.54269357336
3.848   0.548672367142   0.542693573367
3.944   0.548672367142   0.542693573371
4.04   0.548672367142   0.542693573373
4.136   0.548672367142   0.542693573374
4.232   0.548672367141   0.542693573374
4.328   0.548672367141   0.542693573374
4.424   0.548672367141   0.542693573374
4.52   0.548672367141   0.542693573375
4.616   0.548672367141   0.542693573375
4.712   0.548672367141   0.542693573375
4.808   0.548672367141   0.542693573375
4.904   0.548672367141   0.542693573375
5.0   0.548672367141   0.542693573375
5.096   0.548672367141   0.542693573375
5.192   0.548672367141   0.542693573375
5.288   0.548672367141   0.542693573375
5.384   0.548672367141   0.542693573375
5.48   0.548672367141   0.542693573375
5.576   0.548672367141   0.542693573375
5.672   0.548672367141   0.542693573375
5.768   0.548672367141   0.542693573375
5.864   0.548672367141   0.542693573375
5.96   0.548672367141   0.542693573375
6.056   0.548672367141   0.542693573375
6.152   0.548672367141   0.542693573375
6.248   0.548672367141   0.542693573375
6.344   0.548672367141   0.542693573375
6.44   0.548672367141   0.542693573375
6.536   0.548672367141   0.542693573375
6.632   0.548672367141   0.542693573375
6.728   0.548672367141   0.542693573375
6.824   0.548672367141   0.542693573375
6.92   0.548672367141   0.542693573375
7.016   0.548672367141   0.542693573375
7.112   0.548672367141   0.542693573375
7.208   0.548672367141   0.542693573375
7.304   0.548672367141   0.542693573375
7.4   0.548672367141   0.542693573375
7.496   0.548672367141   0.542693573375
7.592   0.548672367141   0.542693573375
7.688   0.548672367141   0.542693573375
7.784   0.548672367141   0.542693573375
7.88   0.548672367141   0.542693573375
7.976   0.548672367141   0.542693573375
8.072   0.548672367141   0.542693573375
8.168   0.548672367141   0.542693573375
8.264   0.548672367141   0.542693573375
8.36   0.548672367141   0.542693573375
8.456   0.548672367141   0.542693573375
8.552   0.548672367141   0.542693573375
8.648   0.548672367141   0.542693573375
8.744   0.548672367141   0.542693573375
8.84   0.548672367141   0.542693573375
8.936   0.548672367141   0.542693573375
9.032   0.548672367141   0.542693573375
9.128   0.548672367141   0.542693573375
9.224   0.548672367141   0.542693573375
9.32   0.548672367141   0.542693573375
9.416   0.548672367141   0.542693573375
9.512   0.548672367141   0.542693573375
9.608   0.548672367141   0.542693573375
9.704   0.548672367141   0.542693573375
