0.2   0.564245593366   0.414594244674
0.296   0.560516488983   0.460663172204
0.392   0.557307387264   0.49039635847
0.488   0.554598255379   0.509866804997
0.584   0.552355272091   0.522346058777
0.68   0.550535276637   0.530125048902
0.776   0.549089811406   0.534918374349
0.872   0.547969175326   0.537889542972
0.968   0.547125338321   0.539752290495
1.064   0.546513244359   0.540925855613
1.16   0.546090358701   0.541658610563
1.256   0.545814805636   0.542105248135
1.352   0.545646452224   0.542367820984
1.448   0.545550109721   0.542517306438
1.544   0.545496252613   0.542599164331
1.64   0.545467502391   0.542643461729
1.736   0.545452427185   0.542667097214
1.832   0.545444600091   0.542679621185
1.928   0.545440557999   0.54268623129
2.024   0.54543847655   0.542689712596
2.12   0.545437406347   0.542691543992
2.216   0.545436856527   0.542692506859
2.312   0.545436574174   0.542693012937
2.408   0.545436429207   0.542693278889
2.504   0.545436354786   0.542693418639
2.6   0.545436316583   0.542693492071
2.696   0.545436296972   0.542693530655
2.792   0.545436286906   0.542693550928
2.888   0.545436281739   0.542693561581
2.984   0.545436279086   0.542693567178
3.08   0.545436277725   0.542693570119
3.176   0.545436277026   0.542693571664
3.272   0.545436276667   0.542693572476
3.368   0.545436276483   0.542693572902
3.464   0.545436276389   0.542693573126
3.56   0.54543627634   0.542693573244
3.656   0.545436276315   0.542693573306
3.752   0.545436276303   0.542693573339
3.848   0.545436276296   0.542693573356
3.944   0.545436276293   0.542693573365
4.04   0.545436276291   0.542693573369
4.136   0.54543627629   0.542693573372
4.232   0.54543627629   0.542693573373
4.328   0.545436276289   0.542693573374
4.424   0.545436276289   0.542693573374
4.52   0.545436276289   0.542693573374
4.616   0.545436276289   0.542693573375
4.712   0.545436276289   0.542693573375
4.808   0.545436276289   0.542693573375
4.904   0.545436276289   0.542693573375
5.0   0.545436276289   0.542693573375
5.096   0.545436276289   0.542693573375
5.192   0.545436276289   0.542693573375
5.288   0.545436276289   0.542693573375
5.384   0.545436276289   0.542693573375
5.48   0.545436276289   0.542693573375
5.576   0.545436276289   0.542693573375
5.672   0.545436276289   0.542693573375
5.768   0.545436276289   0.542693573375
5.864   0.545436276289   0.542693573375
5.96   0.545436276289   0.542693573375
6.056   0.545436276289   0.542693573375
6.152   0.545436276289   0.542693573375
6.248   0.545436276289   0.542693573375
6.344   0.545436276289   0.542693573375
6.44   0.545436276289   0.542693573375
6.536   0.545436276289   0.542693573375
6.632   0.545436276289   0.542693573375
6.728   0.545436276289   0.542693573375
6.824   0.545436276289   0.542693573375
6.92   0.545436276289   0.542693573375
7.016   0.545436276289   0.542693573375
7.112   0.545436276289   0.542693573375
7.208   0.545436276289   0.542693573375
7.304   0.545436276289   0.542693573375
7.4   0.545436276289   0.542693573375
7.496   0.545436276289   0.542693573375
7.592   0.545436276289   0.542693573375
7.688   0.545436276289   0.542693573375
7.784   0.545436276289   0.542693573375
7.88   0.545436276289   0.542693573375
7.976   0.545436276289   0.542693573375
8.072   0.545436276289   0.542693573375
8.168   0.545436276289   0.542693573375
8.264   0.545436276289   0.542693573375
8.36   0.545436276289   0.542693573375
8.456   0.545436276289   0.542693573375
8.552   0.545436276289   0.542693573375
8.648   0.545436276289   0.542693573375
8.744   0.545436276289   0.542693573375
8.84   0.545436276289   0.542693573375
8.936   0.545436276289   0.542693573375
9.032   0.545436276289   0.542693573375
9.128   0.545436276289   0.542693573375
9.224   0.545436276289   0.542693573375
9.32   0.545436276289   0.542693573375
9.416   0.545436276289   0.542693573375
9.512   0.545436276289   0.542693573375
9.608   0.545436276289   0.542693573375
9.704   0.545436276289   0.542693573375
