0.2   0.568811982648   0.465734569159
0.296   0.567669458879   0.501338509001
0.392   0.567118803414   0.52185017026
0.488   0.566907766191   0.532630180719
0.584   0.566838990838   0.537830671309
0.68   0.566818054663   0.540292586361
0.776   0.566811955324   0.541482621325
0.872   0.566810195259   0.542073346986
0.968   0.566809689029   0.542372696219
1.064   0.566809543587   0.542526524543
1.16   0.566809501816   0.54260627656
1.256   0.56680948982   0.542647850048
1.352   0.566809486376   0.542669592882
1.448   0.566809485387   0.542680986515
1.544   0.566809485103   0.542686963812
1.64   0.566809485021   0.542690101687
1.736   0.566809484998   0.542691749593
1.832   0.566809484991   0.542692615207
1.928   0.566809484989   0.542693069955
2.024   0.566809484988   0.542693308871
2.12   0.566809484988   0.542693434399
2.216   0.566809484988   0.542693500354
2.312   0.566809484988   0.542693535007
2.408   0.566809484988   0.542693553215
2.504   0.566809484988   0.542693562782
2.6   0.566809484988   0.542693567809
2.696   0.566809484988   0.54269357045
2.792   0.566809484988   0.542693571838
2.888   0.566809484988   0.542693572567
2.984   0.566809484988   0.54269357295
3.08   0.566809484988   0.542693573152
3.176   0.566809484988   0.542693573258
3.272   0.566809484988   0.542693573313
3.368   0.566809484988   0.542693573342
3.464   0.566809484988   0.542693573358
3.56   0.566809484988   0.542693573366
3.656   0.566809484988   0.54269357337
3.752   0.566809484988   0.542693573372
3.848   0.566809484988   0.542693573373
3.944   0.566809484988   0.542693573374
4.04   0.566809484988   0.542693573374
4.136   0.566809484988   0.542693573374
4.232   0.566809484988   0.542693573375
4.328   0.566809484988   0.542693573375
4.424   0.566809484988   0.542693573375
4.52   0.566809484988   0.542693573375
4.616   0.566809484988   0.542693573375
4.712   0.566809484988   0.542693573375
4.808   0.566809484988   0.542693573375
4.904   0.566809484988   0.542693573375
5.0   0.566809484988   0.542693573375
5.096   0.566809484988   0.542693573375
5.192   0.566809484988   0.542693573375
5.288   0.566809484988   0.542693573375
5.384   0.566809484988   0.542693573375
5.48   0.566809484988   0.542693573375
5.576   0.566809484988   0.542693573375
5.672   0.566809484988   0.542693573375
5.768   0.566809484988   0.542693573375
5.864   0.566809484988   0.542693573375
5.96   0.566809484988   0.542693573375
6.056   0.566809484988   0.542693573375
6.152   0.566809484988   0.542693573375
6.248   0.566809484988   0.542693573375
6.344   0.566809484988   0.542693573375
6.44   0.566809484988   0.542693573375
6.536   0.566809484988   0.542693573375
6.632   0.566809484988   0.542693573375
6.728   0.566809484988   0.542693573375
6.824   0.566809484988   0.542693573375
6.92   0.566809484988   0.542693573375
7.016   0.566809484988   0.542693573375
7.112   0.566809484988   0.542693573375
7.208   0.566809484988   0.542693573375
7.304   0.566809484988   0.542693573375
7.4   0.566809484988   0.542693573375
7.496   0.566809484988   0.542693573375
7.592   0.566809484988   0.542693573375
7.688   0.566809484988   0.542693573375
7.784   0.566809484988   0.542693573375
7.88   0.566809484988   0.542693573375
7.976   0.566809484988   0.542693573375
8.072   0.566809484988   0.542693573375
8.168   0.566809484988   0.542693573375
8.264   0.566809484988   0.542693573375
8.36   0.566809484988   0.542693573375
8.456   0.566809484988   0.542693573375
8.552   0.566809484988   0.542693573375
8.648   0.566809484988   0.542693573375
8.744   0.566809484988   0.542693573375
8.84   0.566809484988   0.542693573375
8.936   0.566809484988   0.542693573375
9.032   0.566809484988   0.542693573375
9.128   0.566809484988   0.542693573375
9.224   0.566809484988   0.542693573375
9.32   0.566809484988   0.542693573375
9.416   0.566809484988   0.542693573375
9.512   0.566809484988   0.542693573375
9.608   0.566809484988   0.542693573375
9.704   0.566809484988   0.542693573375
