0.2   0.565212671119   0.442208488027
0.296   0.562016570586   0.479985500761
0.392   0.559383009758   0.504679430426
0.488   0.557297846204   0.520568358807
0.584   0.555732286493   0.530282425074
0.68   0.554636219274   0.535911195923
0.776   0.553932086522   0.53905287701
0.872   0.553519212657   0.540763143608
0.968   0.553296073249   0.541677477467
1.064   0.55318263833   0.542160357799
1.16   0.553126830979   0.542414149533
1.256   0.553100074905   0.542547083022
1.352   0.553087387633   0.542616730116
1.448   0.553081405608   0.542653243459
1.544   0.553078593174   0.542672398536
1.64   0.553077272805   0.542682452674
1.736   0.553076653363   0.542687731897
1.832   0.553076362857   0.542690504615
1.928   0.553076226638   0.54269196112
2.024   0.553076162771   0.542692726298
2.12   0.553076132827   0.54269312831
2.216   0.553076118789   0.542693339529
2.312   0.553076112207   0.542693450507
2.408   0.553076109121   0.542693508816
2.504   0.553076107675   0.542693539454
2.6   0.553076106997   0.542693555552
2.696   0.553076106679   0.54269356401
2.792   0.55307610653   0.542693568454
2.888   0.55307610646   0.542693570789
2.984   0.553076106427   0.542693572016
3.08   0.553076106412   0.542693572661
3.176   0.553076106404   0.542693573
3.272   0.553076106401   0.542693573178
3.368   0.553076106399   0.542693573271
3.464   0.553076106399   0.54269357332
3.56   0.553076106398   0.542693573346
3.656   0.553076106398   0.54269357336
3.752   0.553076106398   0.542693573367
3.848   0.553076106398   0.542693573371
3.944   0.553076106398   0.542693573372
4.04   0.553076106398   0.542693573374
4.136   0.553076106398   0.542693573374
4.232   0.553076106398   0.542693573374
4.328   0.553076106398   0.542693573374
4.424   0.553076106398   0.542693573375
4.52   0.553076106398   0.542693573375
4.616   0.553076106398   0.542693573375
4.712   0.553076106398   0.542693573375
4.808   0.553076106398   0.542693573375
4.904   0.553076106398   0.542693573375
5.0   0.553076106398   0.542693573375
5.096   0.553076106398   0.542693573375
5.192   0.553076106398   0.542693573375
5.288   0.553076106398   0.542693573375
5.384   0.553076106398   0.542693573375
5.48   0.553076106398   0.542693573375
5.576   0.553076106398   0.542693573375
5.672   0.553076106398   0.542693573375
5.768   0.553076106398   0.542693573375
5.864   0.553076106398   0.542693573375
5.96   0.553076106398   0.542693573375
6.056   0.553076106398   0.542693573375
6.152   0.553076106398   0.542693573375
6.248   0.553076106398   0.542693573375
6.344   0.553076106398   0.542693573375
6.44   0.553076106398   0.542693573375
6.536   0.553076106398   0.542693573375
6.632   0.553076106398   0.542693573375
6.728   0.553076106398   0.542693573375
6.824   0.553076106398   0.542693573375
6.92   0.553076106398   0.542693573375
7.016   0.553076106398   0.542693573375
7.112   0.553076106398   0.542693573375
7.208   0.553076106398   0.542693573375
7.304   0.553076106398   0.542693573375
7.4   0.553076106398   0.542693573375
7.496   0.553076106398   0.542693573375
7.592   0.553076106398   0.542693573375
7.688   0.553076106398   0.542693573375
7.784   0.553076106398   0.542693573375
7.88   0.553076106398   0.542693573375
7.976   0.553076106398   0.542693573375
8.072   0.553076106398   0.542693573375
8.168   0.553076106398   0.542693573375
8.264   0.553076106398   0.542693573375
8.36   0.553076106398   0.542693573375
8.456   0.553076106398   0.542693573375
8.552   0.553076106398   0.542693573375
8.648   0.553076106398   0.542693573375
8.744   0.553076106398   0.542693573375
8.84   0.553076106398   0.542693573375
8.936   0.553076106398   0.542693573375
9.032   0.553076106398   0.542693573375
9.128   0.553076106398   0.542693573375
9.224   0.553076106398   0.542693573375
9.32   0.553076106398   0.542693573375
9.416   0.553076106398   0.542693573375
9.512   0.553076106398   0.542693573375
9.608   0.553076106398   0.542693573375
9.704   0.553076106398   0.542693573375
