0.2   0.567979982835   0.461921037487
0.296   0.566372716547   0.497792767496
0.392   0.565424368572   0.519211651671
0.488   0.564961007323   0.531039538057
0.584   0.564769685966   0.536990552886
0.68   0.564699202496   0.539867938235
0.776   0.564674508516   0.541268365939
0.872   0.564666129398   0.541964184428
0.968   0.564663312056   0.542316538045
1.064   0.564662368131   0.542497414164
1.16   0.564662052303   0.542591109212
1.256   0.564661946682   0.542639921191
1.352   0.564661911367   0.542665439467
1.448   0.56466189956   0.542678808085
1.544   0.564661895612   0.542685820389
1.64   0.564661894292   0.542689501259
1.736   0.564661893851   0.542691434218
1.832   0.564661893704   0.542692449532
1.928   0.564661893654   0.542692982914
2.024   0.564661893638   0.54269326314
2.12   0.564661893632   0.542693410372
2.216   0.56466189363   0.542693487729
2.312   0.56466189363   0.542693528374
2.408   0.56466189363   0.54269354973
2.504   0.564661893629   0.542693560951
2.6   0.564661893629   0.542693566847
2.696   0.564661893629   0.542693569945
2.792   0.564661893629   0.542693571573
2.888   0.564661893629   0.542693572428
2.984   0.564661893629   0.542693572877
3.08   0.564661893629   0.542693573113
3.176   0.564661893629   0.542693573237
3.272   0.564661893629   0.542693573302
3.368   0.564661893629   0.542693573337
3.464   0.564661893629   0.542693573355
3.56   0.564661893629   0.542693573364
3.656   0.564661893629   0.542693573369
3.752   0.564661893629   0.542693573372
3.848   0.564661893629   0.542693573373
3.944   0.564661893629   0.542693573374
4.04   0.564661893629   0.542693573374
4.136   0.564661893629   0.542693573374
4.232   0.564661893629   0.542693573375
4.328   0.564661893629   0.542693573375
4.424   0.564661893629   0.542693573375
4.52   0.564661893629   0.542693573375
4.616   0.564661893629   0.542693573375
4.712   0.564661893629   0.542693573375
4.808   0.564661893629   0.542693573375
4.904   0.564661893629   0.542693573375
5.0   0.564661893629   0.542693573375
5.096   0.564661893629   0.542693573375
5.192   0.564661893629   0.542693573375
5.288   0.564661893629   0.542693573375
5.384   0.564661893629   0.542693573375
5.48   0.564661893629   0.542693573375
5.576   0.564661893629   0.542693573375
5.672   0.564661893629   0.542693573375
5.768   0.564661893629   0.542693573375
5.864   0.564661893629   0.542693573375
5.96   0.564661893629   0.542693573375
6.056   0.564661893629   0.542693573375
6.152   0.564661893629   0.542693573375
6.248   0.564661893629   0.542693573375
6.344   0.564661893629   0.542693573375
6.44   0.564661893629   0.542693573375
6.536   0.564661893629   0.542693573375
6.632   0.564661893629   0.542693573375
6.728   0.564661893629   0.542693573375
6.824   0.564661893629   0.542693573375
6.92   0.564661893629   0.542693573375
7.016   0.564661893629   0.542693573375
7.112   0.564661893629   0.542693573375
7.208   0.564661893629   0.542693573375
7.304   0.564661893629   0.542693573375
7.4   0.564661893629   0.542693573375
7.496   0.564661893629   0.542693573375
7.592   0.564661893629   0.542693573375
7.688   0.564661893629   0.542693573375
7.784   0.564661893629   0.542693573375
7.88   0.564661893629   0.542693573375
7.976   0.564661893629   0.542693573375
8.072   0.564661893629   0.542693573375
8.168   0.564661893629   0.542693573375
8.264   0.564661893629   0.542693573375
8.36   0.564661893629   0.542693573375
8.456   0.564661893629   0.542693573375
8.552   0.564661893629   0.542693573375
8.648   0.564661893629   0.542693573375
8.744   0.564661893629   0.542693573375
8.84   0.564661893629   0.542693573375
8.936   0.564661893629   0.542693573375
9.032   0.564661893629   0.542693573375
9.128   0.564661893629   0.542693573375
9.224   0.564661893629   0.542693573375
9.32   0.564661893629   0.542693573375
9.416   0.564661893629   0.542693573375
9.512   0.564661893629   0.542693573375
9.608   0.564661893629   0.542693573375
9.704   0.564661893629   0.542693573375
