0.2   0.564333468679   0.433494832676
0.296   0.560687324681   0.471875059431
0.392   0.557580258847   0.497445498641
0.488   0.554987942959   0.514454993786
0.584   0.55287384169   0.525425579202
0.68   0.551193859464   0.532267760247
0.776   0.54989989358   0.536460638141
0.872   0.548942166044   0.539018410998
0.968   0.54826898659   0.540570347862
1.064   0.547825081023   0.541496746235
1.16   0.547552047519   0.542034856401
1.256   0.547394766565   0.542337583352
1.352   0.547308964766   0.542503734012
1.448   0.547263290024   0.542593019366
1.544   0.547239671357   0.542640516517
1.64   0.547227597655   0.542665636407
1.736   0.547221463859   0.542678879095
1.832   0.547218357988   0.542685848666
1.928   0.547216788046   0.542689513612
2.024   0.547215995198   0.542691440016
2.12   0.547215594984   0.542692452387
2.216   0.547215393013   0.542692984361
2.312   0.5472152911   0.542693263886
2.408   0.547215239679   0.542693410759
2.504   0.547215213734   0.542693487932
2.6   0.547215200645   0.54269352848
2.696   0.54721519404   0.542693549786
2.792   0.547215190708   0.54269356098
2.888   0.547215189027   0.542693566862
2.984   0.547215188179   0.542693569953
3.08   0.547215187751   0.542693571577
3.176   0.547215187535   0.54269357243
3.272   0.547215187427   0.542693572878
3.368   0.547215187372   0.542693573114
3.464   0.547215187344   0.542693573238
3.56   0.54721518733   0.542693573303
3.656   0.547215187323   0.542693573337
3.752   0.547215187319   0.542693573355
3.848   0.547215187317   0.542693573364
3.944   0.547215187317   0.542693573369
4.04   0.547215187316   0.542693573372
4.136   0.547215187316   0.542693573373
4.232   0.547215187316   0.542693573374
4.328   0.547215187316   0.542693573374
4.424   0.547215187316   0.542693573374
4.52   0.547215187316   0.542693573375
4.616   0.547215187316   0.542693573375
4.712   0.547215187316   0.542693573375
4.808   0.547215187316   0.542693573375
4.904   0.547215187316   0.542693573375
5.0   0.547215187316   0.542693573375
5.096   0.547215187316   0.542693573375
5.192   0.547215187316   0.542693573375
5.288   0.547215187316   0.542693573375
5.384   0.547215187316   0.542693573375
5.48   0.547215187316   0.542693573375
5.576   0.547215187316   0.542693573375
5.672   0.547215187316   0.542693573375
5.768   0.547215187316   0.542693573375
5.864   0.547215187316   0.542693573375
5.96   0.547215187316   0.542693573375
6.056   0.547215187316   0.542693573375
6.152   0.547215187316   0.542693573375
6.248   0.547215187316   0.542693573375
6.344   0.547215187316   0.542693573375
6.44   0.547215187316   0.542693573375
6.536   0.547215187316   0.542693573375
6.632   0.547215187316   0.542693573375
6.728   0.547215187316   0.542693573375
6.824   0.547215187316   0.542693573375
6.92   0.547215187316   0.542693573375
7.016   0.547215187316   0.542693573375
7.112   0.547215187316   0.542693573375
7.208   0.547215187316   0.542693573375
7.304   0.547215187316   0.542693573375
7.4   0.547215187316   0.542693573375
7.496   0.547215187316   0.542693573375
7.592   0.547215187316   0.542693573375
7.688   0.547215187316   0.542693573375
7.784   0.547215187316   0.542693573375
7.88   0.547215187316   0.542693573375
7.976   0.547215187316   0.542693573375
8.072   0.547215187316   0.542693573375
8.168   0.547215187316   0.542693573375
8.264   0.547215187316   0.542693573375
8.36   0.547215187316   0.542693573375
8.456   0.547215187316   0.542693573375
8.552   0.547215187316   0.542693573375
8.648   0.547215187316   0.542693573375
8.744   0.547215187316   0.542693573375
8.84   0.547215187316   0.542693573375
8.936   0.547215187316   0.542693573375
9.032   0.547215187316   0.542693573375
9.128   0.547215187316   0.542693573375
9.224   0.547215187316   0.542693573375
9.32   0.547215187316   0.542693573375
9.416   0.547215187316   0.542693573375
9.512   0.547215187316   0.542693573375
9.608   0.547215187316   0.542693573375
9.704   0.547215187316   0.542693573375
