0.2   0.564147023702   0.429817740591
0.296   0.560407201092   0.468990899652
0.392   0.557205089976   0.49510012412
0.488   0.554515563477   0.512537438928
0.584   0.552300397644   0.523873559599
0.68   0.550513010702   0.531025111634
0.776   0.549102589663   0.535475223369
0.872   0.548017997961   0.538251182688
0.968   0.547210273731   0.53999448603
1.064   0.546633260572   0.541088576286
1.16   0.54624252383   0.541765182489
1.256   0.545993848138   0.542171832329
1.352   0.545845417651   0.542407390918
1.448   0.545762018665   0.542539453131
1.544   0.545716172243   0.542611436315
1.64   0.545691931913   0.54265007564
1.736   0.545679301506   0.542670621958
1.832   0.545672772725   0.542681487428
1.928   0.545669412433   0.542687215848
2.024   0.545667686882   0.542690231006
2.12   0.54566680186   0.542691816678
2.216   0.545666348225   0.542692650217
2.312   0.545666115784   0.542693088284
2.408   0.545665996702   0.542693318484
2.504   0.5456659357   0.542693439445
2.6   0.545665904453   0.542693503003
2.696   0.545665888447   0.542693536399
2.792   0.545665880249   0.542693553947
2.888   0.545665876049   0.542693563167
2.984   0.545665873898   0.542693568011
3.08   0.545665872796   0.542693570556
3.176   0.545665872232   0.542693571894
3.272   0.545665871943   0.542693572597
3.368   0.545665871795   0.542693572966
3.464   0.545665871719   0.54269357316
3.56   0.54566587168   0.542693573262
3.656   0.54566587166   0.542693573315
3.752   0.54566587165   0.542693573343
3.848   0.545665871645   0.542693573358
3.944   0.545665871642   0.542693573366
4.04   0.545665871641   0.54269357337
4.136   0.54566587164   0.542693573372
4.232   0.54566587164   0.542693573373
4.328   0.54566587164   0.542693573374
4.424   0.54566587164   0.542693573374
4.52   0.54566587164   0.542693573374
4.616   0.54566587164   0.542693573375
4.712   0.545665871639   0.542693573375
4.808   0.545665871639   0.542693573375
4.904   0.545665871639   0.542693573375
5.0   0.545665871639   0.542693573375
5.096   0.545665871639   0.542693573375
5.192   0.545665871639   0.542693573375
5.288   0.545665871639   0.542693573375
5.384   0.545665871639   0.542693573375
5.48   0.545665871639   0.542693573375
5.576   0.545665871639   0.542693573375
5.672   0.545665871639   0.542693573375
5.768   0.545665871639   0.542693573375
5.864   0.545665871639   0.542693573375
5.96   0.545665871639   0.542693573375
6.056   0.545665871639   0.542693573375
6.152   0.545665871639   0.542693573375
6.248   0.545665871639   0.542693573375
6.344   0.545665871639   0.542693573375
6.44   0.545665871639   0.542693573375
6.536   0.545665871639   0.542693573375
6.632   0.545665871639   0.542693573375
6.728   0.545665871639   0.542693573375
6.824   0.545665871639   0.542693573375
6.92   0.545665871639   0.542693573375
7.016   0.545665871639   0.542693573375
7.112   0.545665871639   0.542693573375
7.208   0.545665871639   0.542693573375
7.304   0.545665871639   0.542693573375
7.4   0.545665871639   0.542693573375
7.496   0.545665871639   0.542693573375
7.592   0.545665871639   0.542693573375
7.688   0.545665871639   0.542693573375
7.784   0.545665871639   0.542693573375
7.88   0.545665871639   0.542693573375
7.976   0.545665871639   0.542693573375
8.072   0.545665871639   0.542693573375
8.168   0.545665871639   0.542693573375
8.264   0.545665871639   0.542693573375
8.36   0.545665871639   0.542693573375
8.456   0.545665871639   0.542693573375
8.552   0.545665871639   0.542693573375
8.648   0.545665871639   0.542693573375
8.744   0.545665871639   0.542693573375
8.84   0.545665871639   0.542693573375
8.936   0.545665871639   0.542693573375
9.032   0.545665871639   0.542693573375
9.128   0.545665871639   0.542693573375
9.224   0.545665871639   0.542693573375
9.32   0.545665871639   0.542693573375
9.416   0.545665871639   0.542693573375
9.512   0.545665871639   0.542693573375
9.608   0.545665871639   0.542693573375
9.704   0.545665871639   0.542693573375
