0.2   0.565485235892   0.441621558472
0.296   0.56242776445   0.480556021586
0.392   0.559941835266   0.505681716053
0.488   0.558016112955   0.521601092454
0.584   0.556618812482   0.531130694734
0.68   0.555686963655   0.536512119167
0.776   0.555123125455   0.539435321617
0.872   0.554812520986   0.540988123018
0.968   0.554654035319   0.541802987262
1.064   0.554576596807   0.542228324266
1.16   0.55454004631   0.542450279379
1.256   0.554523049979   0.542566160271
1.352   0.55451520682   0.542626771989
1.448   0.554511601349   0.542658522322
1.544   0.554509947051   0.542675172195
1.64   0.554509188705   0.542683909826
1.736   0.554508841228   0.542688497413
1.832   0.554508682046   0.542690906791
1.928   0.554508609131   0.542692172418
2.024   0.554508575734   0.542692837314
2.12   0.554508560437   0.542693186639
2.216   0.55450855343   0.542693370176
2.312   0.554508550221   0.542693466609
2.408   0.554508548751   0.542693517277
2.504   0.554508548078   0.542693543899
2.6   0.55450854777   0.542693557888
2.696   0.554508547629   0.542693565237
2.792   0.554508547564   0.542693569099
2.888   0.554508547534   0.542693571128
2.984   0.554508547521   0.542693572194
3.08   0.554508547514   0.542693572754
3.176   0.554508547512   0.542693573049
3.272   0.55450854751   0.542693573203
3.368   0.55450854751   0.542693573285
3.464   0.554508547509   0.542693573327
3.56   0.554508547509   0.54269357335
3.656   0.554508547509   0.542693573362
3.752   0.554508547509   0.542693573368
3.848   0.554508547509   0.542693573371
3.944   0.554508547509   0.542693573373
4.04   0.554508547509   0.542693573374
4.136   0.554508547509   0.542693573374
4.232   0.554508547509   0.542693573374
4.328   0.554508547509   0.542693573375
4.424   0.554508547509   0.542693573375
4.52   0.554508547509   0.542693573375
4.616   0.554508547509   0.542693573375
4.712   0.554508547509   0.542693573375
4.808   0.554508547509   0.542693573375
4.904   0.554508547509   0.542693573375
5.0   0.554508547509   0.542693573375
5.096   0.554508547509   0.542693573375
5.192   0.554508547509   0.542693573375
5.288   0.554508547509   0.542693573375
5.384   0.554508547509   0.542693573375
5.48   0.554508547509   0.542693573375
5.576   0.554508547509   0.542693573375
5.672   0.554508547509   0.542693573375
5.768   0.554508547509   0.542693573375
5.864   0.554508547509   0.542693573375
5.96   0.554508547509   0.542693573375
6.056   0.554508547509   0.542693573375
6.152   0.554508547509   0.542693573375
6.248   0.554508547509   0.542693573375
6.344   0.554508547509   0.542693573375
6.44   0.554508547509   0.542693573375
6.536   0.554508547509   0.542693573375
6.632   0.554508547509   0.542693573375
6.728   0.554508547509   0.542693573375
6.824   0.554508547509   0.542693573375
6.92   0.554508547509   0.542693573375
7.016   0.554508547509   0.542693573375
7.112   0.554508547509   0.542693573375
7.208   0.554508547509   0.542693573375
7.304   0.554508547509   0.542693573375
7.4   0.554508547509   0.542693573375
7.496   0.554508547509   0.542693573375
7.592   0.554508547509   0.542693573375
7.688   0.554508547509   0.542693573375
7.784   0.554508547509   0.542693573375
7.88   0.554508547509   0.542693573375
7.976   0.554508547509   0.542693573375
8.072   0.554508547509   0.542693573375
8.168   0.554508547509   0.542693573375
8.264   0.554508547509   0.542693573375
8.36   0.554508547509   0.542693573375
8.456   0.554508547509   0.542693573375
8.552   0.554508547509   0.542693573375
8.648   0.554508547509   0.542693573375
8.744   0.554508547509   0.542693573375
8.84   0.554508547509   0.542693573375
8.936   0.554508547509   0.542693573375
9.032   0.554508547509   0.542693573375
9.128   0.554508547509   0.542693573375
9.224   0.554508547509   0.542693573375
9.32   0.554508547509   0.542693573375
9.416   0.554508547509   0.542693573375
9.512   0.554508547509   0.542693573375
9.608   0.554508547509   0.542693573375
9.704   0.554508547509   0.542693573375
