0.2   0.561662669725   0.37715762072
0.296   0.556949817349   0.422984699425
0.392   0.552996243474   0.453682614152
0.488   0.549811640237   0.474694846176
0.584   0.54737311386   0.488954709322
0.68   0.545615865268   0.498391570467
0.776   0.544432280691   0.504448423261
0.872   0.543686693916   0.508228857026
0.968   0.543243690741   0.510539236607
1.064   0.542992159435   0.511932154389
1.16   0.542853365765   0.512765618843
1.256   0.542778420362   0.513262919937
1.352   0.542738419709   0.513559193675
1.448   0.54271721517   0.513735731608
1.544   0.542706018337   0.513840978443
1.64   0.542700118973   0.513903759825
1.736   0.542697014551   0.513941228984
1.832   0.542695382027   0.513963600359
1.928   0.542694523855   0.51397696147
2.024   0.542694072831   0.51398494301
2.12   0.542693835818   0.513989711672
2.216   0.542693711274   0.513992561058
2.312   0.542693645832   0.513994263752
2.408   0.542693611446   0.513995281269
2.504   0.542693593379   0.513995889348
2.6   0.542693583885   0.51399625275
2.696   0.542693578897   0.51399646993
2.792   0.542693576276   0.513996599724
2.888   0.542693574899   0.513996677294
2.984   0.542693574176   0.513996723653
3.08   0.542693573796   0.513996751359
3.176   0.542693573596   0.513996767918
3.272   0.542693573491   0.513996777814
3.368   0.542693573436   0.513996783728
3.464   0.542693573407   0.513996787263
3.56   0.542693573392   0.513996789375
3.656   0.542693573384   0.513996790638
3.752   0.542693573379   0.513996791392
3.848   0.542693573377   0.513996791843
3.944   0.542693573376   0.513996792112
4.04   0.542693573375   0.513996792274
4.136   0.542693573375   0.51399679237
4.232   0.542693573375   0.513996792427
4.328   0.542693573375   0.513996792462
4.424   0.542693573375   0.513996792482
4.52   0.542693573375   0.513996792495
4.616   0.542693573375   0.513996792502
4.712   0.542693573375   0.513996792506
4.808   0.542693573375   0.513996792509
4.904   0.542693573375   0.51399679251
5.0   0.542693573375   0.513996792511
5.096   0.542693573375   0.513996792512
5.192   0.542693573375   0.513996792512
5.288   0.542693573375   0.513996792512
5.384   0.542693573375   0.513996792513
5.48   0.542693573375   0.513996792513
5.576   0.542693573375   0.513996792513
5.672   0.542693573375   0.513996792513
5.768   0.542693573375   0.513996792513
5.864   0.542693573375   0.513996792513
5.96   0.542693573375   0.513996792513
6.056   0.542693573375   0.513996792513
6.152   0.542693573375   0.513996792513
6.248   0.542693573375   0.513996792513
6.344   0.542693573375   0.513996792513
6.44   0.542693573375   0.513996792513
6.536   0.542693573375   0.513996792513
6.632   0.542693573375   0.513996792513
6.728   0.542693573375   0.513996792513
6.824   0.542693573375   0.513996792513
6.92   0.542693573375   0.513996792513
7.016   0.542693573375   0.513996792513
7.112   0.542693573375   0.513996792513
7.208   0.542693573375   0.513996792513
7.304   0.542693573375   0.513996792513
7.4   0.542693573375   0.513996792513
7.496   0.542693573375   0.513996792513
7.592   0.542693573375   0.513996792513
7.688   0.542693573375   0.513996792513
7.784   0.542693573375   0.513996792513
7.88   0.542693573375   0.513996792513
7.976   0.542693573375   0.513996792513
8.072   0.542693573375   0.513996792513
8.168   0.542693573375   0.513996792513
8.264   0.542693573375   0.513996792513
8.36   0.542693573375   0.513996792513
8.456   0.542693573375   0.513996792513
8.552   0.542693573375   0.513996792513
8.648   0.542693573375   0.513996792513
8.744   0.542693573375   0.513996792513
8.84   0.542693573375   0.513996792513
8.936   0.542693573375   0.513996792513
9.032   0.542693573375   0.513996792513
9.128   0.542693573375   0.513996792513
9.224   0.542693573375   0.513996792513
9.32   0.542693573375   0.513996792513
9.416   0.542693573375   0.513996792513
9.512   0.542693573375   0.513996792513
9.608   0.542693573375   0.513996792513
9.704   0.542693573375   0.513996792513
