0.2   0.563880566224   0.410164928361
0.296   0.559982577039   0.456396309684
0.392   0.556612554841   0.486431938418
0.488   0.553750602521   0.506298113336
0.584   0.551362182389   0.519224281159
0.68   0.549402443477   0.527434917101
0.776   0.547820177425   0.532597225025
0.872   0.546561945336   0.535868845723
0.968   0.545575452311   0.537980838097
1.064   0.544812080077   0.539372950022
1.16   0.544228518355   0.540307955646
1.256   0.543787570741   0.540945191792
1.352   0.543458292138   0.541384370778
1.448   0.543215951013   0.541688345126
1.544   0.543040078754   0.541897969872
1.64   0.542915556342   0.54204320569
1.736   0.542830248943   0.542136822917
1.832   0.54277432438   0.54219925225
1.928   0.542742008959   0.542237255328
2.024   0.542720693474   0.542259568847
2.12   0.542708331385   0.542269342385
2.216   0.542701479911   0.542276527235
2.312   0.542697771992   0.54228092888
2.408   0.542695792066   0.542283536051
2.504   0.542694742688   0.542285054514
2.6   0.542694188758   0.542285925316
2.696   0.542693896991   0.542286417109
2.792   0.542693743489   0.542286690902
2.888   0.542693662779   0.542286841427
2.984   0.542693620356   0.542286923325
3.08   0.542693598062   0.542286967515
3.176   0.542693586346   0.542286991208
3.272   0.542693580191   0.54228700385
3.368   0.542693576956   0.542287010572
3.464   0.542693575256   0.542287014137
3.56   0.542693574363   0.542287016025
3.656   0.542693573894   0.542287017023
3.752   0.542693573648   0.54228701755
3.848   0.542693573518   0.542287017828
3.944   0.54269357345   0.542287017975
4.04   0.542693573414   0.542287018052
4.136   0.542693573395   0.542287018093
4.232   0.542693573386   0.542287018115
4.328   0.54269357338   0.542287018126
4.424   0.542693573378   0.542287018132
4.52   0.542693573376   0.542287018135
4.616   0.542693573375   0.542287018137
4.712   0.542693573375   0.542287018138
4.808   0.542693573375   0.542287018138
4.904   0.542693573375   0.542287018138
5.0   0.542693573375   0.542287018138
5.096   0.542693573375   0.542287018138
5.192   0.542693573375   0.542287018138
5.288   0.542693573375   0.542287018138
5.384   0.542693573375   0.542287018139
5.48   0.542693573375   0.542287018139
5.576   0.542693573375   0.542287018139
5.672   0.542693573375   0.542287018139
5.768   0.542693573375   0.542287018139
5.864   0.542693573375   0.542287018139
5.96   0.542693573375   0.542287018139
6.056   0.542693573375   0.542287018139
6.152   0.542693573375   0.542287018139
6.248   0.542693573375   0.542287018139
6.344   0.542693573375   0.542287018139
6.44   0.542693573375   0.542287018139
6.536   0.542693573375   0.542287018139
6.632   0.542693573375   0.542287018139
6.728   0.542693573375   0.542287018139
6.824   0.542693573375   0.542287018139
6.92   0.542693573375   0.542287018139
7.016   0.542693573375   0.542287018139
7.112   0.542693573375   0.542287018139
7.208   0.542693573375   0.542287018139
7.304   0.542693573375   0.542287018139
7.4   0.542693573375   0.542287018139
7.496   0.542693573375   0.542287018139
7.592   0.542693573375   0.542287018139
7.688   0.542693573375   0.542287018139
7.784   0.542693573375   0.542287018139
7.88   0.542693573375   0.542287018139
7.976   0.542693573375   0.542287018139
8.072   0.542693573375   0.542287018139
8.168   0.542693573375   0.542287018139
8.264   0.542693573375   0.542287018139
8.36   0.542693573375   0.542287018139
8.456   0.542693573375   0.542287018139
8.552   0.542693573375   0.542287018139
8.648   0.542693573375   0.542287018139
8.744   0.542693573375   0.542287018139
8.84   0.542693573375   0.542287018139
8.936   0.542693573375   0.542287018139
9.032   0.542693573375   0.542287018139
9.128   0.542693573375   0.542287018139
9.224   0.542693573375   0.542287018139
9.32   0.542693573375   0.542287018139
9.416   0.542693573375   0.542287018139
9.512   0.542693573375   0.542287018139
9.608   0.542693573375   0.542287018139
9.704   0.542693573375   0.542287018139
