0.2   0.5628395698   0.41706524008
0.296   0.558546227635   0.455433935215
0.392   0.554861617598   0.481668475831
0.488   0.551769959269   0.499750743841
0.584   0.549241895161   0.512002590792
0.68   0.547238081527   0.520083608094
0.776   0.545710607297   0.52528349203
0.872   0.54460216208   0.528562353398
0.968   0.543844048107   0.530588252204
1.064   0.543357693857   0.531810999826
1.16   0.543064108782   0.532531291098
1.256   0.542895725751   0.532946636787
1.352   0.542801978404   0.533182875257
1.448   0.542751191195   0.533315790034
1.544   0.542724041256   0.53339020673
1.64   0.542709638311   0.533431760995
1.736   0.542702030537   0.53345493331
1.832   0.542698021647   0.533467846564
1.928   0.54269591195   0.533475040559
2.024   0.542694802508   0.533479047829
2.12   0.542694219305   0.533481279892
2.216   0.542693912796   0.533482523142
2.312   0.542693751726   0.533483215628
2.408   0.542693667088   0.533483601341
2.504   0.542693622615   0.533483816184
2.6   0.542693599247   0.533483935853
2.696   0.542693586969   0.533484002508
2.792   0.542693580518   0.533484039636
2.888   0.542693577128   0.533484060317
2.984   0.542693575347   0.533484071836
3.08   0.542693574411   0.533484078252
3.176   0.542693573919   0.533484081826
3.272   0.542693573661   0.533484083817
3.368   0.542693573525   0.533484084926
3.464   0.542693573454   0.533484085543
3.56   0.542693573416   0.533484085887
3.656   0.542693573396   0.533484086079
3.752   0.542693573386   0.533484086186
3.848   0.542693573381   0.533484086245
3.944   0.542693573378   0.533484086278
4.04   0.542693573376   0.533484086297
4.136   0.542693573376   0.533484086307
4.232   0.542693573375   0.533484086313
4.328   0.542693573375   0.533484086316
4.424   0.542693573375   0.533484086318
4.52   0.542693573375   0.533484086319
4.616   0.542693573375   0.533484086319
4.712   0.542693573375   0.533484086319
4.808   0.542693573375   0.53348408632
4.904   0.542693573375   0.53348408632
5.0   0.542693573375   0.53348408632
5.096   0.542693573375   0.53348408632
5.192   0.542693573375   0.53348408632
5.288   0.542693573375   0.53348408632
5.384   0.542693573375   0.53348408632
5.48   0.542693573375   0.53348408632
5.576   0.542693573375   0.53348408632
5.672   0.542693573375   0.53348408632
5.768   0.542693573375   0.53348408632
5.864   0.542693573375   0.53348408632
5.96   0.542693573375   0.53348408632
6.056   0.542693573375   0.53348408632
6.152   0.542693573375   0.53348408632
6.248   0.542693573375   0.53348408632
6.344   0.542693573375   0.53348408632
6.44   0.542693573375   0.53348408632
6.536   0.542693573375   0.53348408632
6.632   0.542693573375   0.53348408632
6.728   0.542693573375   0.53348408632
6.824   0.542693573375   0.53348408632
6.92   0.542693573375   0.53348408632
7.016   0.542693573375   0.53348408632
7.112   0.542693573375   0.53348408632
7.208   0.542693573375   0.53348408632
7.304   0.542693573375   0.53348408632
7.4   0.542693573375   0.53348408632
7.496   0.542693573375   0.53348408632
7.592   0.542693573375   0.53348408632
7.688   0.542693573375   0.53348408632
7.784   0.542693573375   0.53348408632
7.88   0.542693573375   0.53348408632
7.976   0.542693573375   0.53348408632
8.072   0.542693573375   0.53348408632
8.168   0.542693573375   0.53348408632
8.264   0.542693573375   0.53348408632
8.36   0.542693573375   0.53348408632
8.456   0.542693573375   0.53348408632
8.552   0.542693573375   0.53348408632
8.648   0.542693573375   0.53348408632
8.744   0.542693573375   0.53348408632
8.84   0.542693573375   0.53348408632
8.936   0.542693573375   0.53348408632
9.032   0.542693573375   0.53348408632
9.128   0.542693573375   0.53348408632
9.224   0.542693573375   0.53348408632
9.32   0.542693573375   0.53348408632
9.416   0.542693573375   0.53348408632
9.512   0.542693573375   0.53348408632
9.608   0.542693573375   0.53348408632
9.704   0.542693573375   0.53348408632
