0.2   0.56415906243   0.420799254044
0.296   0.560403848145   0.463800812104
0.392   0.557176492409   0.491974088429
0.488   0.554454696433   0.510606589649
0.584   0.552202479051   0.522646905021
0.68   0.550374732177   0.530211271417
0.776   0.548921314208   0.534907186781
0.872   0.547791151723   0.537838522427
0.968   0.54693528388   0.539689901869
1.064   0.5463084697   0.540866891108
1.16   0.545869161437   0.541610540147
1.256   0.545577504735   0.542070542776
1.352   0.545395672735   0.542345132655
1.448   0.545289857955   0.542503332327
1.544   0.54522967883   0.54259145968
1.64   0.545197226928   0.542639223389
1.736   0.545180093904   0.542664811597
1.832   0.545171154561   0.54267840298
1.928   0.545166520449   0.542685586286
2.024   0.545164126487   0.542689372317
2.12   0.545162892057   0.54269136482
2.216   0.54516225615   0.542692412613
2.312   0.545161928735   0.542692963389
2.408   0.545161760201   0.542693252847
2.504   0.545161673462   0.542693404953
2.6   0.545161628823   0.542693484879
2.696   0.545161605851   0.542693526876
2.792   0.54516159403   0.542693548943
2.888   0.545161587947   0.542693560537
2.984   0.545161584817   0.54269356663
3.08   0.545161583206   0.542693569831
3.176   0.545161582377   0.542693571512
3.272   0.54516158195   0.542693572396
3.368   0.545161581731   0.542693572861
3.464   0.545161581618   0.542693573105
3.56   0.54516158156   0.542693573233
3.656   0.54516158153   0.5426935733
3.752   0.545161581514   0.542693573335
3.848   0.545161581506   0.542693573354
3.944   0.545161581502   0.542693573364
4.04   0.5451615815   0.542693573369
4.136   0.545161581499   0.542693573372
4.232   0.545161581499   0.542693573373
4.328   0.545161581498   0.542693573374
4.424   0.545161581498   0.542693573374
4.52   0.545161581498   0.542693573374
4.616   0.545161581498   0.542693573375
4.712   0.545161581498   0.542693573375
4.808   0.545161581498   0.542693573375
4.904   0.545161581498   0.542693573375
5.0   0.545161581498   0.542693573375
5.096   0.545161581498   0.542693573375
5.192   0.545161581498   0.542693573375
5.288   0.545161581498   0.542693573375
5.384   0.545161581498   0.542693573375
5.48   0.545161581498   0.542693573375
5.576   0.545161581498   0.542693573375
5.672   0.545161581498   0.542693573375
5.768   0.545161581498   0.542693573375
5.864   0.545161581498   0.542693573375
5.96   0.545161581498   0.542693573375
6.056   0.545161581498   0.542693573375
6.152   0.545161581498   0.542693573375
6.248   0.545161581498   0.542693573375
6.344   0.545161581498   0.542693573375
6.44   0.545161581498   0.542693573375
6.536   0.545161581498   0.542693573375
6.632   0.545161581498   0.542693573375
6.728   0.545161581498   0.542693573375
6.824   0.545161581498   0.542693573375
6.92   0.545161581498   0.542693573375
7.016   0.545161581498   0.542693573375
7.112   0.545161581498   0.542693573375
7.208   0.545161581498   0.542693573375
7.304   0.545161581498   0.542693573375
7.4   0.545161581498   0.542693573375
7.496   0.545161581498   0.542693573375
7.592   0.545161581498   0.542693573375
7.688   0.545161581498   0.542693573375
7.784   0.545161581498   0.542693573375
7.88   0.545161581498   0.542693573375
7.976   0.545161581498   0.542693573375
8.072   0.545161581498   0.542693573375
8.168   0.545161581498   0.542693573375
8.264   0.545161581498   0.542693573375
8.36   0.545161581498   0.542693573375
8.456   0.545161581498   0.542693573375
8.552   0.545161581498   0.542693573375
8.648   0.545161581498   0.542693573375
8.744   0.545161581498   0.542693573375
8.84   0.545161581498   0.542693573375
8.936   0.545161581498   0.542693573375
9.032   0.545161581498   0.542693573375
9.128   0.545161581498   0.542693573375
9.224   0.545161581498   0.542693573375
9.32   0.545161581498   0.542693573375
9.416   0.545161581498   0.542693573375
9.512   0.545161581498   0.542693573375
9.608   0.545161581498   0.542693573375
9.704   0.545161581498   0.542693573375
