0.2   0.568876171256   0.472652548074
0.296   0.567782730547   0.504716750387
0.392   0.567270967762   0.523429308798
0.488   0.567080758294   0.533328994217
0.584   0.567020366375   0.538141119006
0.68   0.567002372819   0.540436489218
0.776   0.566997226316   0.541552255279
0.872   0.566995766756   0.542108107195
0.968   0.566995354007   0.542390403999
1.064   0.566995237396   0.54253566263
1.16   0.566995204461   0.542611024825
1.256   0.56699519516   0.542650329343
1.352   0.566995192533   0.542670890879
1.448   0.566995191791   0.542681667112
1.544   0.566995191582   0.542687320997
1.64   0.566995191522   0.542690289238
1.736   0.566995191506   0.542691848101
1.832   0.566995191501   0.542692666956
1.928   0.5669951915   0.542693097142
2.024   0.566995191499   0.542693323155
2.12   0.566995191499   0.542693441904
2.216   0.566995191499   0.542693504297
2.312   0.566995191499   0.542693537079
2.408   0.566995191499   0.542693554304
2.504   0.566995191499   0.542693563354
2.6   0.566995191499   0.54269356811
2.696   0.566995191499   0.542693570608
2.792   0.566995191499   0.542693571921
2.888   0.566995191499   0.542693572611
2.984   0.566995191499   0.542693572973
3.08   0.566995191499   0.542693573164
3.176   0.566995191499   0.542693573264
3.272   0.566995191499   0.542693573316
3.368   0.566995191499   0.542693573344
3.464   0.566995191499   0.542693573359
3.56   0.566995191499   0.542693573366
3.656   0.566995191499   0.54269357337
3.752   0.566995191499   0.542693573372
3.848   0.566995191499   0.542693573373
3.944   0.566995191499   0.542693573374
4.04   0.566995191499   0.542693573374
4.136   0.566995191499   0.542693573374
4.232   0.566995191499   0.542693573375
4.328   0.566995191499   0.542693573375
4.424   0.566995191499   0.542693573375
4.52   0.566995191499   0.542693573375
4.616   0.566995191499   0.542693573375
4.712   0.566995191499   0.542693573375
4.808   0.566995191499   0.542693573375
4.904   0.566995191499   0.542693573375
5.0   0.566995191499   0.542693573375
5.096   0.566995191499   0.542693573375
5.192   0.566995191499   0.542693573375
5.288   0.566995191499   0.542693573375
5.384   0.566995191499   0.542693573375
5.48   0.566995191499   0.542693573375
5.576   0.566995191499   0.542693573375
5.672   0.566995191499   0.542693573375
5.768   0.566995191499   0.542693573375
5.864   0.566995191499   0.542693573375
5.96   0.566995191499   0.542693573375
6.056   0.566995191499   0.542693573375
6.152   0.566995191499   0.542693573375
6.248   0.566995191499   0.542693573375
6.344   0.566995191499   0.542693573375
6.44   0.566995191499   0.542693573375
6.536   0.566995191499   0.542693573375
6.632   0.566995191499   0.542693573375
6.728   0.566995191499   0.542693573375
6.824   0.566995191499   0.542693573375
6.92   0.566995191499   0.542693573375
7.016   0.566995191499   0.542693573375
7.112   0.566995191499   0.542693573375
7.208   0.566995191499   0.542693573375
7.304   0.566995191499   0.542693573375
7.4   0.566995191499   0.542693573375
7.496   0.566995191499   0.542693573375
7.592   0.566995191499   0.542693573375
7.688   0.566995191499   0.542693573375
7.784   0.566995191499   0.542693573375
7.88   0.566995191499   0.542693573375
7.976   0.566995191499   0.542693573375
8.072   0.566995191499   0.542693573375
8.168   0.566995191499   0.542693573375
8.264   0.566995191499   0.542693573375
8.36   0.566995191499   0.542693573375
8.456   0.566995191499   0.542693573375
8.552   0.566995191499   0.542693573375
8.648   0.566995191499   0.542693573375
8.744   0.566995191499   0.542693573375
8.84   0.566995191499   0.542693573375
8.936   0.566995191499   0.542693573375
9.032   0.566995191499   0.542693573375
9.128   0.566995191499   0.542693573375
9.224   0.566995191499   0.542693573375
9.32   0.566995191499   0.542693573375
9.416   0.566995191499   0.542693573375
9.512   0.566995191499   0.542693573375
9.608   0.566995191499   0.542693573375
9.704   0.566995191499   0.542693573375
