0.2   0.564752261537   0.437802046372
0.296   0.561315028189   0.475911458942
0.392   0.558423275263   0.501086156533
0.488   0.556057099831   0.517590491617
0.584   0.554186138815   0.527990017402
0.68   0.552770152357   0.534269257973
0.776   0.551758237653   0.537955563983
0.872   0.551085269087   0.540078463118
0.968   0.55067205451   0.541275761328
1.064   0.550436959517   0.541935599803
1.16   0.550311267663   0.542291851249
1.256   0.550246274425   0.542481801459
1.352   0.550213673877   0.542582161357
1.448   0.55019753444   0.54263501349
1.544   0.550189600085   0.542662804317
1.64   0.550185713708   0.54267740812
1.736   0.550183813684   0.542685080634
1.832   0.55018288567   0.542689111439
1.928   0.55018243263   0.54269122909
2.024   0.550182211518   0.542692341669
2.12   0.550182103615   0.542692926217
2.216   0.550182050962   0.542693233344
2.312   0.55018202527   0.542693394714
2.408   0.550182012733   0.542693479502
2.504   0.550182006616   0.542693524051
2.6   0.550182003631   0.542693547459
2.696   0.550182002175   0.542693559758
2.792   0.550182001464   0.54269356622
2.888   0.550182001118   0.542693569615
2.984   0.550182000949   0.542693571399
3.08   0.550182000866   0.542693572337
3.176   0.550182000826   0.542693572829
3.272   0.550182000806   0.542693573088
3.368   0.550182000796   0.542693573224
3.464   0.550182000792   0.542693573296
3.56   0.550182000789   0.542693573333
3.656   0.550182000788   0.542693573353
3.752   0.550182000788   0.542693573363
3.848   0.550182000788   0.542693573369
3.944   0.550182000787   0.542693573371
4.04   0.550182000787   0.542693573373
4.136   0.550182000787   0.542693573374
4.232   0.550182000787   0.542693573374
4.328   0.550182000787   0.542693573374
4.424   0.550182000787   0.542693573375
4.52   0.550182000787   0.542693573375
4.616   0.550182000787   0.542693573375
4.712   0.550182000787   0.542693573375
4.808   0.550182000787   0.542693573375
4.904   0.550182000787   0.542693573375
5.0   0.550182000787   0.542693573375
5.096   0.550182000787   0.542693573375
5.192   0.550182000787   0.542693573375
5.288   0.550182000787   0.542693573375
5.384   0.550182000787   0.542693573375
5.48   0.550182000787   0.542693573375
5.576   0.550182000787   0.542693573375
5.672   0.550182000787   0.542693573375
5.768   0.550182000787   0.542693573375
5.864   0.550182000787   0.542693573375
5.96   0.550182000787   0.542693573375
6.056   0.550182000787   0.542693573375
6.152   0.550182000787   0.542693573375
6.248   0.550182000787   0.542693573375
6.344   0.550182000787   0.542693573375
6.44   0.550182000787   0.542693573375
6.536   0.550182000787   0.542693573375
6.632   0.550182000787   0.542693573375
6.728   0.550182000787   0.542693573375
6.824   0.550182000787   0.542693573375
6.92   0.550182000787   0.542693573375
7.016   0.550182000787   0.542693573375
7.112   0.550182000787   0.542693573375
7.208   0.550182000787   0.542693573375
7.304   0.550182000787   0.542693573375
7.4   0.550182000787   0.542693573375
7.496   0.550182000787   0.542693573375
7.592   0.550182000787   0.542693573375
7.688   0.550182000787   0.542693573375
7.784   0.550182000787   0.542693573375
7.88   0.550182000787   0.542693573375
7.976   0.550182000787   0.542693573375
8.072   0.550182000787   0.542693573375
8.168   0.550182000787   0.542693573375
8.264   0.550182000787   0.542693573375
8.36   0.550182000787   0.542693573375
8.456   0.550182000787   0.542693573375
8.552   0.550182000787   0.542693573375
8.648   0.550182000787   0.542693573375
8.744   0.550182000787   0.542693573375
8.84   0.550182000787   0.542693573375
8.936   0.550182000787   0.542693573375
9.032   0.550182000787   0.542693573375
9.128   0.550182000787   0.542693573375
9.224   0.550182000787   0.542693573375
9.32   0.550182000787   0.542693573375
9.416   0.550182000787   0.542693573375
9.512   0.550182000787   0.542693573375
9.608   0.550182000787   0.542693573375
9.704   0.550182000787   0.542693573375
