0.2   0.562261393684   0.39464389958
0.296   0.55774027334   0.438120617092
0.392   0.553889624862   0.467379258297
0.488   0.550711188271   0.487421887815
0.584   0.548187411007   0.500996076375
0.68   0.546278527042   0.509947962831
0.776   0.544917416869   0.515672575053
0.872   0.544009031746   0.519229106967
0.968   0.543441348341   0.521384597803
1.064   0.543106275865   0.522665975787
1.16   0.542917023106   0.523417661939
1.256   0.542812949237   0.523855122944
1.352   0.54275689057   0.5241087662
1.448   0.542727017645   0.524255553608
1.544   0.542711197275   0.52434040165
1.64   0.542702848369   0.524389489651
1.736   0.542698451025   0.524417884762
1.832   0.542696137473   0.524434313543
1.928   0.542694920983   0.524443820671
2.024   0.54269428155   0.524449323141
2.12   0.5426939455   0.524452508167
2.216   0.542693768909   0.524454351912
2.312   0.542693676117   0.524455419273
2.408   0.542693627359   0.524456037199
2.504   0.54269360174   0.524456394942
2.6   0.542693588279   0.524456602057
2.696   0.542693581206   0.524456721968
2.792   0.542693577489   0.524456791391
2.888   0.542693575537   0.524456831584
2.984   0.542693574511   0.524456854855
3.08   0.542693573972   0.524456868328
3.176   0.542693573688   0.524456876128
3.272   0.542693573539   0.524456880644
3.368   0.542693573461   0.524456883258
3.464   0.54269357342   0.524456884772
3.56   0.542693573399   0.524456885649
3.656   0.542693573387   0.524456886156
3.752   0.542693573381   0.52445688645
3.848   0.542693573378   0.52445688662
3.944   0.542693573376   0.524456886718
4.04   0.542693573376   0.524456886775
4.136   0.542693573375   0.524456886808
4.232   0.542693573375   0.524456886828
4.328   0.542693573375   0.524456886839
4.424   0.542693573375   0.524456886845
4.52   0.542693573375   0.524456886849
4.616   0.542693573375   0.524456886851
4.712   0.542693573375   0.524456886852
4.808   0.542693573375   0.524456886853
4.904   0.542693573375   0.524456886853
5.0   0.542693573375   0.524456886854
5.096   0.542693573375   0.524456886854
5.192   0.542693573375   0.524456886854
5.288   0.542693573375   0.524456886854
5.384   0.542693573375   0.524456886854
5.48   0.542693573375   0.524456886854
5.576   0.542693573375   0.524456886854
5.672   0.542693573375   0.524456886854
5.768   0.542693573375   0.524456886854
5.864   0.542693573375   0.524456886854
5.96   0.542693573375   0.524456886854
6.056   0.542693573375   0.524456886854
6.152   0.542693573375   0.524456886854
6.248   0.542693573375   0.524456886854
6.344   0.542693573375   0.524456886854
6.44   0.542693573375   0.524456886854
6.536   0.542693573375   0.524456886854
6.632   0.542693573375   0.524456886854
6.728   0.542693573375   0.524456886854
6.824   0.542693573375   0.524456886854
6.92   0.542693573375   0.524456886854
7.016   0.542693573375   0.524456886854
7.112   0.542693573375   0.524456886854
7.208   0.542693573375   0.524456886854
7.304   0.542693573375   0.524456886854
7.4   0.542693573375   0.524456886854
7.496   0.542693573375   0.524456886854
7.592   0.542693573375   0.524456886854
7.688   0.542693573375   0.524456886854
7.784   0.542693573375   0.524456886854
7.88   0.542693573375   0.524456886854
7.976   0.542693573375   0.524456886854
8.072   0.542693573375   0.524456886854
8.168   0.542693573375   0.524456886854
8.264   0.542693573375   0.524456886854
8.36   0.542693573375   0.524456886854
8.456   0.542693573375   0.524456886854
8.552   0.542693573375   0.524456886854
8.648   0.542693573375   0.524456886854
8.744   0.542693573375   0.524456886854
8.84   0.542693573375   0.524456886854
8.936   0.542693573375   0.524456886854
9.032   0.542693573375   0.524456886854
9.128   0.542693573375   0.524456886854
9.224   0.542693573375   0.524456886854
9.32   0.542693573375   0.524456886854
9.416   0.542693573375   0.524456886854
9.512   0.542693573375   0.524456886854
9.608   0.542693573375   0.524456886854
9.704   0.542693573375   0.524456886854
