0.2   0.561334724675   0.376260311437
0.296   0.556538208193   0.420001338009
0.392   0.552556503537   0.449625352691
0.488   0.549396117602   0.470043620832
0.584   0.547022311862   0.483973325023
0.68   0.545350343104   0.493236493697
0.776   0.544250710326   0.499213148319
0.872   0.543572782169   0.502967277047
0.968   0.543176730893   0.505279831116
1.064   0.542954455993   0.506687410214
1.16   0.542832775751   0.507538788112
1.256   0.542767360789   0.508052609156
1.352   0.542732536286   0.508362412632
1.448   0.542714102481   0.508549267438
1.544   0.542704376601   0.508662033889
1.64   0.542699254548   0.508730129393
1.736   0.542696559835   0.508771271079
1.832   0.542695142956   0.508796138016
1.928   0.542694398196   0.508811172688
2.024   0.542694006794   0.508820264702
2.12   0.542693801116   0.508825763812
2.216   0.54269369304   0.50882909018
2.312   0.542693636251   0.508831102416
2.408   0.542693606412   0.508832319746
2.504   0.542693590734   0.508833056211
2.6   0.542693582496   0.508833501768
2.696   0.542693578167   0.508833771332
2.792   0.542693575893   0.508833934421
2.888   0.542693574698   0.508834033092
2.984   0.54269357407   0.508834092789
3.08   0.54269357374   0.508834128907
3.176   0.542693573567   0.508834150759
3.272   0.542693573475   0.50883416398
3.368   0.542693573428   0.508834171978
3.464   0.542693573402   0.508834176818
3.56   0.542693573389   0.508834179746
3.656   0.542693573382   0.508834181517
3.752   0.542693573379   0.508834182589
3.848   0.542693573377   0.508834183238
3.944   0.542693573376   0.50883418363
4.04   0.542693573375   0.508834183867
4.136   0.542693573375   0.508834184011
4.232   0.542693573375   0.508834184098
4.328   0.542693573375   0.50883418415
4.424   0.542693573375   0.508834184182
4.52   0.542693573375   0.508834184201
4.616   0.542693573375   0.508834184213
4.712   0.542693573375   0.50883418422
4.808   0.542693573375   0.508834184224
4.904   0.542693573375   0.508834184227
5.0   0.542693573375   0.508834184228
5.096   0.542693573375   0.508834184229
5.192   0.542693573375   0.50883418423
5.288   0.542693573375   0.50883418423
5.384   0.542693573375   0.50883418423
5.48   0.542693573375   0.508834184231
5.576   0.542693573375   0.508834184231
5.672   0.542693573375   0.508834184231
5.768   0.542693573375   0.508834184231
5.864   0.542693573375   0.508834184231
5.96   0.542693573375   0.508834184231
6.056   0.542693573375   0.508834184231
6.152   0.542693573375   0.508834184231
6.248   0.542693573375   0.508834184231
6.344   0.542693573375   0.508834184231
6.44   0.542693573375   0.508834184231
6.536   0.542693573375   0.508834184231
6.632   0.542693573375   0.508834184231
6.728   0.542693573375   0.508834184231
6.824   0.542693573375   0.508834184231
6.92   0.542693573375   0.508834184231
7.016   0.542693573375   0.508834184231
7.112   0.542693573375   0.508834184231
7.208   0.542693573375   0.508834184231
7.304   0.542693573375   0.508834184231
7.4   0.542693573375   0.508834184231
7.496   0.542693573375   0.508834184231
7.592   0.542693573375   0.508834184231
7.688   0.542693573375   0.508834184231
7.784   0.542693573375   0.508834184231
7.88   0.542693573375   0.508834184231
7.976   0.542693573375   0.508834184231
8.072   0.542693573375   0.508834184231
8.168   0.542693573375   0.508834184231
8.264   0.542693573375   0.508834184231
8.36   0.542693573375   0.508834184231
8.456   0.542693573375   0.508834184231
8.552   0.542693573375   0.508834184231
8.648   0.542693573375   0.508834184231
8.744   0.542693573375   0.508834184231
8.84   0.542693573375   0.508834184231
8.936   0.542693573375   0.508834184231
9.032   0.542693573375   0.508834184231
9.128   0.542693573375   0.508834184231
9.224   0.542693573375   0.508834184231
9.32   0.542693573375   0.508834184231
9.416   0.542693573375   0.508834184231
9.512   0.542693573375   0.508834184231
9.608   0.542693573375   0.508834184231
9.704   0.542693573375   0.508834184231
