0.2   0.566286706719   0.452847839859
0.296   0.563695466484   0.489028289783
0.392   0.561730990742   0.512066469065
0.488   0.560365885315   0.526142390281
0.584   0.559517535778   0.534091999126
0.68   0.5590506375   0.538292400452
0.776   0.558819615178   0.540442367589
0.872   0.558713717529   0.541535752704
0.968   0.55866705613   0.542094321085
1.064   0.558647052103   0.542381880676
1.16   0.558638568008   0.542530864975
1.256   0.558634987993   0.54260840688
1.352   0.558633480887   0.542648930518
1.448   0.558632847108   0.542670149754
1.544   0.558632580715   0.542681276082
1.64   0.558632468767   0.54268711511
1.736   0.558632421728   0.542690180946
1.832   0.558632401963   0.542691791172
1.928   0.558632393658   0.542692637035
2.024   0.558632390169   0.542693081419
2.12   0.558632388703   0.542693314893
2.216   0.558632388087   0.542693437563
2.312   0.558632387828   0.542693502016
2.408   0.55863238772   0.542693535881
2.504   0.558632387674   0.542693553674
2.6   0.558632387655   0.542693563023
2.696   0.558632387647   0.542693567936
2.792   0.558632387643   0.542693570517
2.888   0.558632387642   0.542693571873
2.984   0.558632387641   0.542693572586
3.08   0.558632387641   0.54269357296
3.176   0.558632387641   0.542693573157
3.272   0.558632387641   0.54269357326
3.368   0.558632387641   0.542693573315
3.464   0.558632387641   0.542693573343
3.56   0.558632387641   0.542693573358
3.656   0.558632387641   0.542693573366
3.752   0.558632387641   0.54269357337
3.848   0.558632387641   0.542693573372
3.944   0.558632387641   0.542693573373
4.04   0.558632387641   0.542693573374
4.136   0.558632387641   0.542693573374
4.232   0.558632387641   0.542693573374
4.328   0.558632387641   0.542693573375
4.424   0.558632387641   0.542693573375
4.52   0.558632387641   0.542693573375
4.616   0.558632387641   0.542693573375
4.712   0.558632387641   0.542693573375
4.808   0.558632387641   0.542693573375
4.904   0.558632387641   0.542693573375
5.0   0.558632387641   0.542693573375
5.096   0.558632387641   0.542693573375
5.192   0.558632387641   0.542693573375
5.288   0.558632387641   0.542693573375
5.384   0.558632387641   0.542693573375
5.48   0.558632387641   0.542693573375
5.576   0.558632387641   0.542693573375
5.672   0.558632387641   0.542693573375
5.768   0.558632387641   0.542693573375
5.864   0.558632387641   0.542693573375
5.96   0.558632387641   0.542693573375
6.056   0.558632387641   0.542693573375
6.152   0.558632387641   0.542693573375
6.248   0.558632387641   0.542693573375
6.344   0.558632387641   0.542693573375
6.44   0.558632387641   0.542693573375
6.536   0.558632387641   0.542693573375
6.632   0.558632387641   0.542693573375
6.728   0.558632387641   0.542693573375
6.824   0.558632387641   0.542693573375
6.92   0.558632387641   0.542693573375
7.016   0.558632387641   0.542693573375
7.112   0.558632387641   0.542693573375
7.208   0.558632387641   0.542693573375
7.304   0.558632387641   0.542693573375
7.4   0.558632387641   0.542693573375
7.496   0.558632387641   0.542693573375
7.592   0.558632387641   0.542693573375
7.688   0.558632387641   0.542693573375
7.784   0.558632387641   0.542693573375
7.88   0.558632387641   0.542693573375
7.976   0.558632387641   0.542693573375
8.072   0.558632387641   0.542693573375
8.168   0.558632387641   0.542693573375
8.264   0.558632387641   0.542693573375
8.36   0.558632387641   0.542693573375
8.456   0.558632387641   0.542693573375
8.552   0.558632387641   0.542693573375
8.648   0.558632387641   0.542693573375
8.744   0.558632387641   0.542693573375
8.84   0.558632387641   0.542693573375
8.936   0.558632387641   0.542693573375
9.032   0.558632387641   0.542693573375
9.128   0.558632387641   0.542693573375
9.224   0.558632387641   0.542693573375
9.32   0.558632387641   0.542693573375
9.416   0.558632387641   0.542693573375
9.512   0.558632387641   0.542693573375
9.608   0.558632387641   0.542693573375
9.704   0.558632387641   0.542693573375
