0.2   0.562753526502   0.408747784956
0.296   0.558415220873   0.449780910608
0.392   0.554690954365   0.47753483529
0.488   0.551570343691   0.496552810454
0.584   0.549028815688   0.509398402676
0.68   0.547030099515   0.517849866164
0.776   0.545526055794   0.523266834927
0.872   0.544454441025   0.526660482162
0.968   0.543737636834   0.528739513147
1.064   0.543288156148   0.529983874204
1.16   0.543022085224   0.530712701537
1.256   0.54287159436   0.531132267145
1.352   0.542788688085   0.531371297452
1.448   0.542744021057   0.531506436884
1.544   0.542720218408   0.531582592404
1.64   0.54270761356   0.531625438036
1.736   0.542700962045   0.531649524718
1.832   0.542697458909   0.531663061201
1.928   0.542695615895   0.531670667696
2.024   0.542694646846   0.531674941876
2.12   0.542694137485   0.531677343612
2.216   0.542693869797   0.531678693216
2.312   0.54269372913   0.53167945161
2.408   0.542693655215   0.531679877787
2.504   0.542693616377   0.531680117278
2.6   0.542693595969   0.531680251862
2.696   0.542693585247   0.531680327493
2.792   0.542693579613   0.531680369994
2.888   0.542693576652   0.531680393878
2.984   0.542693575097   0.5316804073
3.08   0.54269357428   0.531680414843
3.176   0.54269357385   0.531680419082
3.272   0.542693573624   0.531680421464
3.368   0.542693573506   0.531680422803
3.464   0.542693573444   0.531680423555
3.56   0.542693573411   0.531680423978
3.656   0.542693573394   0.531680424215
3.752   0.542693573385   0.531680424349
3.848   0.54269357338   0.531680424424
3.944   0.542693573377   0.531680424466
4.04   0.542693573376   0.531680424489
4.136   0.542693573375   0.531680424503
4.232   0.542693573375   0.53168042451
4.328   0.542693573375   0.531680424514
4.424   0.542693573375   0.531680424517
4.52   0.542693573375   0.531680424518
4.616   0.542693573375   0.531680424519
4.712   0.542693573375   0.531680424519
4.808   0.542693573375   0.53168042452
4.904   0.542693573375   0.53168042452
5.0   0.542693573375   0.53168042452
5.096   0.542693573375   0.53168042452
5.192   0.542693573375   0.53168042452
5.288   0.542693573375   0.53168042452
5.384   0.542693573375   0.53168042452
5.48   0.542693573375   0.53168042452
5.576   0.542693573375   0.53168042452
5.672   0.542693573375   0.53168042452
5.768   0.542693573375   0.53168042452
5.864   0.542693573375   0.53168042452
5.96   0.542693573375   0.53168042452
6.056   0.542693573375   0.53168042452
6.152   0.542693573375   0.53168042452
6.248   0.542693573375   0.53168042452
6.344   0.542693573375   0.53168042452
6.44   0.542693573375   0.53168042452
6.536   0.542693573375   0.53168042452
6.632   0.542693573375   0.53168042452
6.728   0.542693573375   0.53168042452
6.824   0.542693573375   0.53168042452
6.92   0.542693573375   0.53168042452
7.016   0.542693573375   0.53168042452
7.112   0.542693573375   0.53168042452
7.208   0.542693573375   0.53168042452
7.304   0.542693573375   0.53168042452
7.4   0.542693573375   0.53168042452
7.496   0.542693573375   0.53168042452
7.592   0.542693573375   0.53168042452
7.688   0.542693573375   0.53168042452
7.784   0.542693573375   0.53168042452
7.88   0.542693573375   0.53168042452
7.976   0.542693573375   0.53168042452
8.072   0.542693573375   0.53168042452
8.168   0.542693573375   0.53168042452
8.264   0.542693573375   0.53168042452
8.36   0.542693573375   0.53168042452
8.456   0.542693573375   0.53168042452
8.552   0.542693573375   0.53168042452
8.648   0.542693573375   0.53168042452
8.744   0.542693573375   0.53168042452
8.84   0.542693573375   0.53168042452
8.936   0.542693573375   0.53168042452
9.032   0.542693573375   0.53168042452
9.128   0.542693573375   0.53168042452
9.224   0.542693573375   0.53168042452
9.32   0.542693573375   0.53168042452
9.416   0.542693573375   0.53168042452
9.512   0.542693573375   0.53168042452
9.608   0.542693573375   0.53168042452
9.704   0.542693573375   0.53168042452
