0.2   0.56260529944   0.408291643114
0.296   0.558215327782   0.448705813922
0.392   0.55445596021   0.476165658599
0.488   0.551318687312   0.495050574686
0.584   0.548780210654   0.507848775648
0.68   0.54680382911   0.516290436673
0.776   0.545337785154   0.521703859535
0.872   0.544312388018   0.525087574344
0.968   0.543640282549   0.52715167653
1.064   0.543226983979   0.528382057406
1.16   0.54298651461   0.529101154027
1.256   0.54285133055   0.529515439742
1.352   0.542777637187   0.529752165898
1.448   0.542738092382   0.529886676169
1.544   0.542717067258   0.529962935147
1.64   0.542705947393   0.530006124223
1.736   0.542700083586   0.530030573883
1.832   0.542696996482   0.530044413203
1.928   0.542695372678   0.53005224666
2.024   0.542694518982   0.53005668078
2.12   0.542694070282   0.530059190816
2.216   0.542693834481   0.530060611733
2.312   0.542693710573   0.530061416129
2.408   0.542693645464   0.530061871515
2.504   0.542693611253   0.530062129323
2.6   0.542693593277   0.530062275277
2.696   0.542693583832   0.530062357907
2.792   0.542693578869   0.530062404688
2.888   0.542693576262   0.530062431172
2.984   0.542693574892   0.530062446166
3.08   0.542693574172   0.530062454655
3.176   0.542693573793   0.53006245946
3.272   0.542693573595   0.530062462181
3.368   0.54269357349   0.530062463721
3.464   0.542693573435   0.530062464594
3.56   0.542693573407   0.530062465087
3.656   0.542693573391   0.530062465367
3.752   0.542693573383   0.530062465525
3.848   0.542693573379   0.530062465615
3.944   0.542693573377   0.530062465665
4.04   0.542693573376   0.530062465694
4.136   0.542693573375   0.53006246571
4.232   0.542693573375   0.53006246572
4.328   0.542693573375   0.530062465725
4.424   0.542693573375   0.530062465728
4.52   0.542693573375   0.530062465729
4.616   0.542693573375   0.53006246573
4.712   0.542693573375   0.530062465731
4.808   0.542693573375   0.530062465731
4.904   0.542693573375   0.530062465731
5.0   0.542693573375   0.530062465731
5.096   0.542693573375   0.530062465731
5.192   0.542693573375   0.530062465732
5.288   0.542693573375   0.530062465732
5.384   0.542693573375   0.530062465732
5.48   0.542693573375   0.530062465732
5.576   0.542693573375   0.530062465732
5.672   0.542693573375   0.530062465732
5.768   0.542693573375   0.530062465732
5.864   0.542693573375   0.530062465732
5.96   0.542693573375   0.530062465732
6.056   0.542693573375   0.530062465732
6.152   0.542693573375   0.530062465732
6.248   0.542693573375   0.530062465732
6.344   0.542693573375   0.530062465732
6.44   0.542693573375   0.530062465732
6.536   0.542693573375   0.530062465732
6.632   0.542693573375   0.530062465732
6.728   0.542693573375   0.530062465732
6.824   0.542693573375   0.530062465732
6.92   0.542693573375   0.530062465732
7.016   0.542693573375   0.530062465732
7.112   0.542693573375   0.530062465732
7.208   0.542693573375   0.530062465732
7.304   0.542693573375   0.530062465732
7.4   0.542693573375   0.530062465732
7.496   0.542693573375   0.530062465732
7.592   0.542693573375   0.530062465732
7.688   0.542693573375   0.530062465732
7.784   0.542693573375   0.530062465732
7.88   0.542693573375   0.530062465732
7.976   0.542693573375   0.530062465732
8.072   0.542693573375   0.530062465732
8.168   0.542693573375   0.530062465732
8.264   0.542693573375   0.530062465732
8.36   0.542693573375   0.530062465732
8.456   0.542693573375   0.530062465732
8.552   0.542693573375   0.530062465732
8.648   0.542693573375   0.530062465732
8.744   0.542693573375   0.530062465732
8.84   0.542693573375   0.530062465732
8.936   0.542693573375   0.530062465732
9.032   0.542693573375   0.530062465732
9.128   0.542693573375   0.530062465732
9.224   0.542693573375   0.530062465732
9.32   0.542693573375   0.530062465732
9.416   0.542693573375   0.530062465732
9.512   0.542693573375   0.530062465732
9.608   0.542693573375   0.530062465732
9.704   0.542693573375   0.530062465732
