0.2   0.562459591441   0.417336681073
0.296   0.558036617108   0.453740679593
0.392   0.554264688469   0.478971321137
0.488   0.551131768503   0.496545437971
0.584   0.548610928217   0.508563583279
0.68   0.546661616103   0.516545070182
0.776   0.545227580883   0.521687872327
0.872   0.5442340212   0.524910579465
0.968   0.54358907474   0.526877846549
1.064   0.54319586934   0.528050325333
1.16   0.542968560699   0.52873554445
1.256   0.542841391921   0.529130507414
1.352   0.542772256901   0.529356394698
1.448   0.542735217691   0.52948492598
1.544   0.542715542754   0.529557911231
1.64   0.542705142293   0.529599316477
1.736   0.542699659387   0.529622797439
1.832   0.542696773259   0.529636112134
1.928   0.542695255294   0.529643662161
2.024   0.542694457278   0.529647943537
2.12   0.542694037853   0.529650371474
2.216   0.54269381744   0.529651748391
2.312   0.542693701618   0.529652529283
2.408   0.542693640759   0.529652972159
2.504   0.542693608781   0.529653223336
2.6   0.542693591978   0.529653365792
2.696   0.542693583149   0.529653446587
2.792   0.542693578511   0.529653492411
2.888   0.542693576073   0.529653518401
2.984   0.542693574793   0.529653533141
3.08   0.54269357412   0.529653541501
3.176   0.542693573766   0.529653546243
3.272   0.54269357358   0.529653548932
3.368   0.542693573483   0.529653550457
3.464   0.542693573431   0.529653551322
3.56   0.542693573404   0.529653551813
3.656   0.54269357339   0.529653552091
3.752   0.542693573383   0.529653552249
3.848   0.542693573379   0.529653552339
3.944   0.542693573377   0.529653552389
4.04   0.542693573376   0.529653552418
4.136   0.542693573375   0.529653552434
4.232   0.542693573375   0.529653552444
4.328   0.542693573375   0.529653552449
4.424   0.542693573375   0.529653552452
4.52   0.542693573375   0.529653552454
4.616   0.542693573375   0.529653552455
4.712   0.542693573375   0.529653552455
4.808   0.542693573375   0.529653552455
4.904   0.542693573375   0.529653552456
5.0   0.542693573375   0.529653552456
5.096   0.542693573375   0.529653552456
5.192   0.542693573375   0.529653552456
5.288   0.542693573375   0.529653552456
5.384   0.542693573375   0.529653552456
5.48   0.542693573375   0.529653552456
5.576   0.542693573375   0.529653552456
5.672   0.542693573375   0.529653552456
5.768   0.542693573375   0.529653552456
5.864   0.542693573375   0.529653552456
5.96   0.542693573375   0.529653552456
6.056   0.542693573375   0.529653552456
6.152   0.542693573375   0.529653552456
6.248   0.542693573375   0.529653552456
6.344   0.542693573375   0.529653552456
6.44   0.542693573375   0.529653552456
6.536   0.542693573375   0.529653552456
6.632   0.542693573375   0.529653552456
6.728   0.542693573375   0.529653552456
6.824   0.542693573375   0.529653552456
6.92   0.542693573375   0.529653552456
7.016   0.542693573375   0.529653552456
7.112   0.542693573375   0.529653552456
7.208   0.542693573375   0.529653552456
7.304   0.542693573375   0.529653552456
7.4   0.542693573375   0.529653552456
7.496   0.542693573375   0.529653552456
7.592   0.542693573375   0.529653552456
7.688   0.542693573375   0.529653552456
7.784   0.542693573375   0.529653552456
7.88   0.542693573375   0.529653552456
7.976   0.542693573375   0.529653552456
8.072   0.542693573375   0.529653552456
8.168   0.542693573375   0.529653552456
8.264   0.542693573375   0.529653552456
8.36   0.542693573375   0.529653552456
8.456   0.542693573375   0.529653552456
8.552   0.542693573375   0.529653552456
8.648   0.542693573375   0.529653552456
8.744   0.542693573375   0.529653552456
8.84   0.542693573375   0.529653552456
8.936   0.542693573375   0.529653552456
9.032   0.542693573375   0.529653552456
9.128   0.542693573375   0.529653552456
9.224   0.542693573375   0.529653552456
9.32   0.542693573375   0.529653552456
9.416   0.542693573375   0.529653552456
9.512   0.542693573375   0.529653552456
9.608   0.542693573375   0.529653552456
9.704   0.542693573375   0.529653552456
