0.2   0.562337999937   0.415528348808
0.296   0.557872322002   0.451956049779
0.392   0.554072160337   0.477232533176
0.488   0.550927617115   0.494861175332
0.584   0.548412855838   0.506933440834
0.68   0.546486147721   0.514958251557
0.776   0.545086615136   0.520126763476
0.872   0.544131680333   0.523359130169
0.968   0.543521560915   0.525327189017
1.064   0.543154712356   0.526498181906
1.16   0.542944786563   0.527182747827
1.256   0.542828237301   0.527578289352
1.352   0.54276513892   0.527805395895
1.448   0.542731415839   0.527935285164
1.544   0.542713527002   0.528009465353
1.64   0.542704077904   0.528051805334
1.736   0.542699098617   0.528075967818
1.832   0.542696478182   0.528089756942
1.928   0.542695100129   0.528097626699
2.024   0.542694375715   0.528102118482
2.12   0.542693994987   0.528104682401
2.216   0.542693794914   0.528106145963
2.312   0.542693689781   0.528106981437
2.408   0.542693634539   0.528107458379
2.504   0.542693605513   0.528107730653
2.6   0.542693590261   0.528107886088
2.696   0.542693582247   0.528107974823
2.792   0.542693578037   0.528108025481
2.888   0.542693575824   0.528108054401
2.984   0.542693574662   0.52810807091
3.08   0.542693574051   0.528108080336
3.176   0.54269357373   0.528108085717
3.272   0.542693573561   0.528108088788
3.368   0.542693573473   0.528108090542
3.464   0.542693573426   0.528108091543
3.56   0.542693573402   0.528108092115
3.656   0.542693573389   0.528108092441
3.752   0.542693573382   0.528108092627
3.848   0.542693573379   0.528108092734
3.944   0.542693573377   0.528108092794
4.04   0.542693573376   0.528108092829
4.136   0.542693573375   0.528108092849
4.232   0.542693573375   0.52810809286
4.328   0.542693573375   0.528108092867
4.424   0.542693573375   0.52810809287
4.52   0.542693573375   0.528108092872
4.616   0.542693573375   0.528108092874
4.712   0.542693573375   0.528108092874
4.808   0.542693573375   0.528108092875
4.904   0.542693573375   0.528108092875
5.0   0.542693573375   0.528108092875
5.096   0.542693573375   0.528108092875
5.192   0.542693573375   0.528108092875
5.288   0.542693573375   0.528108092875
5.384   0.542693573375   0.528108092875
5.48   0.542693573375   0.528108092875
5.576   0.542693573375   0.528108092875
5.672   0.542693573375   0.528108092875
5.768   0.542693573375   0.528108092875
5.864   0.542693573375   0.528108092875
5.96   0.542693573375   0.528108092875
6.056   0.542693573375   0.528108092875
6.152   0.542693573375   0.528108092875
6.248   0.542693573375   0.528108092875
6.344   0.542693573375   0.528108092875
6.44   0.542693573375   0.528108092875
6.536   0.542693573375   0.528108092875
6.632   0.542693573375   0.528108092875
6.728   0.542693573375   0.528108092875
6.824   0.542693573375   0.528108092875
6.92   0.542693573375   0.528108092875
7.016   0.542693573375   0.528108092875
7.112   0.542693573375   0.528108092875
7.208   0.542693573375   0.528108092875
7.304   0.542693573375   0.528108092875
7.4   0.542693573375   0.528108092875
7.496   0.542693573375   0.528108092875
7.592   0.542693573375   0.528108092875
7.688   0.542693573375   0.528108092875
7.784   0.542693573375   0.528108092875
7.88   0.542693573375   0.528108092875
7.976   0.542693573375   0.528108092875
8.072   0.542693573375   0.528108092875
8.168   0.542693573375   0.528108092875
8.264   0.542693573375   0.528108092875
8.36   0.542693573375   0.528108092875
8.456   0.542693573375   0.528108092875
8.552   0.542693573375   0.528108092875
8.648   0.542693573375   0.528108092875
8.744   0.542693573375   0.528108092875
8.84   0.542693573375   0.528108092875
8.936   0.542693573375   0.528108092875
9.032   0.542693573375   0.528108092875
9.128   0.542693573375   0.528108092875
9.224   0.542693573375   0.528108092875
9.32   0.542693573375   0.528108092875
9.416   0.542693573375   0.528108092875
9.512   0.542693573375   0.528108092875
9.608   0.542693573375   0.528108092875
9.704   0.542693573375   0.528108092875
