0.2   0.563547409858   0.700000000006
0.296   0.559507136206   0.7
0.392   0.556011357693   0.480511449216
0.488   0.553042117554   0.503213587255
0.584   0.550566979893   0.516324473362
0.68   0.548543504599   0.52476388349
0.776   0.546923332157   0.530123618177
0.872   0.545656255888   0.533528028261
0.968   0.544693111277   0.535703169575
1.064   0.54398701869   0.537095107819
1.16   0.543492892369   0.537977249629
1.256   0.543165723179   0.53852388826
1.352   0.542961789836   0.538851843509
1.448   0.542842166721   0.539042131853
1.544   0.542773814834   0.539149531388
1.64   0.542736386345   0.539208953559
1.736   0.542716259476   0.539241458264
1.832   0.542705548236   0.539259116632
1.928   0.542699880953   0.539268671609
2.024   0.542696891987   0.539273830449
2.12   0.54269531832   0.539276612454
2.216   0.542694490573   0.539278111759
2.312   0.542694055397   0.539278919511
2.408   0.542693826671   0.539279354614
2.504   0.542693706472   0.539279588965
2.6   0.54269364331   0.539279715183
2.696   0.542693610122   0.53927978316
2.792   0.542693592683   0.539279819771
2.888   0.54269358352   0.539279839488
2.984   0.542693578705   0.539279850106
3.08   0.542693576175   0.539279855825
3.176   0.542693574846   0.539279858905
3.272   0.542693574148   0.539279860564
3.368   0.542693573781   0.539279861457
3.464   0.542693573588   0.539279861938
3.56   0.542693573487   0.539279862197
3.656   0.542693573434   0.539279862337
3.752   0.542693573406   0.539279862412
3.848   0.542693573391   0.539279862453
3.944   0.542693573383   0.539279862474
4.04   0.542693573379   0.539279862486
4.136   0.542693573377   0.539279862492
4.232   0.542693573376   0.539279862496
4.328   0.542693573375   0.539279862498
4.424   0.542693573375   0.539279862499
4.52   0.542693573375   0.539279862499
4.616   0.542693573375   0.539279862499
4.712   0.542693573375   0.5392798625
4.808   0.542693573375   0.5392798625
4.904   0.542693573375   0.5392798625
5.0   0.542693573375   0.5392798625
5.096   0.542693573375   0.5392798625
5.192   0.542693573375   0.5392798625
5.288   0.542693573375   0.5392798625
5.384   0.542693573375   0.5392798625
5.48   0.542693573375   0.5392798625
5.576   0.542693573375   0.5392798625
5.672   0.542693573375   0.5392798625
5.768   0.542693573375   0.5392798625
5.864   0.542693573375   0.5392798625
5.96   0.542693573375   0.5392798625
6.056   0.542693573375   0.5392798625
6.152   0.542693573375   0.5392798625
6.248   0.542693573375   0.5392798625
6.344   0.542693573375   0.5392798625
6.44   0.542693573375   0.5392798625
6.536   0.542693573375   0.5392798625
6.632   0.542693573375   0.5392798625
6.728   0.542693573375   0.5392798625
6.824   0.542693573375   0.5392798625
6.92   0.542693573375   0.5392798625
7.016   0.542693573375   0.5392798625
7.112   0.542693573375   0.5392798625
7.208   0.542693573375   0.5392798625
7.304   0.542693573375   0.5392798625
7.4   0.542693573375   0.5392798625
7.496   0.542693573375   0.5392798625
7.592   0.542693573375   0.5392798625
7.688   0.542693573375   0.5392798625
7.784   0.542693573375   0.5392798625
7.88   0.542693573375   0.5392798625
7.976   0.542693573375   0.5392798625
8.072   0.542693573375   0.5392798625
8.168   0.542693573375   0.5392798625
8.264   0.542693573375   0.5392798625
8.36   0.542693573375   0.5392798625
8.456   0.542693573375   0.5392798625
8.552   0.542693573375   0.5392798625
8.648   0.542693573375   0.5392798625
8.744   0.542693573375   0.5392798625
8.84   0.542693573375   0.5392798625
8.936   0.542693573375   0.5392798625
9.032   0.542693573375   0.5392798625
9.128   0.542693573375   0.5392798625
9.224   0.542693573375   0.5392798625
9.32   0.542693573375   0.5392798625
9.416   0.542693573375   0.5392798625
9.512   0.542693573375   0.5392798625
9.608   0.542693573375   0.5392798625
9.704   0.542693573375   0.5392798625
