0.2   0.562342530582   0.393043104116
0.296   0.557844820735   0.437613573922
0.392   0.554006289429   0.467442838188
0.488   0.550828728445   0.487803223207
0.584   0.548295439882   0.501556297043
0.68   0.546368922402   0.51060826481
0.776   0.544985973287   0.516389735769
0.872   0.544056213539   0.519979583282
0.968   0.543471137556   0.522154530687
1.064   0.543123865105   0.523446622658
1.16   0.542926958724   0.524203630435
1.256   0.542818380872   0.524643366947
1.352   0.542759809312   0.524897756172
1.448   0.542728570554   0.525044600563
1.544   0.542712018874   0.525129249836
1.64   0.542703281699   0.525178087995
1.736   0.542698679181   0.525206258972
1.832   0.542696257488   0.525222511761
1.928   0.542694984081   0.525231890202
2.024   0.542694314715   0.525237302662
2.12   0.542693962929   0.525240426611
2.216   0.542693778068   0.525242229816
2.312   0.542693680929   0.525243270713
2.408   0.542693629888   0.525243871589
2.504   0.542693603069   0.525244218463
2.6   0.542693588977   0.52524441871
2.696   0.542693581573   0.52524453431
2.792   0.542693577682   0.525244601047
2.888   0.542693575638   0.525244639573
2.984   0.542693574564   0.525244661815
3.08   0.542693573999   0.525244674655
3.176   0.542693573703   0.525244682067
3.272   0.542693573547   0.525244686346
3.368   0.542693573465   0.525244688817
3.464   0.542693573422   0.525244690243
3.56   0.5426935734   0.525244691066
3.656   0.542693573388   0.525244691542
3.752   0.542693573382   0.525244691816
3.848   0.542693573378   0.525244691975
3.944   0.542693573377   0.525244692066
4.04   0.542693573376   0.525244692119
4.136   0.542693573375   0.525244692149
4.232   0.542693573375   0.525244692167
4.328   0.542693573375   0.525244692177
4.424   0.542693573375   0.525244692183
4.52   0.542693573375   0.525244692186
4.616   0.542693573375   0.525244692188
4.712   0.542693573375   0.525244692189
4.808   0.542693573375   0.52524469219
4.904   0.542693573375   0.52524469219
5.0   0.542693573375   0.525244692191
5.096   0.542693573375   0.525244692191
5.192   0.542693573375   0.525244692191
5.288   0.542693573375   0.525244692191
5.384   0.542693573375   0.525244692191
5.48   0.542693573375   0.525244692191
5.576   0.542693573375   0.525244692191
5.672   0.542693573375   0.525244692191
5.768   0.542693573375   0.525244692191
5.864   0.542693573375   0.525244692191
5.96   0.542693573375   0.525244692191
6.056   0.542693573375   0.525244692191
6.152   0.542693573375   0.525244692191
6.248   0.542693573375   0.525244692191
6.344   0.542693573375   0.525244692191
6.44   0.542693573375   0.525244692191
6.536   0.542693573375   0.525244692191
6.632   0.542693573375   0.525244692191
6.728   0.542693573375   0.525244692191
6.824   0.542693573375   0.525244692191
6.92   0.542693573375   0.525244692191
7.016   0.542693573375   0.525244692191
7.112   0.542693573375   0.525244692191
7.208   0.542693573375   0.525244692191
7.304   0.542693573375   0.525244692191
7.4   0.542693573375   0.525244692191
7.496   0.542693573375   0.525244692191
7.592   0.542693573375   0.525244692191
7.688   0.542693573375   0.525244692191
7.784   0.542693573375   0.525244692191
7.88   0.542693573375   0.525244692191
7.976   0.542693573375   0.525244692191
8.072   0.542693573375   0.525244692191
8.168   0.542693573375   0.525244692191
8.264   0.542693573375   0.525244692191
8.36   0.542693573375   0.525244692191
8.456   0.542693573375   0.525244692191
8.552   0.542693573375   0.525244692191
8.648   0.542693573375   0.525244692191
8.744   0.542693573375   0.525244692191
8.84   0.542693573375   0.525244692191
8.936   0.542693573375   0.525244692191
9.032   0.542693573375   0.525244692191
9.128   0.542693573375   0.525244692191
9.224   0.542693573375   0.525244692191
9.32   0.542693573375   0.525244692191
9.416   0.542693573375   0.525244692191
9.512   0.542693573375   0.525244692191
9.608   0.542693573375   0.525244692191
9.704   0.542693573375   0.525244692191
