0.2   0.566359338708   0.441108950535
0.296   0.563773347875   0.483086532527
0.392   0.561800624033   0.509092796525
0.488   0.560419889601   0.524721425941
0.584   0.559555161539   0.533433385444
0.68   0.559075872354   0.537984779481
0.776   0.558837479323   0.540294707206
0.872   0.558727869491   0.541462873545
0.968   0.558679493639   0.54205754892
1.064   0.558658743088   0.542363053928
1.16   0.558649941411   0.542521092407
1.256   0.558646227773   0.542603338833
1.352   0.558644664731   0.542646282474
1.448   0.558644007592   0.542668762938
1.544   0.558643731454   0.542680548788
1.64   0.558643615444   0.542686733384
1.736   0.558643566711   0.5426899805
1.832   0.55864354624   0.542691685889
1.928   0.558643537642   0.542692581728
2.024   0.55864353403   0.542693052361
2.12   0.558643532513   0.542693299627
2.216   0.558643531875   0.542693429542
2.312   0.558643531608   0.542693497801
2.408   0.558643531495   0.542693533666
2.504   0.558643531448   0.542693552511
2.6   0.558643531428   0.542693562412
2.696   0.55864353142   0.542693567615
2.792   0.558643531416   0.542693570348
2.888   0.558643531415   0.542693571784
2.984   0.558643531414   0.542693572539
3.08   0.558643531414   0.542693572936
3.176   0.558643531414   0.542693573144
3.272   0.558643531414   0.542693573253
3.368   0.558643531414   0.542693573311
3.464   0.558643531414   0.542693573341
3.56   0.558643531414   0.542693573357
3.656   0.558643531414   0.542693573365
3.752   0.558643531414   0.54269357337
3.848   0.558643531414   0.542693573372
3.944   0.558643531414   0.542693573373
4.04   0.558643531414   0.542693573374
4.136   0.558643531414   0.542693573374
4.232   0.558643531414   0.542693573374
4.328   0.558643531414   0.542693573375
4.424   0.558643531414   0.542693573375
4.52   0.558643531414   0.542693573375
4.616   0.558643531414   0.542693573375
4.712   0.558643531414   0.542693573375
4.808   0.558643531414   0.542693573375
4.904   0.558643531414   0.542693573375
5.0   0.558643531414   0.542693573375
5.096   0.558643531414   0.542693573375
5.192   0.558643531414   0.542693573375
5.288   0.558643531414   0.542693573375
5.384   0.558643531414   0.542693573375
5.48   0.558643531414   0.542693573375
5.576   0.558643531414   0.542693573375
5.672   0.558643531414   0.542693573375
5.768   0.558643531414   0.542693573375
5.864   0.558643531414   0.542693573375
5.96   0.558643531414   0.542693573375
6.056   0.558643531414   0.542693573375
6.152   0.558643531414   0.542693573375
6.248   0.558643531414   0.542693573375
6.344   0.558643531414   0.542693573375
6.44   0.558643531414   0.542693573375
6.536   0.558643531414   0.542693573375
6.632   0.558643531414   0.542693573375
6.728   0.558643531414   0.542693573375
6.824   0.558643531414   0.542693573375
6.92   0.558643531414   0.542693573375
7.016   0.558643531414   0.542693573375
7.112   0.558643531414   0.542693573375
7.208   0.558643531414   0.542693573375
7.304   0.558643531414   0.542693573375
7.4   0.558643531414   0.542693573375
7.496   0.558643531414   0.542693573375
7.592   0.558643531414   0.542693573375
7.688   0.558643531414   0.542693573375
7.784   0.558643531414   0.542693573375
7.88   0.558643531414   0.542693573375
7.976   0.558643531414   0.542693573375
8.072   0.558643531414   0.542693573375
8.168   0.558643531414   0.542693573375
8.264   0.558643531414   0.542693573375
8.36   0.558643531414   0.542693573375
8.456   0.558643531414   0.542693573375
8.552   0.558643531414   0.542693573375
8.648   0.558643531414   0.542693573375
8.744   0.558643531414   0.542693573375
8.84   0.558643531414   0.542693573375
8.936   0.558643531414   0.542693573375
9.032   0.558643531414   0.542693573375
9.128   0.558643531414   0.542693573375
9.224   0.558643531414   0.542693573375
9.32   0.558643531414   0.542693573375
9.416   0.558643531414   0.542693573375
9.512   0.558643531414   0.542693573375
9.608   0.558643531414   0.542693573375
9.704   0.558643531414   0.542693573375
