0.2   0.563124581558   0.420921443978
0.296   0.558943286531   0.45920127195
0.392   0.555346371098   0.485283192667
0.488   0.552313252531   0.503179886824
0.584   0.549809812855   0.515239000149
0.68   0.547793039541   0.523156908618
0.776   0.546214592042   0.52825423122
0.872   0.545023158984   0.531498354017
0.968   0.544164358307   0.53354160576
1.064   0.543579243696   0.534806983632
1.16   0.543204536362   0.535571620286
1.256   0.542978531322   0.536020784784
1.352   0.54284907806   0.536278059689
1.448   0.542776926855   0.536422968296
1.544   0.542737861403   0.536503214757
1.64   0.542716987231   0.536547594944
1.736   0.542705917087   0.536571999042
1.832   0.542700070955   0.536585391543
1.928   0.542696990762   0.536592733301
2.024   0.542695369927   0.536596755856
2.12   0.542694517607   0.536598959215
2.216   0.542694069579   0.536600165944
2.312   0.542693834117   0.536600826799
2.408   0.542693710383   0.536601188699
2.504   0.542693645365   0.536601386882
2.6   0.542693611201   0.536601495409
2.696   0.54269359325   0.53660155484
2.792   0.542693583818   0.536601587385
2.888   0.542693578862   0.536601605207
2.984   0.542693576258   0.536601614966
3.08   0.54269357489   0.536601620311
3.176   0.542693574171   0.536601623237
3.272   0.542693573793   0.53660162484
3.368   0.542693573594   0.536601625718
3.464   0.54269357349   0.536601626198
3.56   0.542693573435   0.536601626461
3.656   0.542693573407   0.536601626606
3.752   0.542693573391   0.536601626685
3.848   0.542693573383   0.536601626728
3.944   0.542693573379   0.536601626751
4.04   0.542693573377   0.536601626764
4.136   0.542693573376   0.536601626771
4.232   0.542693573375   0.536601626775
4.328   0.542693573375   0.536601626777
4.424   0.542693573375   0.536601626779
4.52   0.542693573375   0.536601626779
4.616   0.542693573375   0.53660162678
4.712   0.542693573375   0.53660162678
4.808   0.542693573375   0.53660162678
4.904   0.542693573375   0.53660162678
5.0   0.542693573375   0.53660162678
5.096   0.542693573375   0.53660162678
5.192   0.542693573375   0.53660162678
5.288   0.542693573375   0.53660162678
5.384   0.542693573375   0.53660162678
5.48   0.542693573375   0.53660162678
5.576   0.542693573375   0.53660162678
5.672   0.542693573375   0.53660162678
5.768   0.542693573375   0.53660162678
5.864   0.542693573375   0.53660162678
5.96   0.542693573375   0.53660162678
6.056   0.542693573375   0.53660162678
6.152   0.542693573375   0.53660162678
6.248   0.542693573375   0.53660162678
6.344   0.542693573375   0.53660162678
6.44   0.542693573375   0.53660162678
6.536   0.542693573375   0.53660162678
6.632   0.542693573375   0.53660162678
6.728   0.542693573375   0.53660162678
6.824   0.542693573375   0.53660162678
6.92   0.542693573375   0.53660162678
7.016   0.542693573375   0.53660162678
7.112   0.542693573375   0.53660162678
7.208   0.542693573375   0.53660162678
7.304   0.542693573375   0.53660162678
7.4   0.542693573375   0.53660162678
7.496   0.542693573375   0.53660162678
7.592   0.542693573375   0.53660162678
7.688   0.542693573375   0.53660162678
7.784   0.542693573375   0.53660162678
7.88   0.542693573375   0.53660162678
7.976   0.542693573375   0.53660162678
8.072   0.542693573375   0.53660162678
8.168   0.542693573375   0.53660162678
8.264   0.542693573375   0.53660162678
8.36   0.542693573375   0.53660162678
8.456   0.542693573375   0.53660162678
8.552   0.542693573375   0.53660162678
8.648   0.542693573375   0.53660162678
8.744   0.542693573375   0.53660162678
8.84   0.542693573375   0.53660162678
8.936   0.542693573375   0.53660162678
9.032   0.542693573375   0.53660162678
9.128   0.542693573375   0.53660162678
9.224   0.542693573375   0.53660162678
9.32   0.542693573375   0.53660162678
9.416   0.542693573375   0.53660162678
9.512   0.542693573375   0.53660162678
9.608   0.542693573375   0.53660162678
9.704   0.542693573375   0.53660162678
