0.2   0.563131460254   0.424677800693
0.296   0.558960631288   0.461574360957
0.392   0.555376115466   0.486871563931
0.488   0.552355244369   0.504293370298
0.584   0.54986193031   0.51605946662
0.68   0.547851446128   0.523799470038
0.776   0.546274195803   0.52879327445
0.872   0.545078431577   0.531981427661
0.968   0.544210602421   0.533998276379
1.064   0.543613980527   0.535254300703
1.16   0.543228044117   0.536017851395
1.256   0.542993106077   0.536468658208
1.352   0.542857619314   0.536727708327
1.448   0.542781673832   0.536873812556
1.544   0.54274043503   0.536954710072
1.64   0.542718363006   0.536999388783
1.736   0.542706646767   0.53702391128
1.832   0.542700456295   0.537037338913
1.928   0.542697193783   0.537044682116
2.024   0.542695476756   0.537048695277
2.12   0.542694573782   0.53705088779
2.216   0.542694099108   0.537052085426
2.312   0.542693849636   0.537052739566
2.408   0.542693718538   0.537053096839
2.504   0.54269364965   0.537053291967
2.6   0.542693613452   0.537053398538
2.696   0.542693594433   0.537053456741
2.792   0.542693584439   0.53705348853
2.888   0.542693579188   0.537053505891
2.984   0.542693576429   0.537053515372
3.08   0.54269357498   0.537053520551
3.176   0.542693574218   0.537053523379
3.272   0.542693573818   0.537053524924
3.368   0.542693573607   0.537053525767
3.464   0.542693573497   0.537053526228
3.56   0.542693573439   0.53705352648
3.656   0.542693573408   0.537053526617
3.752   0.542693573392   0.537053526692
3.848   0.542693573384   0.537053526733
3.944   0.54269357338   0.537053526756
4.04   0.542693573377   0.537053526768
4.136   0.542693573376   0.537053526775
4.232   0.542693573375   0.537053526778
4.328   0.542693573375   0.53705352678
4.424   0.542693573375   0.537053526781
4.52   0.542693573375   0.537053526782
4.616   0.542693573375   0.537053526782
4.712   0.542693573375   0.537053526782
4.808   0.542693573375   0.537053526783
4.904   0.542693573375   0.537053526783
5.0   0.542693573375   0.537053526783
5.096   0.542693573375   0.537053526783
5.192   0.542693573375   0.537053526783
5.288   0.542693573375   0.537053526783
5.384   0.542693573375   0.537053526783
5.48   0.542693573375   0.537053526783
5.576   0.542693573375   0.537053526783
5.672   0.542693573375   0.537053526783
5.768   0.542693573375   0.537053526783
5.864   0.542693573375   0.537053526783
5.96   0.542693573375   0.537053526783
6.056   0.542693573375   0.537053526783
6.152   0.542693573375   0.537053526783
6.248   0.542693573375   0.537053526783
6.344   0.542693573375   0.537053526783
6.44   0.542693573375   0.537053526783
6.536   0.542693573375   0.537053526783
6.632   0.542693573375   0.537053526783
6.728   0.542693573375   0.537053526783
6.824   0.542693573375   0.537053526783
6.92   0.542693573375   0.537053526783
7.016   0.542693573375   0.537053526783
7.112   0.542693573375   0.537053526783
7.208   0.542693573375   0.537053526783
7.304   0.542693573375   0.537053526783
7.4   0.542693573375   0.537053526783
7.496   0.542693573375   0.537053526783
7.592   0.542693573375   0.537053526783
7.688   0.542693573375   0.537053526783
7.784   0.542693573375   0.537053526783
7.88   0.542693573375   0.537053526783
7.976   0.542693573375   0.537053526783
8.072   0.542693573375   0.537053526783
8.168   0.542693573375   0.537053526783
8.264   0.542693573375   0.537053526783
8.36   0.542693573375   0.537053526783
8.456   0.542693573375   0.537053526783
8.552   0.542693573375   0.537053526783
8.648   0.542693573375   0.537053526783
8.744   0.542693573375   0.537053526783
8.84   0.542693573375   0.537053526783
8.936   0.542693573375   0.537053526783
9.032   0.542693573375   0.537053526783
9.128   0.542693573375   0.537053526783
9.224   0.542693573375   0.537053526783
9.32   0.542693573375   0.537053526783
9.416   0.542693573375   0.537053526783
9.512   0.542693573375   0.537053526783
9.608   0.542693573375   0.537053526783
9.704   0.542693573375   0.537053526783
