0.2   0.562159343591   0.386102590557
0.296   0.557596588317   0.432096944469
0.392   0.553717184661   0.462751850466
0.488   0.550527369652   0.48364195921
0.584   0.548011566778   0.497751709376
0.68   0.546127714298   0.507042239378
0.776   0.544801670174   0.51297545463
0.872   0.54392910975   0.516657399728
0.968   0.543390937515   0.518888622181
1.064   0.54307657569   0.520217246416
1.16   0.54290027865   0.520999513405
1.256   0.542803808083   0.521457198565
1.352   0.542751982749   0.521724270932
1.448   0.542724407794   0.521879895042
1.544   0.542709816885   0.521970606668
1.64   0.54270212044   0.522023470996
1.736   0.542698067794   0.522054294266
1.832   0.542695935895   0.522072271545
1.928   0.542694815006   0.522082759066
2.024   0.542694225849   0.522088878326
2.12   0.542693916228   0.522092449244
2.216   0.542693753527   0.522094533247
2.312   0.542693668034   0.522095749553
2.408   0.542693623112   0.522096459463
2.504   0.542693599508   0.522096873821
2.6   0.542693587106   0.522097115676
2.696   0.54269358059   0.522097256844
2.792   0.542693577166   0.522097339244
2.888   0.542693575367   0.52209738734
2.984   0.542693574421   0.522097415414
3.08   0.542693573925   0.522097431801
3.176   0.542693573664   0.522097441366
3.272   0.542693573526   0.522097446949
3.368   0.542693573454   0.522097450208
3.464   0.542693573417   0.52209745211
3.56   0.542693573397   0.52209745322
3.656   0.542693573386   0.522097453868
3.752   0.542693573381   0.522097454247
3.848   0.542693573378   0.522097454467
3.944   0.542693573376   0.522097454596
4.04   0.542693573376   0.522097454671
4.136   0.542693573375   0.522097454715
4.232   0.542693573375   0.522097454741
4.328   0.542693573375   0.522097454756
4.424   0.542693573375   0.522097454765
4.52   0.542693573375   0.52209745477
4.616   0.542693573375   0.522097454773
4.712   0.542693573375   0.522097454774
4.808   0.542693573375   0.522097454776
4.904   0.542693573375   0.522097454776
5.0   0.542693573375   0.522097454776
5.096   0.542693573375   0.522097454777
5.192   0.542693573375   0.522097454777
5.288   0.542693573375   0.522097454777
5.384   0.542693573375   0.522097454777
5.48   0.542693573375   0.522097454777
5.576   0.542693573375   0.522097454777
5.672   0.542693573375   0.522097454777
5.768   0.542693573375   0.522097454777
5.864   0.542693573375   0.522097454777
5.96   0.542693573375   0.522097454777
6.056   0.542693573375   0.522097454777
6.152   0.542693573375   0.522097454777
6.248   0.542693573375   0.522097454777
6.344   0.542693573375   0.522097454777
6.44   0.542693573375   0.522097454777
6.536   0.542693573375   0.522097454777
6.632   0.542693573375   0.522097454777
6.728   0.542693573375   0.522097454777
6.824   0.542693573375   0.522097454777
6.92   0.542693573375   0.522097454777
7.016   0.542693573375   0.522097454777
7.112   0.542693573375   0.522097454777
7.208   0.542693573375   0.522097454777
7.304   0.542693573375   0.522097454777
7.4   0.542693573375   0.522097454777
7.496   0.542693573375   0.522097454777
7.592   0.542693573375   0.522097454777
7.688   0.542693573375   0.522097454777
7.784   0.542693573375   0.522097454777
7.88   0.542693573375   0.522097454777
7.976   0.542693573375   0.522097454777
8.072   0.542693573375   0.522097454777
8.168   0.542693573375   0.522097454777
8.264   0.542693573375   0.522097454777
8.36   0.542693573375   0.522097454777
8.456   0.542693573375   0.522097454777
8.552   0.542693573375   0.522097454777
8.648   0.542693573375   0.522097454777
8.744   0.542693573375   0.522097454777
8.84   0.542693573375   0.522097454777
8.936   0.542693573375   0.522097454777
9.032   0.542693573375   0.522097454777
9.128   0.542693573375   0.522097454777
9.224   0.542693573375   0.522097454777
9.32   0.542693573375   0.522097454777
9.416   0.542693573375   0.522097454777
9.512   0.542693573375   0.522097454777
9.608   0.542693573375   0.522097454777
9.704   0.542693573375   0.522097454777
