0.2   0.565595665207   0.427196091944
0.296   0.56255865277   0.473214018123
0.392   0.560077578272   0.501928673338
0.488   0.558146121333   0.519747615072
0.584   0.556737433426   0.53024275949
0.68   0.555793122714   0.536086855734
0.776   0.555219109365   0.539227776212
0.872   0.554901847904   0.540884744642
0.968   0.554739692611   0.541750652746
1.064   0.554660421298   0.542201493983
1.16   0.55462302474   0.542436415666
1.256   0.554605651889   0.542558951219
1.352   0.554597644665   0.542623008141
1.448   0.554593968646   0.542656552237
1.544   0.554592284301   0.542674139401
1.64   0.554591513266   0.542683367888
1.736   0.554591160473   0.542688212882
1.832   0.554590999086   0.542690757357
1.928   0.554590925266   0.542692093921
2.024   0.554590891502   0.542692796075
2.12   0.554590876059   0.542693164973
2.216   0.554590868996   0.542693358793
2.312   0.554590865766   0.542693460628
2.408   0.554590864288   0.542693514135
2.504   0.554590863613   0.542693542248
2.6   0.554590863304   0.54269355702
2.696   0.554590863162   0.542693564781
2.792   0.554590863098   0.54269356886
2.888   0.554590863068   0.542693571002
2.984   0.554590863054   0.542693572128
3.08   0.554590863048   0.54269357272
3.176   0.554590863045   0.542693573031
3.272   0.554590863044   0.542693573194
3.368   0.554590863044   0.54269357328
3.464   0.554590863043   0.542693573325
3.56   0.554590863043   0.542693573348
3.656   0.554590863043   0.542693573361
3.752   0.554590863043   0.542693573367
3.848   0.554590863043   0.542693573371
3.944   0.554590863043   0.542693573373
4.04   0.554590863043   0.542693573374
4.136   0.554590863043   0.542693573374
4.232   0.554590863043   0.542693573374
4.328   0.554590863043   0.542693573375
4.424   0.554590863043   0.542693573375
4.52   0.554590863043   0.542693573375
4.616   0.554590863043   0.542693573375
4.712   0.554590863043   0.542693573375
4.808   0.554590863043   0.542693573375
4.904   0.554590863043   0.542693573375
5.0   0.554590863043   0.542693573375
5.096   0.554590863043   0.542693573375
5.192   0.554590863043   0.542693573375
5.288   0.554590863043   0.542693573375
5.384   0.554590863043   0.542693573375
5.48   0.554590863043   0.542693573375
5.576   0.554590863043   0.542693573375
5.672   0.554590863043   0.542693573375
5.768   0.554590863043   0.542693573375
5.864   0.554590863043   0.542693573375
5.96   0.554590863043   0.542693573375
6.056   0.554590863043   0.542693573375
6.152   0.554590863043   0.542693573375
6.248   0.554590863043   0.542693573375
6.344   0.554590863043   0.542693573375
6.44   0.554590863043   0.542693573375
6.536   0.554590863043   0.542693573375
6.632   0.554590863043   0.542693573375
6.728   0.554590863043   0.542693573375
6.824   0.554590863043   0.542693573375
6.92   0.554590863043   0.542693573375
7.016   0.554590863043   0.542693573375
7.112   0.554590863043   0.542693573375
7.208   0.554590863043   0.542693573375
7.304   0.554590863043   0.542693573375
7.4   0.554590863043   0.542693573375
7.496   0.554590863043   0.542693573375
7.592   0.554590863043   0.542693573375
7.688   0.554590863043   0.542693573375
7.784   0.554590863043   0.542693573375
7.88   0.554590863043   0.542693573375
7.976   0.554590863043   0.542693573375
8.072   0.554590863043   0.542693573375
8.168   0.554590863043   0.542693573375
8.264   0.554590863043   0.542693573375
8.36   0.554590863043   0.542693573375
8.456   0.554590863043   0.542693573375
8.552   0.554590863043   0.542693573375
8.648   0.554590863043   0.542693573375
8.744   0.554590863043   0.542693573375
8.84   0.554590863043   0.542693573375
8.936   0.554590863043   0.542693573375
9.032   0.554590863043   0.542693573375
9.128   0.554590863043   0.542693573375
9.224   0.554590863043   0.542693573375
9.32   0.554590863043   0.542693573375
9.416   0.554590863043   0.542693573375
9.512   0.554590863043   0.542693573375
9.608   0.554590863043   0.542693573375
9.704   0.554590863043   0.542693573375
