0.2   0.56109761717   0.363451710328
0.296   0.556235956447   0.409699928093
0.392   0.552231905504   0.440736763594
0.488   0.549091065742   0.462024323913
0.584   0.54676853517   0.47651791079
0.68   0.54516212825   0.486161659014
0.776   0.544124695612   0.492403477098
0.872   0.543495125823   0.496346536308
0.968   0.543131674084   0.498794942537
1.064   0.54292930799   0.500299850487
1.16   0.542819111581   0.501220156948
1.256   0.542760042954   0.501782070936
1.352   0.542728649904   0.502124990065
1.448   0.542712048274   0.502334370539
1.544   0.542703293705   0.502462302656
1.64   0.542698684532   0.502540520904
1.736   0.542696260034   0.502588370081
1.832   0.542694985346   0.502617653755
1.928   0.542694315359   0.502635581009
2.024   0.542693963262   0.502646558438
2.12   0.542693778241   0.502653281344
2.216   0.54269368102   0.502657399109
2.312   0.542693629935   0.502659921422
2.408   0.542693603093   0.502661466529
2.504   0.54269358899   0.502662413055
2.6   0.542693581579   0.502662992908
2.696   0.542693577686   0.502663348136
2.792   0.54269357564   0.502663565759
2.888   0.542693574565   0.50266369908
2.984   0.542693574   0.502663780758
3.08   0.542693573703   0.502663830796
3.176   0.542693573547   0.502663861451
3.272   0.542693573465   0.502663880232
3.368   0.542693573422   0.502663891737
3.464   0.5426935734   0.502663898786
3.56   0.542693573388   0.502663903104
3.656   0.542693573382   0.50266390575
3.752   0.542693573378   0.502663907371
3.848   0.542693573377   0.502663908364
3.944   0.542693573376   0.502663908972
4.04   0.542693573375   0.502663909344
4.136   0.542693573375   0.502663909573
4.232   0.542693573375   0.502663909713
4.328   0.542693573375   0.502663909798
4.424   0.542693573375   0.502663909851
4.52   0.542693573375   0.502663909883
4.616   0.542693573375   0.502663909903
4.712   0.542693573375   0.502663909915
4.808   0.542693573375   0.502663909922
4.904   0.542693573375   0.502663909927
5.0   0.542693573375   0.50266390993
5.096   0.542693573375   0.502663909931
5.192   0.542693573375   0.502663909932
5.288   0.542693573375   0.502663909933
5.384   0.542693573375   0.502663909933
5.48   0.542693573375   0.502663909934
5.576   0.542693573375   0.502663909934
5.672   0.542693573375   0.502663909934
5.768   0.542693573375   0.502663909934
5.864   0.542693573375   0.502663909934
5.96   0.542693573375   0.502663909934
6.056   0.542693573375   0.502663909934
6.152   0.542693573375   0.502663909934
6.248   0.542693573375   0.502663909934
6.344   0.542693573375   0.502663909934
6.44   0.542693573375   0.502663909934
6.536   0.542693573375   0.502663909934
6.632   0.542693573375   0.502663909934
6.728   0.542693573375   0.502663909934
6.824   0.542693573375   0.502663909934
6.92   0.542693573375   0.502663909934
7.016   0.542693573375   0.502663909934
7.112   0.542693573375   0.502663909934
7.208   0.542693573375   0.502663909934
7.304   0.542693573375   0.502663909934
7.4   0.542693573375   0.502663909934
7.496   0.542693573375   0.502663909934
7.592   0.542693573375   0.502663909934
7.688   0.542693573375   0.502663909934
7.784   0.542693573375   0.502663909934
7.88   0.542693573375   0.502663909934
7.976   0.542693573375   0.502663909934
8.072   0.542693573375   0.502663909934
8.168   0.542693573375   0.502663909934
8.264   0.542693573375   0.502663909934
8.36   0.542693573375   0.502663909934
8.456   0.542693573375   0.502663909934
8.552   0.542693573375   0.502663909934
8.648   0.542693573375   0.502663909934
8.744   0.542693573375   0.502663909934
8.84   0.542693573375   0.502663909934
8.936   0.542693573375   0.502663909934
9.032   0.542693573375   0.502663909934
9.128   0.542693573375   0.502663909934
9.224   0.542693573375   0.502663909934
9.32   0.542693573375   0.502663909934
9.416   0.542693573375   0.502663909934
9.512   0.542693573375   0.502663909934
9.608   0.542693573375   0.502663909934
9.704   0.542693573375   0.502663909934
