0.2   0.565573770155   -0.255049388878
0.296   0.562533548584   -0.474984179518
0.392   0.560052849875   -0.502831042798
0.488   0.558124272293   -0.520194647512
0.584   0.556719822876   -0.530458562285
0.68   0.555779929332   -0.536191310488
0.776   0.555209543424   -0.539279298738
0.872   0.55489471836   -0.540910621309
0.968   0.554733955487   -0.541763823202
1.064   0.554655409753   -0.542208267545
1.16   0.554618364423   -0.542439921455
1.256   0.554601156228   -0.542560775816
1.352   0.554593224935   -0.542623961203
1.448   0.554589583642   -0.54265705121
1.544   0.554587915114   -0.542674401013
1.64   0.554587151268   -0.542683505172
1.736   0.55458680174   -0.542688284962
1.832   0.554586641835   -0.542690795214
1.928   0.554586568687   -0.542692113807
2.024   0.554586535228   -0.542692806522
2.12   0.554586519923   -0.542693170462
2.216   0.554586512923   -0.542693361677
2.312   0.554586509721   -0.542693462143
2.408   0.554586508257   -0.542693514931
2.504   0.554586507587   -0.542693542667
2.6   0.55458650728   -0.54269355724
2.696   0.55458650714   -0.542693564897
2.792   0.554586507076   -0.54269356892
2.888   0.554586507047   -0.542693571034
2.984   0.554586507033   -0.542693572145
3.08   0.554586507027   -0.542693572728
3.176   0.554586507024   -0.542693573035
3.272   0.554586507023   -0.542693573196
3.368   0.554586507022   -0.542693573281
3.464   0.554586507022   -0.542693573325
3.56   0.554586507022   -0.542693573349
3.656   0.554586507022   -0.542693573361
3.752   0.554586507022   -0.542693573368
3.848   0.554586507022   -0.542693573371
3.944   0.554586507022   -0.542693573373
4.04   0.554586507022   -0.542693573374
4.136   0.554586507022   -0.542693573374
4.232   0.554586507022   -0.542693573374
4.328   0.554586507022   -0.542693573375
4.424   0.554586507022   -0.542693573375
4.52   0.554586507022   -0.542693573375
4.616   0.554586507022   -0.542693573375
4.712   0.554586507022   -0.542693573375
4.808   0.554586507022   -0.542693573375
4.904   0.554586507022   -0.542693573375
5.0   0.554586507022   -0.542693573375
5.096   0.554586507022   -0.542693573375
5.192   0.554586507022   -0.542693573375
5.288   0.554586507022   -0.542693573375
5.384   0.554586507022   -0.542693573375
5.48   0.554586507022   -0.542693573375
5.576   0.554586507022   -0.542693573375
5.672   0.554586507022   -0.542693573375
5.768   0.554586507022   -0.542693573375
5.864   0.554586507022   -0.542693573375
5.96   0.554586507022   -0.542693573375
6.056   0.554586507022   -0.542693573375
6.152   0.554586507022   -0.542693573375
6.248   0.554586507022   -0.542693573375
6.344   0.554586507022   -0.542693573375
6.44   0.554586507022   -0.542693573375
6.536   0.554586507022   -0.542693573375
6.632   0.554586507022   -0.542693573375
6.728   0.554586507022   -0.542693573375
6.824   0.554586507022   -0.542693573375
6.92   0.554586507022   -0.542693573375
7.016   0.554586507022   -0.542693573375
7.112   0.554586507022   -0.542693573375
7.208   0.554586507022   -0.542693573375
7.304   0.554586507022   -0.542693573375
7.4   0.554586507022   -0.542693573375
7.496   0.554586507022   -0.542693573375
7.592   0.554586507022   -0.542693573375
7.688   0.554586507022   -0.542693573375
7.784   0.554586507022   -0.542693573375
7.88   0.554586507022   -0.542693573375
7.976   0.554586507022   -0.542693573375
8.072   0.554586507022   -0.542693573375
8.168   0.554586507022   -0.542693573375
8.264   0.554586507022   -0.542693573375
8.36   0.554586507022   -0.542693573375
8.456   0.554586507022   -0.542693573375
8.552   0.554586507022   -0.542693573375
8.648   0.554586507022   -0.542693573375
8.744   0.554586507022   -0.542693573375
8.84   0.554586507022   -0.542693573375
8.936   0.554586507022   -0.542693573375
9.032   0.554586507022   -0.542693573375
9.128   0.554586507022   -0.542693573375
9.224   0.554586507022   -0.542693573375
9.32   0.554586507022   -0.542693573375
9.416   0.554586507022   -0.542693573375
9.512   0.554586507022   -0.542693573375
9.608   0.554586507022   -0.542693573375
9.704   0.554586507022   -0.542693573375
