0.2   0.56922959334   0.469397063768
0.296   0.568308769522   0.503829891684
0.392   0.567919203404   0.523383373195
0.488   0.567790216444   0.53344823426
0.584   0.567752354892   0.538234991099
0.68   0.567742193635   0.540490756046
0.776   0.567739510299   0.541581322859
0.872   0.567738805501   0.542123349286
0.968   0.567738620702   0.542398364448
1.064   0.567738572273   0.542539818777
1.16   0.567738559584   0.542613201462
1.256   0.56773855626   0.542651469863
1.352   0.567738555388   0.542671489085
1.448   0.56773855516   0.542681981084
1.544   0.5677385551   0.542687485858
1.64   0.567738555085   0.542690375826
1.736   0.567738555081   0.542691893587
1.832   0.56773855508   0.542692690852
1.928   0.567738555079   0.542693109697
2.024   0.567738555079   0.542693329752
2.12   0.567738555079   0.54269344537
2.216   0.567738555079   0.542693506118
2.312   0.567738555079   0.542693538036
2.408   0.567738555079   0.542693554807
2.504   0.567738555079   0.542693563619
2.6   0.567738555079   0.542693568248
2.696   0.567738555079   0.542693570681
2.792   0.567738555079   0.542693571959
2.888   0.567738555079   0.542693572631
2.984   0.567738555079   0.542693572984
3.08   0.567738555079   0.542693573169
3.176   0.567738555079   0.542693573267
3.272   0.567738555079   0.542693573318
3.368   0.567738555079   0.542693573345
3.464   0.567738555079   0.542693573359
3.56   0.567738555079   0.542693573366
3.656   0.567738555079   0.54269357337
3.752   0.567738555079   0.542693573372
3.848   0.567738555079   0.542693573373
3.944   0.567738555079   0.542693573374
4.04   0.567738555079   0.542693573374
4.136   0.567738555079   0.542693573374
4.232   0.567738555079   0.542693573375
4.328   0.567738555079   0.542693573375
4.424   0.567738555079   0.542693573375
4.52   0.567738555079   0.542693573375
4.616   0.567738555079   0.542693573375
4.712   0.567738555079   0.542693573375
4.808   0.567738555079   0.542693573375
4.904   0.567738555079   0.542693573375
5.0   0.567738555079   0.542693573375
5.096   0.567738555079   0.542693573375
5.192   0.567738555079   0.542693573375
5.288   0.567738555079   0.542693573375
5.384   0.567738555079   0.542693573375
5.48   0.567738555079   0.542693573375
5.576   0.567738555079   0.542693573375
5.672   0.567738555079   0.542693573375
5.768   0.567738555079   0.542693573375
5.864   0.567738555079   0.542693573375
5.96   0.567738555079   0.542693573375
6.056   0.567738555079   0.542693573375
6.152   0.567738555079   0.542693573375
6.248   0.567738555079   0.542693573375
6.344   0.567738555079   0.542693573375
6.44   0.567738555079   0.542693573375
6.536   0.567738555079   0.542693573375
6.632   0.567738555079   0.542693573375
6.728   0.567738555079   0.542693573375
6.824   0.567738555079   0.542693573375
6.92   0.567738555079   0.542693573375
7.016   0.567738555079   0.542693573375
7.112   0.567738555079   0.542693573375
7.208   0.567738555079   0.542693573375
7.304   0.567738555079   0.542693573375
7.4   0.567738555079   0.542693573375
7.496   0.567738555079   0.542693573375
7.592   0.567738555079   0.542693573375
7.688   0.567738555079   0.542693573375
7.784   0.567738555079   0.542693573375
7.88   0.567738555079   0.542693573375
7.976   0.567738555079   0.542693573375
8.072   0.567738555079   0.542693573375
8.168   0.567738555079   0.542693573375
8.264   0.567738555079   0.542693573375
8.36   0.567738555079   0.542693573375
8.456   0.567738555079   0.542693573375
8.552   0.567738555079   0.542693573375
8.648   0.567738555079   0.542693573375
8.744   0.567738555079   0.542693573375
8.84   0.567738555079   0.542693573375
8.936   0.567738555079   0.542693573375
9.032   0.567738555079   0.542693573375
9.128   0.567738555079   0.542693573375
9.224   0.567738555079   0.542693573375
9.32   0.567738555079   0.542693573375
9.416   0.567738555079   0.542693573375
9.512   0.567738555079   0.542693573375
9.608   0.567738555079   0.542693573375
9.704   0.567738555079   0.542693573375
