0.2   0.56232684252   0.390135004674
0.296   0.557820546409   0.435699877634
0.392   0.55397495429   0.466071219096
0.488   0.550793299976   0.486754421486
0.584   0.548259826402   0.500707010562
0.68   0.546337041498   0.509882215649
0.776   0.544960589445   0.515737981502
0.872   0.544038154163   0.519371512243
0.968   0.543459490562   0.52157205001
1.064   0.54311689904   0.522879466535
1.16   0.542922991906   0.523645952911
1.256   0.542816203835   0.524091698139
1.352   0.542758636965   0.524349937538
1.448   0.54272794609   0.524499240441
1.544   0.542711688284   0.524585484723
1.64   0.542703107281   0.524635328146
1.736   0.542698587331   0.524664134174
1.832   0.542696209168   0.524680785676
1.928   0.542694958676   0.52469041303
2.024   0.542694301361   0.524695980087
2.12   0.542693955912   0.524699199615
2.216   0.54269377438   0.524701061668
2.312   0.542693678991   0.524702138665
2.408   0.54269362887   0.524702761613
2.504   0.542693602534   0.524703121942
2.6   0.542693588696   0.524703330368
2.696   0.542693581425   0.52470345093
2.792   0.542693577604   0.524703520669
2.888   0.542693575597   0.524703561008
2.984   0.542693574542   0.524703584343
3.08   0.542693573988   0.52470359784
3.176   0.542693573697   0.524703605648
3.272   0.542693573544   0.524703610165
3.368   0.542693573464   0.524703612777
3.464   0.542693573421   0.524703614288
3.56   0.542693573399   0.524703615162
3.656   0.542693573388   0.524703615668
3.752   0.542693573381   0.52470361596
3.848   0.542693573378   0.52470361613
3.944   0.542693573377   0.524703616228
4.04   0.542693573376   0.524703616284
4.136   0.542693573375   0.524703616317
4.232   0.542693573375   0.524703616336
4.328   0.542693573375   0.524703616347
4.424   0.542693573375   0.524703616353
4.52   0.542693573375   0.524703616357
4.616   0.542693573375   0.524703616359
4.712   0.542693573375   0.52470361636
4.808   0.542693573375   0.524703616361
4.904   0.542693573375   0.524703616361
5.0   0.542693573375   0.524703616361
5.096   0.542693573375   0.524703616362
5.192   0.542693573375   0.524703616362
5.288   0.542693573375   0.524703616362
5.384   0.542693573375   0.524703616362
5.48   0.542693573375   0.524703616362
5.576   0.542693573375   0.524703616362
5.672   0.542693573375   0.524703616362
5.768   0.542693573375   0.524703616362
5.864   0.542693573375   0.524703616362
5.96   0.542693573375   0.524703616362
6.056   0.542693573375   0.524703616362
6.152   0.542693573375   0.524703616362
6.248   0.542693573375   0.524703616362
6.344   0.542693573375   0.524703616362
6.44   0.542693573375   0.524703616362
6.536   0.542693573375   0.524703616362
6.632   0.542693573375   0.524703616362
6.728   0.542693573375   0.524703616362
6.824   0.542693573375   0.524703616362
6.92   0.542693573375   0.524703616362
7.016   0.542693573375   0.524703616362
7.112   0.542693573375   0.524703616362
7.208   0.542693573375   0.524703616362
7.304   0.542693573375   0.524703616362
7.4   0.542693573375   0.524703616362
7.496   0.542693573375   0.524703616362
7.592   0.542693573375   0.524703616362
7.688   0.542693573375   0.524703616362
7.784   0.542693573375   0.524703616362
7.88   0.542693573375   0.524703616362
7.976   0.542693573375   0.524703616362
8.072   0.542693573375   0.524703616362
8.168   0.542693573375   0.524703616362
8.264   0.542693573375   0.524703616362
8.36   0.542693573375   0.524703616362
8.456   0.542693573375   0.524703616362
8.552   0.542693573375   0.524703616362
8.648   0.542693573375   0.524703616362
8.744   0.542693573375   0.524703616362
8.84   0.542693573375   0.524703616362
8.936   0.542693573375   0.524703616362
9.032   0.542693573375   0.524703616362
9.128   0.542693573375   0.524703616362
9.224   0.542693573375   0.524703616362
9.32   0.542693573375   0.524703616362
9.416   0.542693573375   0.524703616362
9.512   0.542693573375   0.524703616362
9.608   0.542693573375   0.524703616362
9.704   0.542693573375   0.524703616362
