0.2   0.563803080679   0.408208087217
0.296   0.559868669847   0.454886625378
0.392   0.55646435168   0.485199001503
0.488   0.553570983821   0.505266802258
0.584   0.551154719028   0.518352669693
0.68   0.549171335751   0.526687989302
0.776   0.547570221906   0.531941195598
0.872   0.546298546821   0.535274265412
0.968   0.545304692331   0.537424255712
1.064   0.544540835087   0.538835942293
1.16   0.543964576351   0.53977537848
1.256   0.543539603408   0.540403854853
1.352   0.543235571793   0.540822259406
1.448   0.543026226917   0.541095422279
1.544   0.542889227277   0.541268032903
1.64   0.542804415978   0.541372611723
1.736   0.542755528463   0.54143329715
1.832   0.542727015328   0.541467476238
1.928   0.542711401675   0.541486320079
2.024   0.54270301481   0.541496555769
2.12   0.542698555153   0.541502060882
2.216   0.542696196846   0.541505003487
2.312   0.542694953476   0.541506570663
2.408   0.542694298982   0.541507403603
2.504   0.542693954759   0.541507845807
2.6   0.542693773801   0.541508080429
2.696   0.542693678695   0.541508204874
2.792   0.542693628716   0.541508270869
2.888   0.542693602453   0.541508305863
2.984   0.542693588654   0.541508324419
3.08   0.542693581403   0.541508334258
3.176   0.542693577593   0.541508339475
3.272   0.542693575591   0.54150834224
3.368   0.542693574539   0.541508343707
3.464   0.542693573987   0.541508344485
3.56   0.542693573696   0.541508344897
3.656   0.542693573544   0.541508345116
3.752   0.542693573463   0.541508345231
3.848   0.542693573421   0.541508345293
3.944   0.542693573399   0.541508345325
4.04   0.542693573388   0.541508345343
4.136   0.542693573381   0.541508345352
4.232   0.542693573378   0.541508345357
4.328   0.542693573377   0.541508345359
4.424   0.542693573376   0.541508345361
4.52   0.542693573375   0.541508345361
4.616   0.542693573375   0.541508345362
4.712   0.542693573375   0.541508345362
4.808   0.542693573375   0.541508345362
4.904   0.542693573375   0.541508345362
5.0   0.542693573375   0.541508345362
5.096   0.542693573375   0.541508345362
5.192   0.542693573375   0.541508345362
5.288   0.542693573375   0.541508345362
5.384   0.542693573375   0.541508345362
5.48   0.542693573375   0.541508345362
5.576   0.542693573375   0.541508345362
5.672   0.542693573375   0.541508345362
5.768   0.542693573375   0.541508345362
5.864   0.542693573375   0.541508345362
5.96   0.542693573375   0.541508345362
6.056   0.542693573375   0.541508345362
6.152   0.542693573375   0.541508345362
6.248   0.542693573375   0.541508345362
6.344   0.542693573375   0.541508345362
6.44   0.542693573375   0.541508345362
6.536   0.542693573375   0.541508345362
6.632   0.542693573375   0.541508345362
6.728   0.542693573375   0.541508345362
6.824   0.542693573375   0.541508345362
6.92   0.542693573375   0.541508345362
7.016   0.542693573375   0.541508345362
7.112   0.542693573375   0.541508345362
7.208   0.542693573375   0.541508345362
7.304   0.542693573375   0.541508345362
7.4   0.542693573375   0.541508345362
7.496   0.542693573375   0.541508345362
7.592   0.542693573375   0.541508345362
7.688   0.542693573375   0.541508345362
7.784   0.542693573375   0.541508345362
7.88   0.542693573375   0.541508345362
7.976   0.542693573375   0.541508345362
8.072   0.542693573375   0.541508345362
8.168   0.542693573375   0.541508345362
8.264   0.542693573375   0.541508345362
8.36   0.542693573375   0.541508345362
8.456   0.542693573375   0.541508345362
8.552   0.542693573375   0.541508345362
8.648   0.542693573375   0.541508345362
8.744   0.542693573375   0.541508345362
8.84   0.542693573375   0.541508345362
8.936   0.542693573375   0.541508345362
9.032   0.542693573375   0.541508345362
9.128   0.542693573375   0.541508345362
9.224   0.542693573375   0.541508345362
9.32   0.542693573375   0.541508345362
9.416   0.542693573375   0.541508345362
9.512   0.542693573375   0.541508345362
9.608   0.542693573375   0.541508345362
9.704   0.542693573375   0.541508345362
