0.2   0.562818403268   0.395567358563
0.296   0.558482885239   0.442045335192
0.392   0.554749400053   0.47272578796
0.488   0.551613074456   0.493443691197
0.584   0.54905435038   0.507301560941
0.68   0.547040916561   0.516351208745
0.776   0.54552696923   0.522114819945
0.872   0.544450605789   0.525705960224
0.968   0.543732850688   0.52789645085
1.064   0.543284268844   0.529203723944
1.16   0.543019484127   0.529968396853
1.256   0.542870014182   0.530408666983
1.352   0.542787797177   0.530659813627
1.448   0.542743534562   0.530802096922
1.544   0.542719957388   0.530882481659
1.64   0.542707474857   0.530927834395
1.736   0.542700888723   0.530953406887
1.832   0.542697420258   0.530967822892
1.928   0.542695595552   0.530975949186
2.024   0.542694636147   0.530980530021
2.12   0.542694131861   0.530983112341
2.216   0.542693866841   0.530984568098
2.312   0.542693727577   0.530985388788
2.408   0.542693654399   0.530985851465
2.504   0.542693615948   0.530986112309
2.6   0.542693595744   0.530986259368
2.696   0.542693585128   0.530986342276
2.792   0.54269357955   0.530986389019
2.888   0.54269357662   0.530986415372
2.984   0.54269357508   0.530986430229
3.08   0.54269357427   0.530986438605
3.176   0.542693573845   0.530986443328
3.272   0.542693573622   0.53098644599
3.368   0.542693573505   0.530986447491
3.464   0.542693573443   0.530986448337
3.56   0.542693573411   0.530986448815
3.656   0.542693573394   0.530986449084
3.752   0.542693573385   0.530986449235
3.848   0.54269357338   0.530986449321
3.944   0.542693573377   0.530986449369
4.04   0.542693573376   0.530986449396
4.136   0.542693573375   0.530986449411
4.232   0.542693573375   0.53098644942
4.328   0.542693573375   0.530986449425
4.424   0.542693573375   0.530986449428
4.52   0.542693573375   0.530986449429
4.616   0.542693573375   0.53098644943
4.712   0.542693573375   0.530986449431
4.808   0.542693573375   0.530986449431
4.904   0.542693573375   0.530986449431
5.0   0.542693573375   0.530986449431
5.096   0.542693573375   0.530986449431
5.192   0.542693573375   0.530986449431
5.288   0.542693573375   0.530986449431
5.384   0.542693573375   0.530986449431
5.48   0.542693573375   0.530986449431
5.576   0.542693573375   0.530986449431
5.672   0.542693573375   0.530986449431
5.768   0.542693573375   0.530986449431
5.864   0.542693573375   0.530986449431
5.96   0.542693573375   0.530986449431
6.056   0.542693573375   0.530986449431
6.152   0.542693573375   0.530986449431
6.248   0.542693573375   0.530986449431
6.344   0.542693573375   0.530986449431
6.44   0.542693573375   0.530986449431
6.536   0.542693573375   0.530986449431
6.632   0.542693573375   0.530986449431
6.728   0.542693573375   0.530986449431
6.824   0.542693573375   0.530986449431
6.92   0.542693573375   0.530986449431
7.016   0.542693573375   0.530986449431
7.112   0.542693573375   0.530986449431
7.208   0.542693573375   0.530986449431
7.304   0.542693573375   0.530986449431
7.4   0.542693573375   0.530986449431
7.496   0.542693573375   0.530986449431
7.592   0.542693573375   0.530986449431
7.688   0.542693573375   0.530986449431
7.784   0.542693573375   0.530986449431
7.88   0.542693573375   0.530986449431
7.976   0.542693573375   0.530986449431
8.072   0.542693573375   0.530986449431
8.168   0.542693573375   0.530986449431
8.264   0.542693573375   0.530986449431
8.36   0.542693573375   0.530986449431
8.456   0.542693573375   0.530986449431
8.552   0.542693573375   0.530986449431
8.648   0.542693573375   0.530986449431
8.744   0.542693573375   0.530986449431
8.84   0.542693573375   0.530986449431
8.936   0.542693573375   0.530986449431
9.032   0.542693573375   0.530986449431
9.128   0.542693573375   0.530986449431
9.224   0.542693573375   0.530986449431
9.32   0.542693573375   0.530986449431
9.416   0.542693573375   0.530986449431
9.512   0.542693573375   0.530986449431
9.608   0.542693573375   0.530986449431
9.704   0.542693573375   0.530986449431
