0.2   0.561285941616   0.796683432531
0.296   0.556475609943   0.700000000001
0.392   0.552488704029   0.7
0.488   0.549331740689   0.465618321481
0.584   0.546968136978   0.482519065611
0.68   0.545309702177   0.491856642729
0.776   0.544223227579   0.497884856803
0.872   0.543555716723   0.501675491603
0.968   0.543166777822   0.504014190458
1.064   0.542948881896   0.505440474239
1.16   0.542829741391   0.506305098255
1.256   0.542765733991   0.506828161165
1.352   0.542731671797   0.507144326477
1.448   0.542713645389   0.507335504644
1.544   0.542704135596   0.507451177363
1.64   0.542699127675   0.507521208722
1.736   0.542696493102   0.507563629907
1.832   0.542695107872   0.507589336933
1.928   0.542694379757   0.507604920032
2.024   0.542693997104   0.507614368281
2.12   0.542693796024   0.507620097769
2.216   0.542693690364   0.507623572543
2.312   0.542693634845   0.507625680047
2.408   0.542693605673   0.507626958344
2.504   0.542693590345   0.507627733713
2.6   0.542693582292   0.507628204034
2.696   0.54269357806   0.507628489325
2.792   0.542693575836   0.507628662379
2.888   0.542693574668   0.507628767353
2.984   0.542693574054   0.50762883103
3.08   0.542693573732   0.507628869657
3.176   0.542693573562   0.507628893088
3.272   0.542693573473   0.507628907301
3.368   0.542693573426   0.507628915922
3.464   0.542693573402   0.507628921152
3.56   0.542693573389   0.507628924325
3.656   0.542693573382   0.507628926249
3.752   0.542693573379   0.507628927417
3.848   0.542693573377   0.507628928125
3.944   0.542693573376   0.507628928554
4.04   0.542693573375   0.507628928815
4.136   0.542693573375   0.507628928973
4.232   0.542693573375   0.507628929069
4.328   0.542693573375   0.507628929127
4.424   0.542693573375   0.507628929162
4.52   0.542693573375   0.507628929184
4.616   0.542693573375   0.507628929197
4.712   0.542693573375   0.507628929204
4.808   0.542693573375   0.507628929209
4.904   0.542693573375   0.507628929212
5.0   0.542693573375   0.507628929214
5.096   0.542693573375   0.507628929215
5.192   0.542693573375   0.507628929216
5.288   0.542693573375   0.507628929216
5.384   0.542693573375   0.507628929216
5.48   0.542693573375   0.507628929216
5.576   0.542693573375   0.507628929216
5.672   0.542693573375   0.507628929216
5.768   0.542693573375   0.507628929217
5.864   0.542693573375   0.507628929217
5.96   0.542693573375   0.507628929217
6.056   0.542693573375   0.507628929217
6.152   0.542693573375   0.507628929217
6.248   0.542693573375   0.507628929217
6.344   0.542693573375   0.507628929217
6.44   0.542693573375   0.507628929217
6.536   0.542693573375   0.507628929217
6.632   0.542693573375   0.507628929217
6.728   0.542693573375   0.507628929217
6.824   0.542693573375   0.507628929217
6.92   0.542693573375   0.507628929217
7.016   0.542693573375   0.507628929217
7.112   0.542693573375   0.507628929217
7.208   0.542693573375   0.507628929217
7.304   0.542693573375   0.507628929217
7.4   0.542693573375   0.507628929217
7.496   0.542693573375   0.507628929217
7.592   0.542693573375   0.507628929217
7.688   0.542693573375   0.507628929217
7.784   0.542693573375   0.507628929217
7.88   0.542693573375   0.507628929217
7.976   0.542693573375   0.507628929217
8.072   0.542693573375   0.507628929217
8.168   0.542693573375   0.507628929217
8.264   0.542693573375   0.507628929217
8.36   0.542693573375   0.507628929217
8.456   0.542693573375   0.507628929217
8.552   0.542693573375   0.507628929217
8.648   0.542693573375   0.507628929217
8.744   0.542693573375   0.507628929217
8.84   0.542693573375   0.507628929217
8.936   0.542693573375   0.507628929217
9.032   0.542693573375   0.507628929217
9.128   0.542693573375   0.507628929217
9.224   0.542693573375   0.507628929217
9.32   0.542693573375   0.507628929217
9.416   0.542693573375   0.507628929217
9.512   0.542693573375   0.507628929217
9.608   0.542693573375   0.507628929217
9.704   0.542693573375   0.507628929217
