0.2   0.57127502642   0.485356880758
0.296   0.571126403545   0.513874472205
0.392   0.571103391509   0.529101941119
0.488   0.571100073403   0.536311308567
0.584   0.571099647276   0.539609886214
0.68   0.571099592588   0.541159202337
0.776   0.571099585562   0.541913916425
0.872   0.571099584659   0.542292072073
0.968   0.571099584543   0.542485105492
1.064   0.571099584529   0.542584797561
1.16   0.571099584527   0.542636649605
1.256   0.571099584526   0.542663733394
1.352   0.571099584526   0.542677915399
1.448   0.571099584526   0.542685352426
1.544   0.571099584526   0.542689255689
1.64   0.571099584526   0.542691305279
1.736   0.571099584526   0.54269238181
1.832   0.571099584526   0.542692947338
1.928   0.571099584526   0.54269324445
2.024   0.571099584526   0.542693400552
2.12   0.571099584526   0.542693482569
2.216   0.571099584526   0.542693525663
2.312   0.571099584526   0.542693548306
2.408   0.571099584526   0.542693560203
2.504   0.571099584526   0.542693566454
2.6   0.571099584526   0.542693569738
2.696   0.571099584526   0.542693571464
2.792   0.571099584526   0.542693572371
2.888   0.571099584526   0.542693572847
2.984   0.571099584526   0.542693573097
3.08   0.571099584526   0.542693573229
3.176   0.571099584526   0.542693573298
3.272   0.571099584526   0.542693573334
3.368   0.571099584526   0.542693573354
3.464   0.571099584526   0.542693573364
3.56   0.571099584526   0.542693573369
3.656   0.571099584526   0.542693573372
3.752   0.571099584526   0.542693573373
3.848   0.571099584526   0.542693573374
3.944   0.571099584526   0.542693573374
4.04   0.571099584526   0.542693573374
4.136   0.571099584526   0.542693573375
4.232   0.571099584526   0.542693573375
4.328   0.571099584526   0.542693573375
4.424   0.571099584526   0.542693573375
4.52   0.571099584526   0.542693573375
4.616   0.571099584526   0.542693573375
4.712   0.571099584526   0.542693573375
4.808   0.571099584526   0.542693573375
4.904   0.571099584526   0.542693573375
5.0   0.571099584526   0.542693573375
5.096   0.571099584526   0.542693573375
5.192   0.571099584526   0.542693573375
5.288   0.571099584526   0.542693573375
5.384   0.571099584526   0.542693573375
5.48   0.571099584526   0.542693573375
5.576   0.571099584526   0.542693573375
5.672   0.571099584526   0.542693573375
5.768   0.571099584526   0.542693573375
5.864   0.571099584526   0.542693573375
5.96   0.571099584526   0.542693573375
6.056   0.571099584526   0.542693573375
6.152   0.571099584526   0.542693573375
6.248   0.571099584526   0.542693573375
6.344   0.571099584526   0.542693573375
6.44   0.571099584526   0.542693573375
6.536   0.571099584526   0.542693573375
6.632   0.571099584526   0.542693573375
6.728   0.571099584526   0.542693573375
6.824   0.571099584526   0.542693573375
6.92   0.571099584526   0.542693573375
7.016   0.571099584526   0.542693573375
7.112   0.571099584526   0.542693573375
7.208   0.571099584526   0.542693573375
7.304   0.571099584526   0.542693573375
7.4   0.571099584526   0.542693573375
7.496   0.571099584526   0.542693573375
7.592   0.571099584526   0.542693573375
7.688   0.571099584526   0.542693573375
7.784   0.571099584526   0.542693573375
7.88   0.571099584526   0.542693573375
7.976   0.571099584526   0.542693573375
8.072   0.571099584526   0.542693573375
8.168   0.571099584526   0.542693573375
8.264   0.571099584526   0.542693573375
8.36   0.571099584526   0.542693573375
8.456   0.571099584526   0.542693573375
8.552   0.571099584526   0.542693573375
8.648   0.571099584526   0.542693573375
8.744   0.571099584526   0.542693573375
8.84   0.571099584526   0.542693573375
8.936   0.571099584526   0.542693573375
9.032   0.571099584526   0.542693573375
9.128   0.571099584526   0.542693573375
9.224   0.571099584526   0.542693573375
9.32   0.571099584526   0.542693573375
9.416   0.571099584526   0.542693573375
9.512   0.571099584526   0.542693573375
9.608   0.571099584526   0.542693573375
9.704   0.571099584526   0.542693573375
