0.2   0.562979581844   0.420823101078
0.296   0.558744161769   0.458465535604
0.392   0.555105913748   0.484240836273
0.488   0.552045588373   0.502002445972
0.584   0.549530543777   0.514020942525
0.68   0.547519082798   0.521939947543
0.776   0.545963243602   0.527043104384
0.872   0.544809764474   0.530279655873
0.968   0.543998744556   0.532300030501
1.064   0.543462250018   0.533534794692
1.16   0.543129063364   0.534270326108
1.256   0.542933815432   0.534697247331
1.352   0.542823204394   0.534940646651
1.448   0.542762721347   0.535077207238
1.544   0.542730212524   0.535153250524
1.64   0.542712913873   0.535195412954
1.736   0.542703761111   0.535218735196
1.832   0.542698933652   0.535231620129
1.928   0.542696391914   0.535238734322
2.024   0.542695054914   0.535242661118
2.12   0.542694351988   0.53524482827
2.216   0.542693982529   0.535246024219
2.312   0.54269378837   0.535246684188
2.408   0.542693686344   0.535247048381
2.504   0.542693632733   0.535247249353
2.6   0.542693604564   0.535247360255
2.696   0.542693589762   0.535247421455
2.792   0.542693581985   0.535247455226
2.888   0.542693577899   0.535247473863
2.984   0.542693575752   0.535247484147
3.08   0.542693574624   0.535247489822
3.176   0.542693574031   0.535247492953
3.272   0.542693573719   0.535247494681
3.368   0.542693573556   0.535247495635
3.464   0.54269357347   0.535247496161
3.56   0.542693573425   0.535247496452
3.656   0.542693573401   0.535247496612
3.752   0.542693573388   0.5352474967
3.848   0.542693573382   0.535247496749
3.944   0.542693573378   0.535247496776
4.04   0.542693573377   0.535247496791
4.136   0.542693573376   0.535247496799
4.232   0.542693573375   0.535247496804
4.328   0.542693573375   0.535247496806
4.424   0.542693573375   0.535247496808
4.52   0.542693573375   0.535247496808
4.616   0.542693573375   0.535247496809
4.712   0.542693573375   0.535247496809
4.808   0.542693573375   0.535247496809
4.904   0.542693573375   0.535247496809
5.0   0.542693573375   0.535247496809
5.096   0.542693573375   0.535247496809
5.192   0.542693573375   0.535247496809
5.288   0.542693573375   0.535247496809
5.384   0.542693573375   0.535247496809
5.48   0.542693573375   0.535247496809
5.576   0.542693573375   0.535247496809
5.672   0.542693573375   0.535247496809
5.768   0.542693573375   0.535247496809
5.864   0.542693573375   0.535247496809
5.96   0.542693573375   0.535247496809
6.056   0.542693573375   0.535247496809
6.152   0.542693573375   0.535247496809
6.248   0.542693573375   0.535247496809
6.344   0.542693573375   0.535247496809
6.44   0.542693573375   0.535247496809
6.536   0.542693573375   0.535247496809
6.632   0.542693573375   0.535247496809
6.728   0.542693573375   0.535247496809
6.824   0.542693573375   0.535247496809
6.92   0.542693573375   0.535247496809
7.016   0.542693573375   0.535247496809
7.112   0.542693573375   0.535247496809
7.208   0.542693573375   0.535247496809
7.304   0.542693573375   0.535247496809
7.4   0.542693573375   0.535247496809
7.496   0.542693573375   0.535247496809
7.592   0.542693573375   0.535247496809
7.688   0.542693573375   0.535247496809
7.784   0.542693573375   0.535247496809
7.88   0.542693573375   0.535247496809
7.976   0.542693573375   0.535247496809
8.072   0.542693573375   0.535247496809
8.168   0.542693573375   0.535247496809
8.264   0.542693573375   0.535247496809
8.36   0.542693573375   0.535247496809
8.456   0.542693573375   0.535247496809
8.552   0.542693573375   0.535247496809
8.648   0.542693573375   0.535247496809
8.744   0.542693573375   0.535247496809
8.84   0.542693573375   0.535247496809
8.936   0.542693573375   0.535247496809
9.032   0.542693573375   0.535247496809
9.128   0.542693573375   0.535247496809
9.224   0.542693573375   0.535247496809
9.32   0.542693573375   0.535247496809
9.416   0.542693573375   0.535247496809
9.512   0.542693573375   0.535247496809
9.608   0.542693573375   0.535247496809
9.704   0.542693573375   0.535247496809
