0.2   0.563421759119   0.413171322042
0.296   0.559340300646   0.455894373737
0.392   0.555815124211   0.484302440236
0.488   0.552827053234   0.503459280227
0.584   0.550342719238   0.516177490321
0.68   0.548319161605   0.524421056788
0.776   0.546707904107   0.5296837387
0.872   0.545458769368   0.533033014105
0.968   0.544522135662   0.535166840748
1.064   0.543849201831   0.536520227794
1.16   0.543390774857   0.537365074555
1.256   0.543096579363   0.537878571532
1.352   0.542918658089   0.538180622795
1.448   0.542816653167   0.538353594094
1.544   0.542759570906   0.538450203847
1.64   0.542728644417   0.538503453329
1.736   0.542712115222   0.538532566082
1.832   0.542703348622   0.538548407454
1.928   0.54269871891   0.538557004543
2.024   0.542696279633   0.538561663479
2.12   0.542694996069   0.538564186332
2.216   0.542694321111   0.538565551935
2.312   0.542693966317   0.538566290974
2.408   0.542693779855   0.538566690886
2.504   0.54269368187   0.538566907277
2.6   0.542693630383   0.538567024362
2.696   0.542693603329   0.538567087714
2.792   0.542693589114   0.538567121991
2.888   0.542693581644   0.538567140538
2.984   0.54269357772   0.538567150572
3.08   0.542693575658   0.538567156002
3.176   0.542693574574   0.53856715894
3.272   0.542693574005   0.538567160529
3.368   0.542693573706   0.538567161389
3.464   0.542693573549   0.538567161855
3.56   0.542693573466   0.538567162106
3.656   0.542693573423   0.538567162243
3.752   0.5426935734   0.538567162316
3.848   0.542693573388   0.538567162356
3.944   0.542693573382   0.538567162378
4.04   0.542693573378   0.538567162389
4.136   0.542693573377   0.538567162396
4.232   0.542693573376   0.538567162399
4.328   0.542693573375   0.538567162401
4.424   0.542693573375   0.538567162402
4.52   0.542693573375   0.538567162403
4.616   0.542693573375   0.538567162403
4.712   0.542693573375   0.538567162403
4.808   0.542693573375   0.538567162403
4.904   0.542693573375   0.538567162403
5.0   0.542693573375   0.538567162403
5.096   0.542693573375   0.538567162403
5.192   0.542693573375   0.538567162403
5.288   0.542693573375   0.538567162403
5.384   0.542693573375   0.538567162403
5.48   0.542693573375   0.538567162403
5.576   0.542693573375   0.538567162403
5.672   0.542693573375   0.538567162403
5.768   0.542693573375   0.538567162403
5.864   0.542693573375   0.538567162403
5.96   0.542693573375   0.538567162403
6.056   0.542693573375   0.538567162403
6.152   0.542693573375   0.538567162403
6.248   0.542693573375   0.538567162403
6.344   0.542693573375   0.538567162403
6.44   0.542693573375   0.538567162403
6.536   0.542693573375   0.538567162403
6.632   0.542693573375   0.538567162403
6.728   0.542693573375   0.538567162403
6.824   0.542693573375   0.538567162403
6.92   0.542693573375   0.538567162403
7.016   0.542693573375   0.538567162403
7.112   0.542693573375   0.538567162403
7.208   0.542693573375   0.538567162403
7.304   0.542693573375   0.538567162403
7.4   0.542693573375   0.538567162403
7.496   0.542693573375   0.538567162403
7.592   0.542693573375   0.538567162403
7.688   0.542693573375   0.538567162403
7.784   0.542693573375   0.538567162403
7.88   0.542693573375   0.538567162403
7.976   0.542693573375   0.538567162403
8.072   0.542693573375   0.538567162403
8.168   0.542693573375   0.538567162403
8.264   0.542693573375   0.538567162403
8.36   0.542693573375   0.538567162403
8.456   0.542693573375   0.538567162403
8.552   0.542693573375   0.538567162403
8.648   0.542693573375   0.538567162403
8.744   0.542693573375   0.538567162403
8.84   0.542693573375   0.538567162403
8.936   0.542693573375   0.538567162403
9.032   0.542693573375   0.538567162403
9.128   0.542693573375   0.538567162403
9.224   0.542693573375   0.538567162403
9.32   0.542693573375   0.538567162403
9.416   0.542693573375   0.538567162403
9.512   0.542693573375   0.538567162403
9.608   0.542693573375   0.538567162403
9.704   0.542693573375   0.538567162403
