0.2   0.56360063706   0.428679107981
0.296   0.559623902971   0.466071092487
0.392   0.556204547089   0.491458262956
0.488   0.553315794163   0.508747135687
0.584   0.550916959591   0.520263010692
0.68   0.548958206518   0.527735697196
0.776   0.547384703708   0.532523090222
0.872   0.54614076624   0.535601260805
0.968   0.545173107663   0.537606234456
1.064   0.544433161415   0.538930916627
1.16   0.543878409337   0.5398148734
1.256   0.543472713264   0.540405616949
1.352   0.543185820811   0.540796716775
1.448   0.542991327622   0.541049002953
1.544   0.542866363693   0.541206676075
1.64   0.54279184091   0.541300984903
1.736   0.542747242507   0.541354900686
1.832   0.542722385043   0.541385010982
1.928   0.542708891414   0.541401511992
2.024   0.542701673386   0.541410439613
2.12   0.542697843918   0.541415230065
2.216   0.542695821335   0.541417787757
2.312   0.542694755664   0.541419149429
2.408   0.542694194905   0.541419873207
2.504   0.542693900034   0.541420257589
2.6   0.542693745036   0.541420461632
2.696   0.542693663578   0.541420569918
2.792   0.542693620772   0.541420627378
2.888   0.542693598279   0.541420657866
2.984   0.54269358646   0.541420674042
3.08   0.54269358025   0.541420682625
3.176   0.542693576987   0.541420687179
3.272   0.542693575273   0.541420689595
3.368   0.542693574372   0.541420690876
3.464   0.542693573899   0.541420691556
3.56   0.54269357365   0.541420691917
3.656   0.542693573519   0.541420692109
3.752   0.542693573451   0.54142069221
3.848   0.542693573415   0.541420692264
3.944   0.542693573396   0.541420692293
4.04   0.542693573386   0.541420692308
4.136   0.54269357338   0.541420692316
4.232   0.542693573378   0.54142069232
4.328   0.542693573376   0.541420692323
4.424   0.542693573375   0.541420692324
4.52   0.542693573375   0.541420692324
4.616   0.542693573375   0.541420692325
4.712   0.542693573375   0.541420692325
4.808   0.542693573375   0.541420692325
4.904   0.542693573375   0.541420692325
5.0   0.542693573375   0.541420692325
5.096   0.542693573375   0.541420692325
5.192   0.542693573375   0.541420692325
5.288   0.542693573375   0.541420692325
5.384   0.542693573375   0.541420692325
5.48   0.542693573375   0.541420692325
5.576   0.542693573375   0.541420692325
5.672   0.542693573375   0.541420692325
5.768   0.542693573375   0.541420692325
5.864   0.542693573375   0.541420692325
5.96   0.542693573375   0.541420692325
6.056   0.542693573375   0.541420692325
6.152   0.542693573375   0.541420692325
6.248   0.542693573375   0.541420692325
6.344   0.542693573375   0.541420692325
6.44   0.542693573375   0.541420692325
6.536   0.542693573375   0.541420692325
6.632   0.542693573375   0.541420692325
6.728   0.542693573375   0.541420692325
6.824   0.542693573375   0.541420692325
6.92   0.542693573375   0.541420692325
7.016   0.542693573375   0.541420692325
7.112   0.542693573375   0.541420692325
7.208   0.542693573375   0.541420692325
7.304   0.542693573375   0.541420692325
7.4   0.542693573375   0.541420692325
7.496   0.542693573375   0.541420692325
7.592   0.542693573375   0.541420692325
7.688   0.542693573375   0.541420692325
7.784   0.542693573375   0.541420692325
7.88   0.542693573375   0.541420692325
7.976   0.542693573375   0.541420692325
8.072   0.542693573375   0.541420692325
8.168   0.542693573375   0.541420692325
8.264   0.542693573375   0.541420692325
8.36   0.542693573375   0.541420692325
8.456   0.542693573375   0.541420692325
8.552   0.542693573375   0.541420692325
8.648   0.542693573375   0.541420692325
8.744   0.542693573375   0.541420692325
8.84   0.542693573375   0.541420692325
8.936   0.542693573375   0.541420692325
9.032   0.542693573375   0.541420692325
9.128   0.542693573375   0.541420692325
9.224   0.542693573375   0.541420692325
9.32   0.542693573375   0.541420692325
9.416   0.542693573375   0.541420692325
9.512   0.542693573375   0.541420692325
9.608   0.542693573375   0.541420692325
9.704   0.542693573375   0.541420692325
