0.2   0.564340431425   0.416731701654
0.296   0.560658738291   0.462300597702
0.392   0.557497409199   0.491714309448
0.488   0.554836625331   0.510940437186
0.584   0.552643209069   0.523215537522
0.68   0.550875106597   0.530825083071
0.776   0.549485334187   0.535481003598
0.872   0.548425598812   0.538338423008
0.968   0.54764819453   0.540101932729
1.064   0.547105870344   0.541185907344
1.16   0.546749852051   0.541839683019
1.256   0.546531367716   0.54222210806
1.352   0.546406037749   0.542438317212
1.448   0.546336306222   0.542557212265
1.544   0.546299254966   0.542621261788
1.64   0.546279943067   0.542655390693
1.736   0.546269984356   0.542673459459
1.832   0.546264878695   0.542682991072
1.928   0.546262269236   0.542688009452
2.024   0.546260937749   0.542690648963
2.12   0.546260258938   0.542692036552
2.216   0.546259913024   0.542692765817
2.312   0.546259736793   0.542693149043
2.408   0.54625964702   0.542693350414
2.504   0.546259601292   0.542693456223
2.6   0.546259578   0.54269351182
2.696   0.546259566136   0.542693541032
2.792   0.546259560094   0.542693556381
2.888   0.546259557016   0.542693564445
2.984   0.546259555448   0.542693568683
3.08   0.54625955465   0.54269357091
3.176   0.546259554243   0.542693572079
3.272   0.546259554036   0.542693572694
3.368   0.54625955393   0.542693573017
3.464   0.546259553877   0.542693573187
3.56   0.546259553849   0.542693573276
3.656   0.546259553835   0.542693573323
3.752   0.546259553828   0.542693573347
3.848   0.546259553825   0.54269357336
3.944   0.546259553823   0.542693573367
4.04   0.546259553822   0.542693573371
4.136   0.546259553821   0.542693573373
4.232   0.546259553821   0.542693573374
4.328   0.546259553821   0.542693573374
4.424   0.546259553821   0.542693573374
4.52   0.546259553821   0.542693573374
4.616   0.546259553821   0.542693573375
4.712   0.546259553821   0.542693573375
4.808   0.546259553821   0.542693573375
4.904   0.546259553821   0.542693573375
5.0   0.546259553821   0.542693573375
5.096   0.546259553821   0.542693573375
5.192   0.546259553821   0.542693573375
5.288   0.546259553821   0.542693573375
5.384   0.546259553821   0.542693573375
5.48   0.546259553821   0.542693573375
5.576   0.546259553821   0.542693573375
5.672   0.546259553821   0.542693573375
5.768   0.546259553821   0.542693573375
5.864   0.546259553821   0.542693573375
5.96   0.546259553821   0.542693573375
6.056   0.546259553821   0.542693573375
6.152   0.546259553821   0.542693573375
6.248   0.546259553821   0.542693573375
6.344   0.546259553821   0.542693573375
6.44   0.546259553821   0.542693573375
6.536   0.546259553821   0.542693573375
6.632   0.546259553821   0.542693573375
6.728   0.546259553821   0.542693573375
6.824   0.546259553821   0.542693573375
6.92   0.546259553821   0.542693573375
7.016   0.546259553821   0.542693573375
7.112   0.546259553821   0.542693573375
7.208   0.546259553821   0.542693573375
7.304   0.546259553821   0.542693573375
7.4   0.546259553821   0.542693573375
7.496   0.546259553821   0.542693573375
7.592   0.546259553821   0.542693573375
7.688   0.546259553821   0.542693573375
7.784   0.546259553821   0.542693573375
7.88   0.546259553821   0.542693573375
7.976   0.546259553821   0.542693573375
8.072   0.546259553821   0.542693573375
8.168   0.546259553821   0.542693573375
8.264   0.546259553821   0.542693573375
8.36   0.546259553821   0.542693573375
8.456   0.546259553821   0.542693573375
8.552   0.546259553821   0.542693573375
8.648   0.546259553821   0.542693573375
8.744   0.546259553821   0.542693573375
8.84   0.546259553821   0.542693573375
8.936   0.546259553821   0.542693573375
9.032   0.546259553821   0.542693573375
9.128   0.546259553821   0.542693573375
9.224   0.546259553821   0.542693573375
9.32   0.546259553821   0.542693573375
9.416   0.546259553821   0.542693573375
9.512   0.546259553821   0.542693573375
9.608   0.546259553821   0.542693573375
9.704   0.546259553821   0.542693573375
