0.2   0.562120442695   0.389338641231
0.296   0.557549727961   0.433881300539
0.392   0.553668420853   0.463762807272
0.488   0.55048159327   0.48420582983
0.584   0.547972317245   0.498049274632
0.68   0.546096952954   0.507180966826
0.776   0.544779657004   0.513020146535
0.872   0.543914661096   0.51664677873
0.968   0.543382127807   0.518845689726
1.064   0.543071494001   0.520155607796
1.16   0.542897451945   0.520927141558
1.256   0.542802275175   0.521378707952
1.352   0.542751162773   0.52164229915
1.448   0.542723972628   0.521795956093
1.544   0.542709586969   0.521885536425
1.64   0.542701999268   0.521937763157
1.736   0.54269800402   0.521968224032
1.832   0.542695902356   0.521985995293
1.928   0.542694797375   0.521996365698
2.024   0.542694216583   0.522002418395
2.12   0.542693911359   0.522005951495
2.216   0.542693750968   0.522008014025
2.312   0.54269366669   0.522009218144
2.408   0.542693622406   0.522009921144
2.504   0.542693599137   0.522010331586
2.6   0.542693586911   0.522010571224
2.696   0.542693580487   0.522010711139
2.792   0.542693577112   0.52201079283
2.888   0.542693575338   0.522010840526
2.984   0.542693574406   0.522010868375
3.08   0.542693573917   0.522010884635
3.176   0.542693573659   0.522010894128
3.272   0.542693573524   0.522010899671
3.368   0.542693573453   0.522010902908
3.464   0.542693573416   0.522010904797
3.56   0.542693573396   0.522010905901
3.656   0.542693573386   0.522010906545
3.752   0.542693573381   0.522010906921
3.848   0.542693573378   0.52201090714
3.944   0.542693573376   0.522010907269
4.04   0.542693573376   0.522010907344
4.136   0.542693573375   0.522010907387
4.232   0.542693573375   0.522010907413
4.328   0.542693573375   0.522010907428
4.424   0.542693573375   0.522010907436
4.52   0.542693573375   0.522010907441
4.616   0.542693573375   0.522010907444
4.712   0.542693573375   0.522010907446
4.808   0.542693573375   0.522010907447
4.904   0.542693573375   0.522010907448
5.0   0.542693573375   0.522010907448
5.096   0.542693573375   0.522010907448
5.192   0.542693573375   0.522010907448
5.288   0.542693573375   0.522010907449
5.384   0.542693573375   0.522010907449
5.48   0.542693573375   0.522010907449
5.576   0.542693573375   0.522010907449
5.672   0.542693573375   0.522010907449
5.768   0.542693573375   0.522010907449
5.864   0.542693573375   0.522010907449
5.96   0.542693573375   0.522010907449
6.056   0.542693573375   0.522010907449
6.152   0.542693573375   0.522010907449
6.248   0.542693573375   0.522010907449
6.344   0.542693573375   0.522010907449
6.44   0.542693573375   0.522010907449
6.536   0.542693573375   0.522010907449
6.632   0.542693573375   0.522010907449
6.728   0.542693573375   0.522010907449
6.824   0.542693573375   0.522010907449
6.92   0.542693573375   0.522010907449
7.016   0.542693573375   0.522010907449
7.112   0.542693573375   0.522010907449
7.208   0.542693573375   0.522010907449
7.304   0.542693573375   0.522010907449
7.4   0.542693573375   0.522010907449
7.496   0.542693573375   0.522010907449
7.592   0.542693573375   0.522010907449
7.688   0.542693573375   0.522010907449
7.784   0.542693573375   0.522010907449
7.88   0.542693573375   0.522010907449
7.976   0.542693573375   0.522010907449
8.072   0.542693573375   0.522010907449
8.168   0.542693573375   0.522010907449
8.264   0.542693573375   0.522010907449
8.36   0.542693573375   0.522010907449
8.456   0.542693573375   0.522010907449
8.552   0.542693573375   0.522010907449
8.648   0.542693573375   0.522010907449
8.744   0.542693573375   0.522010907449
8.84   0.542693573375   0.522010907449
8.936   0.542693573375   0.522010907449
9.032   0.542693573375   0.522010907449
9.128   0.542693573375   0.522010907449
9.224   0.542693573375   0.522010907449
9.32   0.542693573375   0.522010907449
9.416   0.542693573375   0.522010907449
9.512   0.542693573375   0.522010907449
9.608   0.542693573375   0.522010907449
9.704   0.542693573375   0.522010907449
