0.2   0.566377281309   0.446369381579
0.296   0.563816048801   0.48586540214
0.392   0.561876181187   0.510579071528
0.488   0.560532082225   0.52549411624
0.584   0.559701068803   0.533823172001
0.68   0.5592468432   0.538179457002
0.776   0.559023768518   0.540392363028
0.872   0.558922244694   0.541512331568
0.968   0.558877808747   0.542082863836
1.064   0.558858875077   0.542376111883
1.16   0.5588508916   0.542527897386
1.256   0.558847541832   0.542606875401
1.352   0.558846139481   0.542648132365
1.448   0.558845552999   0.542669732311
1.544   0.558845307837   0.542681057314
1.64   0.558845205374   0.542687000331
1.736   0.558845162556   0.542690120686
1.832   0.558845144662   0.542691759524
1.928   0.558845137185   0.542692620411
2.024   0.558845134061   0.542693072685
2.12   0.558845132755   0.542693310305
2.216   0.55884513221   0.542693435152
2.312   0.558845131982   0.542693500749
2.408   0.558845131886   0.542693535215
2.504   0.558845131847   0.542693553325
2.6   0.55884513183   0.54269356284
2.696   0.558845131823   0.542693567839
2.792   0.55884513182   0.542693570466
2.888   0.558845131819   0.542693571846
2.984   0.558845131818   0.542693572572
3.08   0.558845131818   0.542693572953
3.176   0.558845131818   0.542693573153
3.272   0.558845131818   0.542693573258
3.368   0.558845131818   0.542693573313
3.464   0.558845131818   0.542693573342
3.56   0.558845131818   0.542693573358
3.656   0.558845131818   0.542693573366
3.752   0.558845131818   0.54269357337
3.848   0.558845131818   0.542693573372
3.944   0.558845131818   0.542693573373
4.04   0.558845131818   0.542693573374
4.136   0.558845131818   0.542693573374
4.232   0.558845131818   0.542693573374
4.328   0.558845131818   0.542693573375
4.424   0.558845131818   0.542693573375
4.52   0.558845131818   0.542693573375
4.616   0.558845131818   0.542693573375
4.712   0.558845131818   0.542693573375
4.808   0.558845131818   0.542693573375
4.904   0.558845131818   0.542693573375
5.0   0.558845131818   0.542693573375
5.096   0.558845131818   0.542693573375
5.192   0.558845131818   0.542693573375
5.288   0.558845131818   0.542693573375
5.384   0.558845131818   0.542693573375
5.48   0.558845131818   0.542693573375
5.576   0.558845131818   0.542693573375
5.672   0.558845131818   0.542693573375
5.768   0.558845131818   0.542693573375
5.864   0.558845131818   0.542693573375
5.96   0.558845131818   0.542693573375
6.056   0.558845131818   0.542693573375
6.152   0.558845131818   0.542693573375
6.248   0.558845131818   0.542693573375
6.344   0.558845131818   0.542693573375
6.44   0.558845131818   0.542693573375
6.536   0.558845131818   0.542693573375
6.632   0.558845131818   0.542693573375
6.728   0.558845131818   0.542693573375
6.824   0.558845131818   0.542693573375
6.92   0.558845131818   0.542693573375
7.016   0.558845131818   0.542693573375
7.112   0.558845131818   0.542693573375
7.208   0.558845131818   0.542693573375
7.304   0.558845131818   0.542693573375
7.4   0.558845131818   0.542693573375
7.496   0.558845131818   0.542693573375
7.592   0.558845131818   0.542693573375
7.688   0.558845131818   0.542693573375
7.784   0.558845131818   0.542693573375
7.88   0.558845131818   0.542693573375
7.976   0.558845131818   0.542693573375
8.072   0.558845131818   0.542693573375
8.168   0.558845131818   0.542693573375
8.264   0.558845131818   0.542693573375
8.36   0.558845131818   0.542693573375
8.456   0.558845131818   0.542693573375
8.552   0.558845131818   0.542693573375
8.648   0.558845131818   0.542693573375
8.744   0.558845131818   0.542693573375
8.84   0.558845131818   0.542693573375
8.936   0.558845131818   0.542693573375
9.032   0.558845131818   0.542693573375
9.128   0.558845131818   0.542693573375
9.224   0.558845131818   0.542693573375
9.32   0.558845131818   0.542693573375
9.416   0.558845131818   0.542693573375
9.512   0.558845131818   0.542693573375
9.608   0.558845131818   0.542693573375
9.704   0.558845131818   0.542693573375
