0.2   0.561442603658   0.374148954451
0.296   0.556670574099   0.419418123206
0.392   0.552694736289   0.449860479067
0.488   0.549523832664   0.470753732216
0.584   0.547127827805   0.484966733055
0.68   0.545428652384   0.49439720361
0.776   0.544303386153   0.500469286828
0.872   0.543605422669   0.504275053336
0.968   0.543195756175   0.506613669612
1.064   0.542965109078   0.508033214152
1.16   0.542838575792   0.508889295636
1.256   0.542770470746   0.509404396338
1.352   0.542734189087   0.50971401
1.448   0.54271497644   0.509900173159
1.544   0.54270483742   0.510012176553
1.64   0.542699497145   0.510079604219
1.736   0.542696687438   0.510120218214
1.832   0.542695210041   0.510144691596
1.928   0.542694433456   0.510159443449
2.024   0.542694025324   0.510168337414
2.12   0.542693810853   0.510173700462
2.216   0.542693698156   0.510176934715
2.312   0.542693638939   0.510178885313
2.408   0.542693607825   0.510180061787
2.504   0.542693591476   0.510180771382
2.6   0.542693582886   0.510181199387
2.696   0.542693578372   0.510181457548
2.792   0.542693576   0.510181613266
2.888   0.542693574754   0.510181707193
2.984   0.5426935741   0.510181763848
3.08   0.542693573756   0.510181798022
3.176   0.542693573575   0.510181818635
3.272   0.54269357348   0.510181831069
3.368   0.54269357343   0.510181838569
3.464   0.542693573404   0.510181843092
3.56   0.54269357339   0.510181845821
3.656   0.542693573383   0.510181847467
3.752   0.542693573379   0.51018184846
3.848   0.542693573377   0.510181849059
3.944   0.542693573376   0.51018184942
4.04   0.542693573375   0.510181849638
4.136   0.542693573375   0.510181849769
4.232   0.542693573375   0.510181849849
4.328   0.542693573375   0.510181849896
4.424   0.542693573375   0.510181849925
4.52   0.542693573375   0.510181849943
4.616   0.542693573375   0.510181849953
4.712   0.542693573375   0.510181849959
4.808   0.542693573375   0.510181849963
4.904   0.542693573375   0.510181849966
5.0   0.542693573375   0.510181849967
5.096   0.542693573375   0.510181849968
5.192   0.542693573375   0.510181849968
5.288   0.542693573375   0.510181849969
5.384   0.542693573375   0.510181849969
5.48   0.542693573375   0.510181849969
5.576   0.542693573375   0.510181849969
5.672   0.542693573375   0.510181849969
5.768   0.542693573375   0.510181849969
5.864   0.542693573375   0.510181849969
5.96   0.542693573375   0.510181849969
6.056   0.542693573375   0.510181849969
6.152   0.542693573375   0.510181849969
6.248   0.542693573375   0.510181849969
6.344   0.542693573375   0.510181849969
6.44   0.542693573375   0.510181849969
6.536   0.542693573375   0.510181849969
6.632   0.542693573375   0.510181849969
6.728   0.542693573375   0.510181849969
6.824   0.542693573375   0.510181849969
6.92   0.542693573375   0.510181849969
7.016   0.542693573375   0.510181849969
7.112   0.542693573375   0.510181849969
7.208   0.542693573375   0.510181849969
7.304   0.542693573375   0.510181849969
7.4   0.542693573375   0.510181849969
7.496   0.542693573375   0.510181849969
7.592   0.542693573375   0.510181849969
7.688   0.542693573375   0.510181849969
7.784   0.542693573375   0.510181849969
7.88   0.542693573375   0.510181849969
7.976   0.542693573375   0.510181849969
8.072   0.542693573375   0.510181849969
8.168   0.542693573375   0.510181849969
8.264   0.542693573375   0.510181849969
8.36   0.542693573375   0.510181849969
8.456   0.542693573375   0.510181849969
8.552   0.542693573375   0.510181849969
8.648   0.542693573375   0.510181849969
8.744   0.542693573375   0.510181849969
8.84   0.542693573375   0.510181849969
8.936   0.542693573375   0.510181849969
9.032   0.542693573375   0.510181849969
9.128   0.542693573375   0.510181849969
9.224   0.542693573375   0.510181849969
9.32   0.542693573375   0.510181849969
9.416   0.542693573375   0.510181849969
9.512   0.542693573375   0.510181849969
9.608   0.542693573375   0.510181849969
9.704   0.542693573375   0.510181849969
