0.2   0.565241998922   0.447304238237
0.296   0.562076763849   0.482946864114
0.392   0.559483499777   0.506451503765
0.488   0.557446786401   0.521629638026
0.584   0.555935267368   0.530911993242
0.68   0.554893746293   0.536279982763
0.776   0.554237528809   0.53926436085
0.872   0.553860474732   0.54088099492
0.968   0.553660798101   0.541741440974
1.064   0.553560014094   0.542194513363
1.16   0.5535112269   0.54243217576
1.256   0.553488042413   0.542556564992
1.352   0.553477131543   0.542621711135
1.448   0.553472022303   0.542655859087
1.544   0.553469635768   0.542673772069
1.64   0.553468522394   0.542683174043
1.736   0.553468003294   0.542688110807
1.832   0.553467761342   0.542690703664
1.928   0.553467648584   0.542692065693
2.024   0.553467596039   0.542692781239
2.12   0.553467571554   0.542693157177
2.216   0.553467560144   0.542693354696
2.312   0.553467554828   0.542693458475
2.408   0.553467552351   0.542693513004
2.504   0.553467551196   0.542693541654
2.6   0.553467550658   0.542693556708
2.696   0.553467550408   0.542693564617
2.792   0.553467550291   0.542693568773
2.888   0.553467550236   0.542693570957
2.984   0.553467550211   0.542693572104
3.08   0.553467550199   0.542693572707
3.176   0.553467550194   0.542693573024
3.272   0.553467550191   0.54269357319
3.368   0.55346755019   0.542693573278
3.464   0.553467550189   0.542693573324
3.56   0.553467550189   0.542693573348
3.656   0.553467550189   0.542693573361
3.752   0.553467550189   0.542693573367
3.848   0.553467550189   0.542693573371
3.944   0.553467550189   0.542693573373
4.04   0.553467550189   0.542693573374
4.136   0.553467550189   0.542693573374
4.232   0.553467550189   0.542693573374
4.328   0.553467550189   0.542693573375
4.424   0.553467550189   0.542693573375
4.52   0.553467550189   0.542693573375
4.616   0.553467550189   0.542693573375
4.712   0.553467550189   0.542693573375
4.808   0.553467550189   0.542693573375
4.904   0.553467550189   0.542693573375
5.0   0.553467550189   0.542693573375
5.096   0.553467550189   0.542693573375
5.192   0.553467550189   0.542693573375
5.288   0.553467550189   0.542693573375
5.384   0.553467550189   0.542693573375
5.48   0.553467550189   0.542693573375
5.576   0.553467550189   0.542693573375
5.672   0.553467550189   0.542693573375
5.768   0.553467550189   0.542693573375
5.864   0.553467550189   0.542693573375
5.96   0.553467550189   0.542693573375
6.056   0.553467550189   0.542693573375
6.152   0.553467550189   0.542693573375
6.248   0.553467550189   0.542693573375
6.344   0.553467550189   0.542693573375
6.44   0.553467550189   0.542693573375
6.536   0.553467550189   0.542693573375
6.632   0.553467550189   0.542693573375
6.728   0.553467550189   0.542693573375
6.824   0.553467550189   0.542693573375
6.92   0.553467550189   0.542693573375
7.016   0.553467550189   0.542693573375
7.112   0.553467550189   0.542693573375
7.208   0.553467550189   0.542693573375
7.304   0.553467550189   0.542693573375
7.4   0.553467550189   0.542693573375
7.496   0.553467550189   0.542693573375
7.592   0.553467550189   0.542693573375
7.688   0.553467550189   0.542693573375
7.784   0.553467550189   0.542693573375
7.88   0.553467550189   0.542693573375
7.976   0.553467550189   0.542693573375
8.072   0.553467550189   0.542693573375
8.168   0.553467550189   0.542693573375
8.264   0.553467550189   0.542693573375
8.36   0.553467550189   0.542693573375
8.456   0.553467550189   0.542693573375
8.552   0.553467550189   0.542693573375
8.648   0.553467550189   0.542693573375
8.744   0.553467550189   0.542693573375
8.84   0.553467550189   0.542693573375
8.936   0.553467550189   0.542693573375
9.032   0.553467550189   0.542693573375
9.128   0.553467550189   0.542693573375
9.224   0.553467550189   0.542693573375
9.32   0.553467550189   0.542693573375
9.416   0.553467550189   0.542693573375
9.512   0.553467550189   0.542693573375
9.608   0.553467550189   0.542693573375
9.704   0.553467550189   0.542693573375
