0.2   0.561503521122   0.379592341252
0.296   0.556751766139   0.423419404393
0.392   0.552785824654   0.453059148591
0.488   0.549613225422   0.473465682791
0.584   0.547205397629   0.487370379726
0.68   0.545488451977   0.496601452875
0.776   0.544344739852   0.50254317125
0.872   0.543631530577   0.506262769816
0.968   0.543211154268   0.508543748286
1.064   0.542973795848   0.509924432281
1.16   0.542843323365   0.510754281416
1.256   0.542773021826   0.511251755208
1.352   0.542735546468   0.511549595583
1.448   0.542715694649   0.511727952657
1.544   0.542705216246   0.511834816319
1.64   0.542699696613   0.511898881307
1.736   0.542696792366   0.511937307791
1.832   0.542695265208   0.511960365383
1.928   0.542694462453   0.511974205082
2.024   0.542694040563   0.511982513769
2.12   0.542693818861   0.51198750265
2.216   0.542693702364   0.511990498489
2.312   0.54269364115   0.511992297625
2.408   0.542693608986   0.511993378137
2.504   0.542693592086   0.511994027083
2.6   0.542693583206   0.511994416841
2.696   0.54269357854   0.511994650935
2.792   0.542693576089   0.511994791535
2.888   0.542693574801   0.511994875982
2.984   0.542693574124   0.511994926703
3.08   0.542693573768   0.511994957167
3.176   0.542693573582   0.511994975464
3.272   0.542693573483   0.511994986454
3.368   0.542693573432   0.511994993055
3.464   0.542693573405   0.51199499702
3.56   0.54269357339   0.511994999401
3.656   0.542693573383   0.511995000831
3.752   0.542693573379   0.51199500169
3.848   0.542693573377   0.511995002206
3.944   0.542693573376   0.511995002516
4.04   0.542693573375   0.511995002702
4.136   0.542693573375   0.511995002814
4.232   0.542693573375   0.511995002881
4.328   0.542693573375   0.511995002921
4.424   0.542693573375   0.511995002946
4.52   0.542693573375   0.51199500296
4.616   0.542693573375   0.511995002969
4.712   0.542693573375   0.511995002974
4.808   0.542693573375   0.511995002977
4.904   0.542693573375   0.511995002979
5.0   0.542693573375   0.51199500298
5.096   0.542693573375   0.511995002981
5.192   0.542693573375   0.511995002981
5.288   0.542693573375   0.511995002982
5.384   0.542693573375   0.511995002982
5.48   0.542693573375   0.511995002982
5.576   0.542693573375   0.511995002982
5.672   0.542693573375   0.511995002982
5.768   0.542693573375   0.511995002982
5.864   0.542693573375   0.511995002982
5.96   0.542693573375   0.511995002982
6.056   0.542693573375   0.511995002982
6.152   0.542693573375   0.511995002982
6.248   0.542693573375   0.511995002982
6.344   0.542693573375   0.511995002982
6.44   0.542693573375   0.511995002982
6.536   0.542693573375   0.511995002982
6.632   0.542693573375   0.511995002982
6.728   0.542693573375   0.511995002982
6.824   0.542693573375   0.511995002982
6.92   0.542693573375   0.511995002982
7.016   0.542693573375   0.511995002982
7.112   0.542693573375   0.511995002982
7.208   0.542693573375   0.511995002982
7.304   0.542693573375   0.511995002982
7.4   0.542693573375   0.511995002982
7.496   0.542693573375   0.511995002982
7.592   0.542693573375   0.511995002982
7.688   0.542693573375   0.511995002982
7.784   0.542693573375   0.511995002982
7.88   0.542693573375   0.511995002982
7.976   0.542693573375   0.511995002982
8.072   0.542693573375   0.511995002982
8.168   0.542693573375   0.511995002982
8.264   0.542693573375   0.511995002982
8.36   0.542693573375   0.511995002982
8.456   0.542693573375   0.511995002982
8.552   0.542693573375   0.511995002982
8.648   0.542693573375   0.511995002982
8.744   0.542693573375   0.511995002982
8.84   0.542693573375   0.511995002982
8.936   0.542693573375   0.511995002982
9.032   0.542693573375   0.511995002982
9.128   0.542693573375   0.511995002982
9.224   0.542693573375   0.511995002982
9.32   0.542693573375   0.511995002982
9.416   0.542693573375   0.511995002982
9.512   0.542693573375   0.511995002982
9.608   0.542693573375   0.511995002982
9.704   0.542693573375   0.511995002982
