0.2   0.565992001672   0.435646274102
0.296   0.563188790299   0.479057465783
0.392   0.560972232213   0.506115437294
0.488   0.559332352043   0.522659904475
0.584   0.558222651346   0.532137321712
0.68   0.557548182698   0.537235394018
0.776   0.557180305326   0.539884481355
0.872   0.556997152446   0.541244836658
0.968   0.556910642639   0.541943180052
1.064   0.556871436697   0.542303215405
1.16   0.556853974723   0.542489831444
1.256   0.556846264617   0.54258697097
1.352   0.556842874648   0.542637706224
1.448   0.556841387137   0.54266426497
1.544   0.556840735035   0.54267818816
1.64   0.556840449289   0.542685493925
1.736   0.556840324104   0.542689329531
1.832   0.556840269265   0.542691343937
1.928   0.556840245243   0.542692402083
2.024   0.55684023472   0.542692957979
2.12   0.556840230111   0.542693250038
2.216   0.556840228092   0.542693403487
2.312   0.556840227208   0.542693484111
2.408   0.556840226821   0.542693526473
2.504   0.556840226651   0.542693548731
2.6   0.556840226577   0.542693560426
2.696   0.556840226544   0.542693566571
2.792   0.55684022653   0.5426935698
2.888   0.556840226524   0.542693571496
2.984   0.556840226521   0.542693572388
3.08   0.55684022652   0.542693572856
3.176   0.556840226519   0.542693573102
3.272   0.556840226519   0.542693573231
3.368   0.556840226519   0.542693573299
3.464   0.556840226519   0.542693573335
3.56   0.556840226519   0.542693573354
3.656   0.556840226519   0.542693573364
3.752   0.556840226519   0.542693573369
3.848   0.556840226519   0.542693573372
3.944   0.556840226519   0.542693573373
4.04   0.556840226519   0.542693573374
4.136   0.556840226519   0.542693573374
4.232   0.556840226519   0.542693573374
4.328   0.556840226519   0.542693573375
4.424   0.556840226519   0.542693573375
4.52   0.556840226519   0.542693573375
4.616   0.556840226519   0.542693573375
4.712   0.556840226519   0.542693573375
4.808   0.556840226519   0.542693573375
4.904   0.556840226519   0.542693573375
5.0   0.556840226519   0.542693573375
5.096   0.556840226519   0.542693573375
5.192   0.556840226519   0.542693573375
5.288   0.556840226519   0.542693573375
5.384   0.556840226519   0.542693573375
5.48   0.556840226519   0.542693573375
5.576   0.556840226519   0.542693573375
5.672   0.556840226519   0.542693573375
5.768   0.556840226519   0.542693573375
5.864   0.556840226519   0.542693573375
5.96   0.556840226519   0.542693573375
6.056   0.556840226519   0.542693573375
6.152   0.556840226519   0.542693573375
6.248   0.556840226519   0.542693573375
6.344   0.556840226519   0.542693573375
6.44   0.556840226519   0.542693573375
6.536   0.556840226519   0.542693573375
6.632   0.556840226519   0.542693573375
6.728   0.556840226519   0.542693573375
6.824   0.556840226519   0.542693573375
6.92   0.556840226519   0.542693573375
7.016   0.556840226519   0.542693573375
7.112   0.556840226519   0.542693573375
7.208   0.556840226519   0.542693573375
7.304   0.556840226519   0.542693573375
7.4   0.556840226519   0.542693573375
7.496   0.556840226519   0.542693573375
7.592   0.556840226519   0.542693573375
7.688   0.556840226519   0.542693573375
7.784   0.556840226519   0.542693573375
7.88   0.556840226519   0.542693573375
7.976   0.556840226519   0.542693573375
8.072   0.556840226519   0.542693573375
8.168   0.556840226519   0.542693573375
8.264   0.556840226519   0.542693573375
8.36   0.556840226519   0.542693573375
8.456   0.556840226519   0.542693573375
8.552   0.556840226519   0.542693573375
8.648   0.556840226519   0.542693573375
8.744   0.556840226519   0.542693573375
8.84   0.556840226519   0.542693573375
8.936   0.556840226519   0.542693573375
9.032   0.556840226519   0.542693573375
9.128   0.556840226519   0.542693573375
9.224   0.556840226519   0.542693573375
9.32   0.556840226519   0.542693573375
9.416   0.556840226519   0.542693573375
9.512   0.556840226519   0.542693573375
9.608   0.556840226519   0.542693573375
9.704   0.556840226519   0.542693573375
