0.2   0.562720101882   0.411747000133
0.296   0.558375209122   0.451486038659
0.392   0.554649245428   0.478531021821
0.488   0.551530613496   0.497135385847
0.584   0.548993614285   0.509736057576
0.68   0.54700096421   0.51804398697
0.776   0.545503596565   0.523377622475
0.872   0.544438402483   0.526722644245
0.968   0.543727042637   0.528772976228
1.064   0.543281640327   0.530000346297
1.16   0.543018299116   0.530719204867
1.256   0.542869476538   0.531133013809
1.352   0.542787536518   0.531368752002
1.448   0.542743404176   0.531502032041
1.544   0.54271989078   0.531577141736
1.64   0.542707440395   0.531619400393
1.736   0.542700870765   0.53164315795
1.832   0.542697410863   0.531656509954
1.928   0.542695590627   0.531664013054
2.024   0.542694633562   0.531668229282
2.12   0.542694130504   0.531670598535
2.216   0.542693866128   0.53167192993
2.312   0.542693727202   0.531672678116
2.408   0.542693654202   0.531673098571
2.504   0.542693615844   0.531673334854
2.6   0.54269359569   0.53167346764
2.696   0.5426935851   0.531673542262
2.792   0.542693579535   0.531673584198
2.888   0.542693576612   0.531673607766
2.984   0.542693575075   0.53167362101
3.08   0.542693574268   0.531673628453
3.176   0.542693573844   0.531673632636
3.272   0.542693573621   0.531673634987
3.368   0.542693573504   0.531673636308
3.464   0.542693573443   0.53167363705
3.56   0.54269357341   0.531673637468
3.656   0.542693573393   0.531673637702
3.752   0.542693573385   0.531673637834
3.848   0.54269357338   0.531673637908
3.944   0.542693573377   0.531673637949
4.04   0.542693573376   0.531673637973
4.136   0.542693573375   0.531673637986
4.232   0.542693573375   0.531673637993
4.328   0.542693573375   0.531673637998
4.424   0.542693573375   0.531673638
4.52   0.542693573375   0.531673638001
4.616   0.542693573375   0.531673638002
4.712   0.542693573375   0.531673638002
4.808   0.542693573375   0.531673638003
4.904   0.542693573375   0.531673638003
5.0   0.542693573375   0.531673638003
5.096   0.542693573375   0.531673638003
5.192   0.542693573375   0.531673638003
5.288   0.542693573375   0.531673638003
5.384   0.542693573375   0.531673638003
5.48   0.542693573375   0.531673638003
5.576   0.542693573375   0.531673638003
5.672   0.542693573375   0.531673638003
5.768   0.542693573375   0.531673638003
5.864   0.542693573375   0.531673638003
5.96   0.542693573375   0.531673638003
6.056   0.542693573375   0.531673638003
6.152   0.542693573375   0.531673638003
6.248   0.542693573375   0.531673638003
6.344   0.542693573375   0.531673638003
6.44   0.542693573375   0.531673638003
6.536   0.542693573375   0.531673638003
6.632   0.542693573375   0.531673638003
6.728   0.542693573375   0.531673638003
6.824   0.542693573375   0.531673638003
6.92   0.542693573375   0.531673638003
7.016   0.542693573375   0.531673638003
7.112   0.542693573375   0.531673638003
7.208   0.542693573375   0.531673638003
7.304   0.542693573375   0.531673638003
7.4   0.542693573375   0.531673638003
7.496   0.542693573375   0.531673638003
7.592   0.542693573375   0.531673638003
7.688   0.542693573375   0.531673638003
7.784   0.542693573375   0.531673638003
7.88   0.542693573375   0.531673638003
7.976   0.542693573375   0.531673638003
8.072   0.542693573375   0.531673638003
8.168   0.542693573375   0.531673638003
8.264   0.542693573375   0.531673638003
8.36   0.542693573375   0.531673638003
8.456   0.542693573375   0.531673638003
8.552   0.542693573375   0.531673638003
8.648   0.542693573375   0.531673638003
8.744   0.542693573375   0.531673638003
8.84   0.542693573375   0.531673638003
8.936   0.542693573375   0.531673638003
9.032   0.542693573375   0.531673638003
9.128   0.542693573375   0.531673638003
9.224   0.542693573375   0.531673638003
9.32   0.542693573375   0.531673638003
9.416   0.542693573375   0.531673638003
9.512   0.542693573375   0.531673638003
9.608   0.542693573375   0.531673638003
9.704   0.542693573375   0.531673638003
