0.2   0.561583076748   0.373374200731
0.296   0.556845924052   0.419966493027
0.392   0.552881158615   0.451096162454
0.488   0.54969924874   0.472376244984
0.584   0.54727540276   0.486811155548
0.68   0.545540036989   0.496365550108
0.776   0.544379388484   0.502502403557
0.872   0.543653030176   0.506338084174
0.968   0.54322371202   0.508687240626
1.064   0.542980839473   0.510107614322
1.16   0.542847163219   0.510960459715
1.256   0.542775082422   0.511471268501
1.352   0.542736642118   0.51177683815
1.448   0.542716274166   0.511959684781
1.544   0.542705521862   0.5120691612
1.64   0.542699857518   0.512134748947
1.736   0.542696877004   0.512174063789
1.832   0.542695309707   0.512197639913
1.928   0.542694485842   0.512211782329
2.024   0.542694052854   0.512220267717
2.12   0.54269382532   0.512225359707
2.216   0.542693705758   0.512228415681
2.312   0.542693642934   0.512230249865
2.408   0.542693609923   0.512231350789
2.504   0.542693592579   0.512232011611
2.6   0.542693583465   0.512232408274
2.696   0.542693578676   0.512232646377
2.792   0.54269357616   0.512232789303
2.888   0.542693574838   0.512232875097
2.984   0.542693574144   0.512232926598
3.08   0.542693573779   0.512232957512
3.176   0.542693573587   0.512232976069
3.272   0.542693573486   0.512232987209
3.368   0.542693573433   0.512232993896
3.464   0.542693573405   0.51223299791
3.56   0.542693573391   0.512233000319
3.656   0.542693573383   0.512233001765
3.752   0.542693573379   0.512233002634
3.848   0.542693573377   0.512233003155
3.944   0.542693573376   0.512233003468
4.04   0.542693573375   0.512233003655
4.136   0.542693573375   0.512233003768
4.232   0.542693573375   0.512233003836
4.328   0.542693573375   0.512233003876
4.424   0.542693573375   0.512233003901
4.52   0.542693573375   0.512233003915
4.616   0.542693573375   0.512233003924
4.712   0.542693573375   0.512233003929
4.808   0.542693573375   0.512233003933
4.904   0.542693573375   0.512233003935
5.0   0.542693573375   0.512233003936
5.096   0.542693573375   0.512233003936
5.192   0.542693573375   0.512233003937
5.288   0.542693573375   0.512233003937
5.384   0.542693573375   0.512233003937
5.48   0.542693573375   0.512233003937
5.576   0.542693573375   0.512233003937
5.672   0.542693573375   0.512233003937
5.768   0.542693573375   0.512233003937
5.864   0.542693573375   0.512233003937
5.96   0.542693573375   0.512233003937
6.056   0.542693573375   0.512233003937
6.152   0.542693573375   0.512233003937
6.248   0.542693573375   0.512233003937
6.344   0.542693573375   0.512233003937
6.44   0.542693573375   0.512233003937
6.536   0.542693573375   0.512233003937
6.632   0.542693573375   0.512233003937
6.728   0.542693573375   0.512233003937
6.824   0.542693573375   0.512233003937
6.92   0.542693573375   0.512233003937
7.016   0.542693573375   0.512233003937
7.112   0.542693573375   0.512233003937
7.208   0.542693573375   0.512233003937
7.304   0.542693573375   0.512233003937
7.4   0.542693573375   0.512233003937
7.496   0.542693573375   0.512233003937
7.592   0.542693573375   0.512233003937
7.688   0.542693573375   0.512233003937
7.784   0.542693573375   0.512233003937
7.88   0.542693573375   0.512233003937
7.976   0.542693573375   0.512233003937
8.072   0.542693573375   0.512233003937
8.168   0.542693573375   0.512233003937
8.264   0.542693573375   0.512233003937
8.36   0.542693573375   0.512233003937
8.456   0.542693573375   0.512233003937
8.552   0.542693573375   0.512233003937
8.648   0.542693573375   0.512233003937
8.744   0.542693573375   0.512233003937
8.84   0.542693573375   0.512233003937
8.936   0.542693573375   0.512233003937
9.032   0.542693573375   0.512233003937
9.128   0.542693573375   0.512233003937
9.224   0.542693573375   0.512233003937
9.32   0.542693573375   0.512233003937
9.416   0.542693573375   0.512233003937
9.512   0.542693573375   0.512233003937
9.608   0.542693573375   0.512233003937
9.704   0.542693573375   0.512233003937
