0.2   0.562549463344   0.402373154847
0.296   0.558131611539   0.444678106962
0.392   0.554349063108   0.473203254714
0.488   0.551196947506   0.492738226075
0.584   0.548654807618   0.505945907365
0.68   0.546686967685   0.514642420458
0.776   0.545239805279   0.520206863904
0.872   0.54423871595   0.523674387333
0.968   0.543590354754   0.525782835616
1.064   0.543195963206   0.527036868608
1.16   0.542968357962   0.527769531106
1.256   0.542841212511   0.528192314711
1.352   0.542772139885   0.52843463533
1.448   0.542735149432   0.528572905067
1.544   0.542715504931   0.528651673067
1.64   0.542705121864   0.52869651405
1.736   0.542699648497   0.528722035574
1.832   0.542696767493   0.52873656113
1.928   0.542695252252   0.528744828835
2.024   0.542694455676   0.528749535021
2.12   0.542694037011   0.528752214076
2.216   0.542693816997   0.528753739238
2.312   0.542693701385   0.528754607529
2.408   0.542693640636   0.52875510187
2.504   0.542693608716   0.528755383316
2.6   0.542693591944   0.528755543554
2.696   0.542693583132   0.528755634785
2.792   0.542693578501   0.528755686728
2.888   0.542693576068   0.528755716301
2.984   0.54269357479   0.528755733138
3.08   0.542693574118   0.528755742725
3.176   0.542693573765   0.528755748183
3.272   0.54269357358   0.528755751291
3.368   0.542693573483   0.52875575306
3.464   0.542693573431   0.528755754067
3.56   0.542693573404   0.528755754641
3.656   0.54269357339   0.528755754967
3.752   0.542693573383   0.528755755153
3.848   0.542693573379   0.528755755259
3.944   0.542693573377   0.528755755319
4.04   0.542693573376   0.528755755354
4.136   0.542693573375   0.528755755373
4.232   0.542693573375   0.528755755384
4.328   0.542693573375   0.528755755391
4.424   0.542693573375   0.528755755394
4.52   0.542693573375   0.528755755396
4.616   0.542693573375   0.528755755397
4.712   0.542693573375   0.528755755398
4.808   0.542693573375   0.528755755398
4.904   0.542693573375   0.528755755399
5.0   0.542693573375   0.528755755399
5.096   0.542693573375   0.528755755399
5.192   0.542693573375   0.528755755399
5.288   0.542693573375   0.528755755399
5.384   0.542693573375   0.528755755399
5.48   0.542693573375   0.528755755399
5.576   0.542693573375   0.528755755399
5.672   0.542693573375   0.528755755399
5.768   0.542693573375   0.528755755399
5.864   0.542693573375   0.528755755399
5.96   0.542693573375   0.528755755399
6.056   0.542693573375   0.528755755399
6.152   0.542693573375   0.528755755399
6.248   0.542693573375   0.528755755399
6.344   0.542693573375   0.528755755399
6.44   0.542693573375   0.528755755399
6.536   0.542693573375   0.528755755399
6.632   0.542693573375   0.528755755399
6.728   0.542693573375   0.528755755399
6.824   0.542693573375   0.528755755399
6.92   0.542693573375   0.528755755399
7.016   0.542693573375   0.528755755399
7.112   0.542693573375   0.528755755399
7.208   0.542693573375   0.528755755399
7.304   0.542693573375   0.528755755399
7.4   0.542693573375   0.528755755399
7.496   0.542693573375   0.528755755399
7.592   0.542693573375   0.528755755399
7.688   0.542693573375   0.528755755399
7.784   0.542693573375   0.528755755399
7.88   0.542693573375   0.528755755399
7.976   0.542693573375   0.528755755399
8.072   0.542693573375   0.528755755399
8.168   0.542693573375   0.528755755399
8.264   0.542693573375   0.528755755399
8.36   0.542693573375   0.528755755399
8.456   0.542693573375   0.528755755399
8.552   0.542693573375   0.528755755399
8.648   0.542693573375   0.528755755399
8.744   0.542693573375   0.528755755399
8.84   0.542693573375   0.528755755399
8.936   0.542693573375   0.528755755399
9.032   0.542693573375   0.528755755399
9.128   0.542693573375   0.528755755399
9.224   0.542693573375   0.528755755399
9.32   0.542693573375   0.528755755399
9.416   0.542693573375   0.528755755399
9.512   0.542693573375   0.528755755399
9.608   0.542693573375   0.528755755399
9.704   0.542693573375   0.528755755399
