0.2   0.56201247423   0.400735606371
0.296   0.557424103205   0.440535160714
0.392   0.553542474578   0.467816471824
0.488   0.550367806608   0.486726317332
0.584   0.547878311582   0.499641418442
0.68   0.546025697566   0.508211310072
0.776   0.544730046398   0.513713947263
0.872   0.543882757789   0.517140777561
0.968   0.543362942582   0.519221802199
1.064   0.543060522558   0.520462475589
1.16   0.542891382356   0.521193448474
1.256   0.542798992588   0.521621277217
1.352   0.542749409503   0.521870954117
1.448   0.542723042919   0.52201648398
1.544   0.542709095981   0.522101231542
1.64   0.542701740563   0.522150634647
1.736   0.54269786788   0.522179431685
1.832   0.542695830763   0.522196221753
1.928   0.542694759741   0.522206013233
2.024   0.542694196803   0.522211724246
2.12   0.542693900965   0.522215055651
2.216   0.542693745507   0.522216999112
2.312   0.54269366382   0.522218132941
2.408   0.542693620898   0.522218794449
2.504   0.542693598345   0.522219180399
2.6   0.542693586495   0.522219405582
2.696   0.542693580268   0.522219536966
2.792   0.542693576997   0.522219613623
2.888   0.542693575278   0.52221965835
2.984   0.542693574375   0.522219684446
3.08   0.5426935739   0.522219699672
3.176   0.542693573651   0.522219708556
3.272   0.54269357352   0.52221971374
3.368   0.542693573451   0.522219716764
3.464   0.542693573415   0.522219718529
3.56   0.542693573396   0.522219719558
3.656   0.542693573386   0.522219720159
3.752   0.54269357338   0.522219720509
3.848   0.542693573378   0.522219720714
3.944   0.542693573376   0.522219720833
4.04   0.542693573375   0.522219720903
4.136   0.542693573375   0.522219720943
4.232   0.542693573375   0.522219720967
4.328   0.542693573375   0.522219720981
4.424   0.542693573375   0.522219720989
4.52   0.542693573375   0.522219720994
4.616   0.542693573375   0.522219720997
4.712   0.542693573375   0.522219720998
4.808   0.542693573375   0.522219720999
4.904   0.542693573375   0.522219721
5.0   0.542693573375   0.522219721
5.096   0.542693573375   0.522219721
5.192   0.542693573375   0.522219721
5.288   0.542693573375   0.522219721
5.384   0.542693573375   0.522219721
5.48   0.542693573375   0.522219721
5.576   0.542693573375   0.522219721
5.672   0.542693573375   0.522219721
5.768   0.542693573375   0.522219721
5.864   0.542693573375   0.522219721
5.96   0.542693573375   0.522219721
6.056   0.542693573375   0.522219721
6.152   0.542693573375   0.522219721
6.248   0.542693573375   0.522219721
6.344   0.542693573375   0.522219721
6.44   0.542693573375   0.522219721
6.536   0.542693573375   0.522219721
6.632   0.542693573375   0.522219721
6.728   0.542693573375   0.522219721
6.824   0.542693573375   0.522219721
6.92   0.542693573375   0.522219721
7.016   0.542693573375   0.522219721
7.112   0.542693573375   0.522219721
7.208   0.542693573375   0.522219721
7.304   0.542693573375   0.522219721
7.4   0.542693573375   0.522219721
7.496   0.542693573375   0.522219721
7.592   0.542693573375   0.522219721
7.688   0.542693573375   0.522219721
7.784   0.542693573375   0.522219721
7.88   0.542693573375   0.522219721
7.976   0.542693573375   0.522219721
8.072   0.542693573375   0.522219721
8.168   0.542693573375   0.522219721
8.264   0.542693573375   0.522219721
8.36   0.542693573375   0.522219721
8.456   0.542693573375   0.522219721
8.552   0.542693573375   0.522219721
8.648   0.542693573375   0.522219721
8.744   0.542693573375   0.522219721
8.84   0.542693573375   0.522219721
8.936   0.542693573375   0.522219721
9.032   0.542693573375   0.522219721
9.128   0.542693573375   0.522219721
9.224   0.542693573375   0.522219721
9.32   0.542693573375   0.522219721
9.416   0.542693573375   0.522219721
9.512   0.542693573375   0.522219721
9.608   0.542693573375   0.522219721
9.704   0.542693573375   0.522219721
