0.2   0.565757474945   0.451717111342
0.296   0.562875497463   0.486942487925
0.392   0.560593720253   0.509862894085
0.488   0.558896334407   0.524306434773
0.584   0.557735166727   0.532811721691
0.68   0.557017973186   0.537507077356
0.776   0.556619250362   0.53999789795
0.872   0.556416956234   0.541295110082
0.968   0.556319682816   0.541966794002
1.064   0.556274912263   0.542314800087
1.16   0.556254687287   0.542495679402
1.256   0.556245636912   0.542589973952
1.352   0.556241605861   0.542639263777
1.448   0.556239814456   0.542665077447
1.544   0.556239019204   0.542678613344
1.64   0.556238666349   0.542685716831
1.736   0.556238509823   0.542689446509
1.832   0.556238440397   0.542691405359
1.928   0.556238409604   0.542692434344
2.024   0.556238395947   0.542692974926
2.12   0.55623838989   0.542693258942
2.216   0.556238387204   0.542693408165
2.312   0.556238386013   0.542693486569
2.408   0.556238385484   0.542693527765
2.504   0.55623838525   0.54269354941
2.6   0.556238385146   0.542693560783
2.696   0.5562383851   0.542693566759
2.792   0.556238385079   0.542693569898
2.888   0.55623838507   0.542693571548
2.984   0.556238385066   0.542693572415
3.08   0.556238385064   0.54269357287
3.176   0.556238385064   0.54269357311
3.272   0.556238385063   0.542693573235
3.368   0.556238385063   0.542693573302
3.464   0.556238385063   0.542693573336
3.56   0.556238385063   0.542693573354
3.656   0.556238385063   0.542693573364
3.752   0.556238385063   0.542693573369
3.848   0.556238385063   0.542693573372
3.944   0.556238385063   0.542693573373
4.04   0.556238385063   0.542693573374
4.136   0.556238385063   0.542693573374
4.232   0.556238385063   0.542693573374
4.328   0.556238385063   0.542693573375
4.424   0.556238385063   0.542693573375
4.52   0.556238385063   0.542693573375
4.616   0.556238385063   0.542693573375
4.712   0.556238385063   0.542693573375
4.808   0.556238385063   0.542693573375
4.904   0.556238385063   0.542693573375
5.0   0.556238385063   0.542693573375
5.096   0.556238385063   0.542693573375
5.192   0.556238385063   0.542693573375
5.288   0.556238385063   0.542693573375
5.384   0.556238385063   0.542693573375
5.48   0.556238385063   0.542693573375
5.576   0.556238385063   0.542693573375
5.672   0.556238385063   0.542693573375
5.768   0.556238385063   0.542693573375
5.864   0.556238385063   0.542693573375
5.96   0.556238385063   0.542693573375
6.056   0.556238385063   0.542693573375
6.152   0.556238385063   0.542693573375
6.248   0.556238385063   0.542693573375
6.344   0.556238385063   0.542693573375
6.44   0.556238385063   0.542693573375
6.536   0.556238385063   0.542693573375
6.632   0.556238385063   0.542693573375
6.728   0.556238385063   0.542693573375
6.824   0.556238385063   0.542693573375
6.92   0.556238385063   0.542693573375
7.016   0.556238385063   0.542693573375
7.112   0.556238385063   0.542693573375
7.208   0.556238385063   0.542693573375
7.304   0.556238385063   0.542693573375
7.4   0.556238385063   0.542693573375
7.496   0.556238385063   0.542693573375
7.592   0.556238385063   0.542693573375
7.688   0.556238385063   0.542693573375
7.784   0.556238385063   0.542693573375
7.88   0.556238385063   0.542693573375
7.976   0.556238385063   0.542693573375
8.072   0.556238385063   0.542693573375
8.168   0.556238385063   0.542693573375
8.264   0.556238385063   0.542693573375
8.36   0.556238385063   0.542693573375
8.456   0.556238385063   0.542693573375
8.552   0.556238385063   0.542693573375
8.648   0.556238385063   0.542693573375
8.744   0.556238385063   0.542693573375
8.84   0.556238385063   0.542693573375
8.936   0.556238385063   0.542693573375
9.032   0.556238385063   0.542693573375
9.128   0.556238385063   0.542693573375
9.224   0.556238385063   0.542693573375
9.32   0.556238385063   0.542693573375
9.416   0.556238385063   0.542693573375
9.512   0.556238385063   0.542693573375
9.608   0.556238385063   0.542693573375
9.704   0.556238385063   0.542693573375
