0.2   0.565968702509   0.431517560935
0.296   0.563142535805   0.47683870617
0.392   0.560896361006   0.504881028357
0.488   0.55922216526   0.521979860316
0.584   0.558077577101   0.531771215362
0.68   0.557373195169   0.537041624886
0.776   0.55698405693   0.539783072188
0.872   0.556788166381   0.541192123923
0.968   0.556694774097   0.541915827764
1.064   0.556652149142   0.542288997767
1.16   0.556633050989   0.542482425326
1.256   0.556624573348   0.542583102346
1.352   0.556620827206   0.542635681294
1.448   0.556619175435   0.542663203575
1.544   0.556618447873   0.542677631299
1.64   0.556618127556   0.542685201595
1.736   0.556617986564   0.542689176014
1.832   0.556617924511   0.5426912633
1.928   0.556617897201   0.542692359721
2.024   0.556617885183   0.542692935723
2.12   0.556617879894   0.542693238345
2.216   0.556617877566   0.542693397343
2.312   0.556617876542   0.542693480883
2.408   0.556617876091   0.542693524777
2.504   0.556617875892   0.54269354784
2.6   0.556617875805   0.542693559958
2.696   0.556617875767   0.542693566325
2.792   0.55661787575   0.542693569671
2.888   0.556617875742   0.542693571428
2.984   0.556617875739   0.542693572352
3.08   0.556617875738   0.542693572837
3.176   0.556617875737   0.542693573092
3.272   0.556617875737   0.542693573226
3.368   0.556617875737   0.542693573297
3.464   0.556617875737   0.542693573334
3.56   0.556617875737   0.542693573353
3.656   0.556617875737   0.542693573363
3.752   0.556617875737   0.542693573369
3.848   0.556617875737   0.542693573372
3.944   0.556617875737   0.542693573373
4.04   0.556617875737   0.542693573374
4.136   0.556617875737   0.542693573374
4.232   0.556617875737   0.542693573374
4.328   0.556617875737   0.542693573375
4.424   0.556617875737   0.542693573375
4.52   0.556617875737   0.542693573375
4.616   0.556617875737   0.542693573375
4.712   0.556617875737   0.542693573375
4.808   0.556617875737   0.542693573375
4.904   0.556617875737   0.542693573375
5.0   0.556617875737   0.542693573375
5.096   0.556617875737   0.542693573375
5.192   0.556617875737   0.542693573375
5.288   0.556617875737   0.542693573375
5.384   0.556617875737   0.542693573375
5.48   0.556617875737   0.542693573375
5.576   0.556617875737   0.542693573375
5.672   0.556617875737   0.542693573375
5.768   0.556617875737   0.542693573375
5.864   0.556617875737   0.542693573375
5.96   0.556617875737   0.542693573375
6.056   0.556617875737   0.542693573375
6.152   0.556617875737   0.542693573375
6.248   0.556617875737   0.542693573375
6.344   0.556617875737   0.542693573375
6.44   0.556617875737   0.542693573375
6.536   0.556617875737   0.542693573375
6.632   0.556617875737   0.542693573375
6.728   0.556617875737   0.542693573375
6.824   0.556617875737   0.542693573375
6.92   0.556617875737   0.542693573375
7.016   0.556617875737   0.542693573375
7.112   0.556617875737   0.542693573375
7.208   0.556617875737   0.542693573375
7.304   0.556617875737   0.542693573375
7.4   0.556617875737   0.542693573375
7.496   0.556617875737   0.542693573375
7.592   0.556617875737   0.542693573375
7.688   0.556617875737   0.542693573375
7.784   0.556617875737   0.542693573375
7.88   0.556617875737   0.542693573375
7.976   0.556617875737   0.542693573375
8.072   0.556617875737   0.542693573375
8.168   0.556617875737   0.542693573375
8.264   0.556617875737   0.542693573375
8.36   0.556617875737   0.542693573375
8.456   0.556617875737   0.542693573375
8.552   0.556617875737   0.542693573375
8.648   0.556617875737   0.542693573375
8.744   0.556617875737   0.542693573375
8.84   0.556617875737   0.542693573375
8.936   0.556617875737   0.542693573375
9.032   0.556617875737   0.542693573375
9.128   0.556617875737   0.542693573375
9.224   0.556617875737   0.542693573375
9.32   0.556617875737   0.542693573375
9.416   0.556617875737   0.542693573375
9.512   0.556617875737   0.542693573375
9.608   0.556617875737   0.542693573375
9.704   0.556617875737   0.542693573375
