0.2   0.561950667722   0.382455845595
0.296   0.557322485329   0.428395254402
0.392   0.553408131655   0.459080842094
0.488   0.550216171409   0.480033759641
0.584   0.547729147322   0.494216428828
0.68   0.545896957051   0.503574841865
0.776   0.544632055881   0.509561871648
0.872   0.543815981618   0.513283466946
0.968   0.543321400116   0.515544648834
1.064   0.54303658369   0.516897054716
1.16   0.542877832271   0.517698366878
1.256   0.542791626944   0.518170883506
1.352   0.54274546487   0.518449040742
1.448   0.542720948256   0.518612679059
1.544   0.542707988961   0.518708971897
1.64   0.542701157047   0.518765659947
1.736   0.54269756075   0.518799046789
1.832   0.542695669236   0.518818717253
1.928   0.542694674826   0.518830309641
2.024   0.542694152174   0.518837142739
2.12   0.542693877512   0.51884117105
2.216   0.542693733183   0.518843546085
2.312   0.542693657344   0.518844946462
2.408   0.542693617495   0.518845772191
2.504   0.542693596557   0.518846259095
2.6   0.542693585555   0.51884654621
2.696   0.542693579775   0.518846715517
2.792   0.542693576737   0.518846815355
2.888   0.542693575142   0.518846874228
2.984   0.542693574303   0.518846908945
3.08   0.542693573862   0.518846929418
3.176   0.542693573631   0.51884694149
3.272   0.542693573509   0.518846948609
3.368   0.542693573445   0.518846952807
3.464   0.542693573412   0.518846955283
3.56   0.542693573394   0.518846956742
3.656   0.542693573385   0.518846957603
3.752   0.54269357338   0.518846958111
3.848   0.542693573377   0.51884695841
3.944   0.542693573376   0.518846958587
4.04   0.542693573375   0.518846958691
4.136   0.542693573375   0.518846958752
4.232   0.542693573375   0.518846958788
4.328   0.542693573375   0.51884695881
4.424   0.542693573375   0.518846958822
4.52   0.542693573375   0.51884695883
4.616   0.542693573375   0.518846958834
4.712   0.542693573375   0.518846958837
4.808   0.542693573375   0.518846958838
4.904   0.542693573375   0.518846958839
5.0   0.542693573375   0.51884695884
5.096   0.542693573375   0.51884695884
5.192   0.542693573375   0.51884695884
5.288   0.542693573375   0.51884695884
5.384   0.542693573375   0.51884695884
5.48   0.542693573375   0.51884695884
5.576   0.542693573375   0.51884695884
5.672   0.542693573375   0.51884695884
5.768   0.542693573375   0.51884695884
5.864   0.542693573375   0.51884695884
5.96   0.542693573375   0.51884695884
6.056   0.542693573375   0.51884695884
6.152   0.542693573375   0.51884695884
6.248   0.542693573375   0.51884695884
6.344   0.542693573375   0.51884695884
6.44   0.542693573375   0.51884695884
6.536   0.542693573375   0.51884695884
6.632   0.542693573375   0.51884695884
6.728   0.542693573375   0.51884695884
6.824   0.542693573375   0.51884695884
6.92   0.542693573375   0.51884695884
7.016   0.542693573375   0.51884695884
7.112   0.542693573375   0.51884695884
7.208   0.542693573375   0.51884695884
7.304   0.542693573375   0.51884695884
7.4   0.542693573375   0.51884695884
7.496   0.542693573375   0.51884695884
7.592   0.542693573375   0.51884695884
7.688   0.542693573375   0.51884695884
7.784   0.542693573375   0.51884695884
7.88   0.542693573375   0.51884695884
7.976   0.542693573375   0.51884695884
8.072   0.542693573375   0.51884695884
8.168   0.542693573375   0.51884695884
8.264   0.542693573375   0.51884695884
8.36   0.542693573375   0.51884695884
8.456   0.542693573375   0.51884695884
8.552   0.542693573375   0.51884695884
8.648   0.542693573375   0.51884695884
8.744   0.542693573375   0.51884695884
8.84   0.542693573375   0.51884695884
8.936   0.542693573375   0.51884695884
9.032   0.542693573375   0.51884695884
9.128   0.542693573375   0.51884695884
9.224   0.542693573375   0.51884695884
9.32   0.542693573375   0.51884695884
9.416   0.542693573375   0.51884695884
9.512   0.542693573375   0.51884695884
9.608   0.542693573375   0.51884695884
9.704   0.542693573375   0.51884695884
