0.2   0.570770631463   0.482546907361
0.296   0.570492539724   0.512113765958
0.392   0.570433174336   0.528088133752
0.488   0.570422187947   0.535806859919
0.584   0.570420394721   0.539367397122
0.68   0.570420102516   0.541040705268
0.776   0.57042005489   0.541854710256
0.872   0.570420047128   0.542261935637
0.968   0.570420045863   0.542469577619
1.064   0.570420045657   0.542576734345
1.16   0.570420045623   0.542632442471
1.256   0.570420045617   0.542661531883
1.352   0.570420045617   0.542676761407
1.448   0.570420045616   0.542684746914
1.544   0.570420045616   0.542688937783
1.64   0.570420045616   0.542691138316
1.736   0.570420045616   0.542692294104
1.832   0.570420045616   0.542692901261
1.928   0.570420045616   0.542693220242
2.024   0.570420045616   0.542693387832
2.12   0.570420045616   0.542693475887
2.216   0.570420045616   0.542693522152
2.312   0.570420045616   0.542693546461
2.408   0.570420045616   0.542693559233
2.504   0.570420045616   0.542693565944
2.6   0.570420045616   0.542693569471
2.696   0.570420045616   0.542693571323
2.792   0.570420045616   0.542693572297
2.888   0.570420045616   0.542693572808
2.984   0.570420045616   0.542693573077
3.08   0.570420045616   0.542693573218
3.176   0.570420045616   0.542693573293
3.272   0.570420045616   0.542693573331
3.368   0.570420045616   0.542693573352
3.464   0.570420045616   0.542693573363
3.56   0.570420045616   0.542693573368
3.656   0.570420045616   0.542693573371
3.752   0.570420045616   0.542693573373
3.848   0.570420045616   0.542693573374
3.944   0.570420045616   0.542693573374
4.04   0.570420045616   0.542693573374
4.136   0.570420045616   0.542693573375
4.232   0.570420045616   0.542693573375
4.328   0.570420045616   0.542693573375
4.424   0.570420045616   0.542693573375
4.52   0.570420045616   0.542693573375
4.616   0.570420045616   0.542693573375
4.712   0.570420045616   0.542693573375
4.808   0.570420045616   0.542693573375
4.904   0.570420045616   0.542693573375
5.0   0.570420045616   0.542693573375
5.096   0.570420045616   0.542693573375
5.192   0.570420045616   0.542693573375
5.288   0.570420045616   0.542693573375
5.384   0.570420045616   0.542693573375
5.48   0.570420045616   0.542693573375
5.576   0.570420045616   0.542693573375
5.672   0.570420045616   0.542693573375
5.768   0.570420045616   0.542693573375
5.864   0.570420045616   0.542693573375
5.96   0.570420045616   0.542693573375
6.056   0.570420045616   0.542693573375
6.152   0.570420045616   0.542693573375
6.248   0.570420045616   0.542693573375
6.344   0.570420045616   0.542693573375
6.44   0.570420045616   0.542693573375
6.536   0.570420045616   0.542693573375
6.632   0.570420045616   0.542693573375
6.728   0.570420045616   0.542693573375
6.824   0.570420045616   0.542693573375
6.92   0.570420045616   0.542693573375
7.016   0.570420045616   0.542693573375
7.112   0.570420045616   0.542693573375
7.208   0.570420045616   0.542693573375
7.304   0.570420045616   0.542693573375
7.4   0.570420045616   0.542693573375
7.496   0.570420045616   0.542693573375
7.592   0.570420045616   0.542693573375
7.688   0.570420045616   0.542693573375
7.784   0.570420045616   0.542693573375
7.88   0.570420045616   0.542693573375
7.976   0.570420045616   0.542693573375
8.072   0.570420045616   0.542693573375
8.168   0.570420045616   0.542693573375
8.264   0.570420045616   0.542693573375
8.36   0.570420045616   0.542693573375
8.456   0.570420045616   0.542693573375
8.552   0.570420045616   0.542693573375
8.648   0.570420045616   0.542693573375
8.744   0.570420045616   0.542693573375
8.84   0.570420045616   0.542693573375
8.936   0.570420045616   0.542693573375
9.032   0.570420045616   0.542693573375
9.128   0.570420045616   0.542693573375
9.224   0.570420045616   0.542693573375
9.32   0.570420045616   0.542693573375
9.416   0.570420045616   0.542693573375
9.512   0.570420045616   0.542693573375
9.608   0.570420045616   0.542693573375
9.704   0.570420045616   0.542693573375
