0.2   0.561446558194   0.371783354598
0.296   0.556673446828   0.417909417927
0.392   0.552695868935   0.448816698486
0.488   0.549523402983   0.469985379632
0.584   0.547126493716   0.484368195205
0.68   0.545427120529   0.49390469106
0.776   0.544302104322   0.500042954637
0.872   0.543604529034   0.503889948578
0.968   0.543195200546   0.506254273048
1.064   0.542964785931   0.507689902425
1.16   0.542838396712   0.508556084529
1.256   0.542770373803   0.509077549604
1.352   0.542734137302   0.509391179495
1.448   0.542714948983   0.509579879357
1.544   0.542704822921   0.509693485086
1.64   0.542699489506   0.50976192437
1.736   0.542696683418   0.509803176469
1.832   0.542695207927   0.509828051893
1.928   0.542694432345   0.509843056733
2.024   0.54269402474   0.509852109681
2.12   0.542693810546   0.509857572501
2.216   0.542693697995   0.509860869287
2.312   0.542693638855   0.509862859027
2.408   0.54269360778   0.509864059972
2.504   0.542693591452   0.509864784848
2.6   0.542693582873   0.509865222384
2.696   0.542693578366   0.509865486485
2.792   0.542693575997   0.5098656459
2.888   0.542693574753   0.509865742126
2.984   0.542693574099   0.50986580021
3.08   0.542693573755   0.509865835271
3.176   0.542693573575   0.509865856434
3.272   0.54269357348   0.509865869209
3.368   0.54269357343   0.50986587692
3.464   0.542693573404   0.509865881575
3.56   0.54269357339   0.509865884384
3.656   0.542693573383   0.50986588608
3.752   0.542693573379   0.509865887104
3.848   0.542693573377   0.509865887722
3.944   0.542693573376   0.509865888095
4.04   0.542693573375   0.50986588832
4.136   0.542693573375   0.509865888456
4.232   0.542693573375   0.509865888538
4.328   0.542693573375   0.509865888588
4.424   0.542693573375   0.509865888617
4.52   0.542693573375   0.509865888635
4.616   0.542693573375   0.509865888646
4.712   0.542693573375   0.509865888653
4.808   0.542693573375   0.509865888657
4.904   0.542693573375   0.509865888659
5.0   0.542693573375   0.509865888661
5.096   0.542693573375   0.509865888662
5.192   0.542693573375   0.509865888662
5.288   0.542693573375   0.509865888662
5.384   0.542693573375   0.509865888663
5.48   0.542693573375   0.509865888663
5.576   0.542693573375   0.509865888663
5.672   0.542693573375   0.509865888663
5.768   0.542693573375   0.509865888663
5.864   0.542693573375   0.509865888663
5.96   0.542693573375   0.509865888663
6.056   0.542693573375   0.509865888663
6.152   0.542693573375   0.509865888663
6.248   0.542693573375   0.509865888663
6.344   0.542693573375   0.509865888663
6.44   0.542693573375   0.509865888663
6.536   0.542693573375   0.509865888663
6.632   0.542693573375   0.509865888663
6.728   0.542693573375   0.509865888663
6.824   0.542693573375   0.509865888663
6.92   0.542693573375   0.509865888663
7.016   0.542693573375   0.509865888663
7.112   0.542693573375   0.509865888663
7.208   0.542693573375   0.509865888663
7.304   0.542693573375   0.509865888663
7.4   0.542693573375   0.509865888663
7.496   0.542693573375   0.509865888663
7.592   0.542693573375   0.509865888663
7.688   0.542693573375   0.509865888663
7.784   0.542693573375   0.509865888663
7.88   0.542693573375   0.509865888663
7.976   0.542693573375   0.509865888663
8.072   0.542693573375   0.509865888663
8.168   0.542693573375   0.509865888663
8.264   0.542693573375   0.509865888663
8.36   0.542693573375   0.509865888663
8.456   0.542693573375   0.509865888663
8.552   0.542693573375   0.509865888663
8.648   0.542693573375   0.509865888663
8.744   0.542693573375   0.509865888663
8.84   0.542693573375   0.509865888663
8.936   0.542693573375   0.509865888663
9.032   0.542693573375   0.509865888663
9.128   0.542693573375   0.509865888663
9.224   0.542693573375   0.509865888663
9.32   0.542693573375   0.509865888663
9.416   0.542693573375   0.509865888663
9.512   0.542693573375   0.509865888663
9.608   0.542693573375   0.509865888663
9.704   0.542693573375   0.509865888663
