0.2   0.563477842278   0.408391919374
0.296   0.559410116864   0.453338451239
0.392   0.555891695403   0.482911150281
0.488   0.552904980295   0.502720154454
0.584   0.550418003414   0.515805468546
0.68   0.548388927382   0.524250770367
0.776   0.546770095976   0.529623131674
0.872   0.545511912912   0.533033930253
0.968   0.544565264338   0.53520490384
1.064   0.543882012104   0.536582830114
1.16   0.543413904889   0.53744491121
1.256   0.543111627666   0.537970546833
1.352   0.542927774276   0.538280685256
1.448   0.542821925001   0.538458764722
1.544   0.542762480718   0.538558358851
1.64   0.542730215887   0.538613284978
1.736   0.542712953467   0.538643316328
1.832   0.542703792681   0.538659653176
1.928   0.542698953263   0.538668515017
2.024   0.542696403061   0.538673314633
2.12   0.542695061005   0.538675911988
2.216   0.542694355253   0.538677316963
2.312   0.542693984263   0.53867807678
2.408   0.542693789286   0.538678487645
2.504   0.542693686826   0.538678709804
2.6   0.542693632987   0.538678829924
2.696   0.542693604697   0.538678894871
2.792   0.542693589833   0.538678929987
2.888   0.542693582022   0.538678948973
2.984   0.542693577918   0.538678959239
3.08   0.542693575762   0.538678964789
3.176   0.542693574629   0.53867896779
3.272   0.542693574034   0.538678969413
3.368   0.542693573721   0.53867897029
3.464   0.542693573557   0.538678970764
3.56   0.54269357347   0.538678971021
3.656   0.542693573425   0.538678971159
3.752   0.542693573401   0.538678971234
3.848   0.542693573389   0.538678971275
3.944   0.542693573382   0.538678971297
4.04   0.542693573378   0.538678971309
4.136   0.542693573377   0.538678971315
4.232   0.542693573376   0.538678971318
4.328   0.542693573375   0.53867897132
4.424   0.542693573375   0.538678971321
4.52   0.542693573375   0.538678971322
4.616   0.542693573375   0.538678971322
4.712   0.542693573375   0.538678971322
4.808   0.542693573375   0.538678971322
4.904   0.542693573375   0.538678971322
5.0   0.542693573375   0.538678971322
5.096   0.542693573375   0.538678971323
5.192   0.542693573375   0.538678971323
5.288   0.542693573375   0.538678971323
5.384   0.542693573375   0.538678971323
5.48   0.542693573375   0.538678971323
5.576   0.542693573375   0.538678971323
5.672   0.542693573375   0.538678971323
5.768   0.542693573375   0.538678971323
5.864   0.542693573375   0.538678971323
5.96   0.542693573375   0.538678971323
6.056   0.542693573375   0.538678971323
6.152   0.542693573375   0.538678971323
6.248   0.542693573375   0.538678971323
6.344   0.542693573375   0.538678971323
6.44   0.542693573375   0.538678971323
6.536   0.542693573375   0.538678971323
6.632   0.542693573375   0.538678971323
6.728   0.542693573375   0.538678971323
6.824   0.542693573375   0.538678971323
6.92   0.542693573375   0.538678971323
7.016   0.542693573375   0.538678971323
7.112   0.542693573375   0.538678971323
7.208   0.542693573375   0.538678971323
7.304   0.542693573375   0.538678971323
7.4   0.542693573375   0.538678971323
7.496   0.542693573375   0.538678971323
7.592   0.542693573375   0.538678971323
7.688   0.542693573375   0.538678971323
7.784   0.542693573375   0.538678971323
7.88   0.542693573375   0.538678971323
7.976   0.542693573375   0.538678971323
8.072   0.542693573375   0.538678971323
8.168   0.542693573375   0.538678971323
8.264   0.542693573375   0.538678971323
8.36   0.542693573375   0.538678971323
8.456   0.542693573375   0.538678971323
8.552   0.542693573375   0.538678971323
8.648   0.542693573375   0.538678971323
8.744   0.542693573375   0.538678971323
8.84   0.542693573375   0.538678971323
8.936   0.542693573375   0.538678971323
9.032   0.542693573375   0.538678971323
9.128   0.542693573375   0.538678971323
9.224   0.542693573375   0.538678971323
9.32   0.542693573375   0.538678971323
9.416   0.542693573375   0.538678971323
9.512   0.542693573375   0.538678971323
9.608   0.542693573375   0.538678971323
9.704   0.542693573375   0.538678971323
