0.2   0.562063818805   0.38223818976
0.296   0.557468283566   0.429032448114
0.392   0.553569532993   0.460144947015
0.488   0.550375886761   0.481325003636
0.584   0.547871731512   0.495628002563
0.68   0.546011707727   0.505047781248
0.776   0.544715258556   0.51106489663
0.872   0.543870907303   0.514800117523
0.968   0.543354900957   0.51706578247
1.064   0.543055936453   0.518417668446
1.16   0.542888555451   0.519216177602
1.256   0.542797435852   0.519685294574
1.352   0.542748570021   0.519960328781
1.448   0.542722595494   0.520121392744
1.544   0.542708859055   0.520215811846
1.64   0.542701615549   0.520271124506
1.736   0.542697802043   0.520303553828
1.832   0.542695796128   0.520322573299
1.928   0.54269474153   0.520333730967
2.024   0.542694187232   0.520340277813
2.12   0.542693895934   0.520344119746
2.216   0.542693742863   0.520346374545
2.312   0.542693662431   0.520347697951
2.408   0.542693620168   0.520348474728
2.504   0.542693597961   0.520348930671
2.6   0.542693586293   0.5203491983
2.696   0.542693580163   0.520349355394
2.792   0.542693576941   0.520349447607
2.888   0.542693575249   0.520349501735
2.984   0.542693574359   0.520349533508
3.08   0.542693573892   0.520349552158
3.176   0.542693573646   0.520349563106
3.272   0.542693573517   0.520349569532
3.368   0.54269357345   0.520349573305
3.464   0.542693573414   0.520349575519
3.56   0.542693573395   0.520349576819
3.656   0.542693573386   0.520349577582
3.752   0.54269357338   0.520349578029
3.848   0.542693573378   0.520349578292
3.944   0.542693573376   0.520349578447
4.04   0.542693573375   0.520349578537
4.136   0.542693573375   0.52034957859
4.232   0.542693573375   0.520349578622
4.328   0.542693573375   0.52034957864
4.424   0.542693573375   0.520349578651
4.52   0.542693573375   0.520349578657
4.616   0.542693573375   0.520349578661
4.712   0.542693573375   0.520349578663
4.808   0.542693573375   0.520349578664
4.904   0.542693573375   0.520349578665
5.0   0.542693573375   0.520349578665
5.096   0.542693573375   0.520349578666
5.192   0.542693573375   0.520349578666
5.288   0.542693573375   0.520349578666
5.384   0.542693573375   0.520349578666
5.48   0.542693573375   0.520349578666
5.576   0.542693573375   0.520349578666
5.672   0.542693573375   0.520349578666
5.768   0.542693573375   0.520349578666
5.864   0.542693573375   0.520349578666
5.96   0.542693573375   0.520349578666
6.056   0.542693573375   0.520349578666
6.152   0.542693573375   0.520349578666
6.248   0.542693573375   0.520349578666
6.344   0.542693573375   0.520349578666
6.44   0.542693573375   0.520349578666
6.536   0.542693573375   0.520349578666
6.632   0.542693573375   0.520349578666
6.728   0.542693573375   0.520349578666
6.824   0.542693573375   0.520349578666
6.92   0.542693573375   0.520349578666
7.016   0.542693573375   0.520349578666
7.112   0.542693573375   0.520349578666
7.208   0.542693573375   0.520349578666
7.304   0.542693573375   0.520349578666
7.4   0.542693573375   0.520349578666
7.496   0.542693573375   0.520349578666
7.592   0.542693573375   0.520349578666
7.688   0.542693573375   0.520349578666
7.784   0.542693573375   0.520349578666
7.88   0.542693573375   0.520349578666
7.976   0.542693573375   0.520349578666
8.072   0.542693573375   0.520349578666
8.168   0.542693573375   0.520349578666
8.264   0.542693573375   0.520349578666
8.36   0.542693573375   0.520349578666
8.456   0.542693573375   0.520349578666
8.552   0.542693573375   0.520349578666
8.648   0.542693573375   0.520349578666
8.744   0.542693573375   0.520349578666
8.84   0.542693573375   0.520349578666
8.936   0.542693573375   0.520349578666
9.032   0.542693573375   0.520349578666
9.128   0.542693573375   0.520349578666
9.224   0.542693573375   0.520349578666
9.32   0.542693573375   0.520349578666
9.416   0.542693573375   0.520349578666
9.512   0.542693573375   0.520349578666
9.608   0.542693573375   0.520349578666
9.704   0.542693573375   0.520349578666
