0.2   0.563030107836   0.402221393798
0.296   0.558780451262   0.447274886686
0.392   0.555113670572   0.477109367551
0.488   0.552019284932   0.497259248106
0.584   0.549472769699   0.510712984125
0.68   0.547439095954   0.519483697378
0.776   0.545874507479   0.525077618482
0.872   0.544726264977   0.528586543728
0.968   0.543930713555   0.530751445439
1.064   0.54341353808   0.532059699989
1.16   0.543097692045   0.532832034355
1.256   0.542914974924   0.533278071366
1.352   0.542812584118   0.533531993085
1.448   0.542756915754   0.53367478421
1.544   0.542727094491   0.533754643228
1.64   0.542711255827   0.53379917161
1.736   0.54270288425   0.533823961034
1.832   0.542698471307   0.53383775083
1.928   0.542696148526   0.533845418985
2.024   0.542694926901   0.533849682369
2.12   0.54269428469   0.533852052599
2.216   0.542693947159   0.533853370302
2.312   0.542693769783   0.533854102863
2.408   0.542693676576   0.533854510121
2.504   0.542693627601   0.533854736533
2.6   0.542693601867   0.533854862405
2.696   0.542693588345   0.533854932383
2.792   0.542693581241   0.533854971287
2.888   0.542693577508   0.533854992916
2.984   0.542693575546   0.53385500494
3.08   0.542693574516   0.533855011625
3.176   0.542693573974   0.533855015341
3.272   0.54269357369   0.533855017407
3.368   0.54269357354   0.533855018556
3.464   0.542693573462   0.533855019195
3.56   0.54269357342   0.53385501955
3.656   0.542693573399   0.533855019747
3.752   0.542693573387   0.533855019857
3.848   0.542693573381   0.533855019918
3.944   0.542693573378   0.533855019952
4.04   0.542693573376   0.533855019971
4.136   0.542693573376   0.533855019981
4.232   0.542693573375   0.533855019987
4.328   0.542693573375   0.53385501999
4.424   0.542693573375   0.533855019992
4.52   0.542693573375   0.533855019993
4.616   0.542693573375   0.533855019994
4.712   0.542693573375   0.533855019994
4.808   0.542693573375   0.533855019994
4.904   0.542693573375   0.533855019994
5.0   0.542693573375   0.533855019994
5.096   0.542693573375   0.533855019994
5.192   0.542693573375   0.533855019994
5.288   0.542693573375   0.533855019994
5.384   0.542693573375   0.533855019994
5.48   0.542693573375   0.533855019994
5.576   0.542693573375   0.533855019994
5.672   0.542693573375   0.533855019994
5.768   0.542693573375   0.533855019994
5.864   0.542693573375   0.533855019994
5.96   0.542693573375   0.533855019994
6.056   0.542693573375   0.533855019994
6.152   0.542693573375   0.533855019994
6.248   0.542693573375   0.533855019994
6.344   0.542693573375   0.533855019994
6.44   0.542693573375   0.533855019994
6.536   0.542693573375   0.533855019994
6.632   0.542693573375   0.533855019994
6.728   0.542693573375   0.533855019994
6.824   0.542693573375   0.533855019994
6.92   0.542693573375   0.533855019994
7.016   0.542693573375   0.533855019994
7.112   0.542693573375   0.533855019994
7.208   0.542693573375   0.533855019994
7.304   0.542693573375   0.533855019994
7.4   0.542693573375   0.533855019994
7.496   0.542693573375   0.533855019994
7.592   0.542693573375   0.533855019994
7.688   0.542693573375   0.533855019994
7.784   0.542693573375   0.533855019994
7.88   0.542693573375   0.533855019994
7.976   0.542693573375   0.533855019994
8.072   0.542693573375   0.533855019994
8.168   0.542693573375   0.533855019994
8.264   0.542693573375   0.533855019994
8.36   0.542693573375   0.533855019994
8.456   0.542693573375   0.533855019994
8.552   0.542693573375   0.533855019994
8.648   0.542693573375   0.533855019994
8.744   0.542693573375   0.533855019994
8.84   0.542693573375   0.533855019994
8.936   0.542693573375   0.533855019994
9.032   0.542693573375   0.533855019994
9.128   0.542693573375   0.533855019994
9.224   0.542693573375   0.533855019994
9.32   0.542693573375   0.533855019994
9.416   0.542693573375   0.533855019994
9.512   0.542693573375   0.533855019994
9.608   0.542693573375   0.533855019994
9.704   0.542693573375   0.533855019994
