0.2   0.562983873383   0.417238088771
0.296   0.558743017456   0.45624285267
0.392   0.555096883832   0.482784304668
0.488   0.552028141169   0.50100506011
0.584   0.549505921974   0.513303613275
0.68   0.54748998735   0.52139077208
0.776   0.545933280766   0.526591313176
0.872   0.544782577864   0.529881421621
0.968   0.543976947586   0.531929239429
1.064   0.543446724407   0.533176958647
1.16   0.543119068793   0.533918256567
1.256   0.542927806535   0.534347825604
1.352   0.542819813288   0.534592564261
1.448   0.542760866139   0.534729931469
1.544   0.54272921566   0.5348064999
1.64   0.542712383633   0.534849011589
1.736   0.542703480648   0.534872564518
1.832   0.542698785759   0.534885599346
1.928   0.542696314057   0.534892809247
2.024   0.542695013963   0.534896796191
2.12   0.542694330459   0.534899000635
2.216   0.542693971214   0.534900219444
2.312   0.542693782424   0.534900893294
2.408   0.542693683219   0.534901265846
2.504   0.542693631091   0.53490147182
2.6   0.542693603701   0.534901585697
2.696   0.542693589309   0.534901648656
2.792   0.542693581747   0.534901683465
2.888   0.542693577774   0.53490170271
2.984   0.542693575686   0.534901713349
3.08   0.542693574589   0.534901719232
3.176   0.542693574013   0.534901722484
3.272   0.54269357371   0.534901724282
3.368   0.542693573551   0.534901725277
3.464   0.542693573467   0.534901725826
3.56   0.542693573423   0.53490172613
3.656   0.5426935734   0.534901726298
3.752   0.542693573388   0.534901726391
3.848   0.542693573382   0.534901726442
3.944   0.542693573378   0.534901726471
4.04   0.542693573377   0.534901726486
4.136   0.542693573376   0.534901726495
4.232   0.542693573375   0.5349017265
4.328   0.542693573375   0.534901726502
4.424   0.542693573375   0.534901726504
4.52   0.542693573375   0.534901726505
4.616   0.542693573375   0.534901726505
4.712   0.542693573375   0.534901726505
4.808   0.542693573375   0.534901726506
4.904   0.542693573375   0.534901726506
5.0   0.542693573375   0.534901726506
5.096   0.542693573375   0.534901726506
5.192   0.542693573375   0.534901726506
5.288   0.542693573375   0.534901726506
5.384   0.542693573375   0.534901726506
5.48   0.542693573375   0.534901726506
5.576   0.542693573375   0.534901726506
5.672   0.542693573375   0.534901726506
5.768   0.542693573375   0.534901726506
5.864   0.542693573375   0.534901726506
5.96   0.542693573375   0.534901726506
6.056   0.542693573375   0.534901726506
6.152   0.542693573375   0.534901726506
6.248   0.542693573375   0.534901726506
6.344   0.542693573375   0.534901726506
6.44   0.542693573375   0.534901726506
6.536   0.542693573375   0.534901726506
6.632   0.542693573375   0.534901726506
6.728   0.542693573375   0.534901726506
6.824   0.542693573375   0.534901726506
6.92   0.542693573375   0.534901726506
7.016   0.542693573375   0.534901726506
7.112   0.542693573375   0.534901726506
7.208   0.542693573375   0.534901726506
7.304   0.542693573375   0.534901726506
7.4   0.542693573375   0.534901726506
7.496   0.542693573375   0.534901726506
7.592   0.542693573375   0.534901726506
7.688   0.542693573375   0.534901726506
7.784   0.542693573375   0.534901726506
7.88   0.542693573375   0.534901726506
7.976   0.542693573375   0.534901726506
8.072   0.542693573375   0.534901726506
8.168   0.542693573375   0.534901726506
8.264   0.542693573375   0.534901726506
8.36   0.542693573375   0.534901726506
8.456   0.542693573375   0.534901726506
8.552   0.542693573375   0.534901726506
8.648   0.542693573375   0.534901726506
8.744   0.542693573375   0.534901726506
8.84   0.542693573375   0.534901726506
8.936   0.542693573375   0.534901726506
9.032   0.542693573375   0.534901726506
9.128   0.542693573375   0.534901726506
9.224   0.542693573375   0.534901726506
9.32   0.542693573375   0.534901726506
9.416   0.542693573375   0.534901726506
9.512   0.542693573375   0.534901726506
9.608   0.542693573375   0.534901726506
9.704   0.542693573375   0.534901726506
