0.2   0.565719754084   0.436778223778
0.296   0.562772513071   0.47872290747
0.392   0.560399886009   0.505254612926
0.488   0.558592999906   0.521760929196
0.584   0.557316577667   0.531435416129
0.68   0.556496379119   0.536773373603
0.776   0.556020962742   0.539610887412
0.872   0.555770067257   0.541092621899
0.968   0.55564664495   0.541861287252
1.064   0.555588198867   0.542259823956
1.16   0.555561297552   0.542467007757
1.256   0.555549062273   0.542574987726
1.352   0.555543530535   0.542631417076
1.448   0.555541036857   0.542660963818
1.544   0.555539914305   0.542676454949
1.64   0.555539409318   0.542684583714
1.736   0.55553918222   0.542688851439
1.832   0.555539080106   0.542691092786
1.928   0.555539034195   0.542692270137
2.024   0.555539013554   0.542692888656
2.12   0.555539004274   0.542693213615
2.216   0.555539000101   0.54269338435
2.312   0.555538998226   0.542693474056
2.408   0.555538997382   0.54269352119
2.504   0.555538997003   0.542693545955
2.6   0.555538996833   0.542693558968
2.696   0.555538996756   0.542693565805
2.792   0.555538996722   0.542693569397
2.888   0.555538996706   0.542693571285
2.984   0.555538996699   0.542693572277
3.08   0.555538996696   0.542693572798
3.176   0.555538996695   0.542693573072
3.272   0.555538996694   0.542693573215
3.368   0.555538996694   0.542693573291
3.464   0.555538996693   0.542693573331
3.56   0.555538996693   0.542693573352
3.656   0.555538996693   0.542693573363
3.752   0.555538996693   0.542693573368
3.848   0.555538996693   0.542693573371
3.944   0.555538996693   0.542693573373
4.04   0.555538996693   0.542693573374
4.136   0.555538996693   0.542693573374
4.232   0.555538996693   0.542693573374
4.328   0.555538996693   0.542693573375
4.424   0.555538996693   0.542693573375
4.52   0.555538996693   0.542693573375
4.616   0.555538996693   0.542693573375
4.712   0.555538996693   0.542693573375
4.808   0.555538996693   0.542693573375
4.904   0.555538996693   0.542693573375
5.0   0.555538996693   0.542693573375
5.096   0.555538996693   0.542693573375
5.192   0.555538996693   0.542693573375
5.288   0.555538996693   0.542693573375
5.384   0.555538996693   0.542693573375
5.48   0.555538996693   0.542693573375
5.576   0.555538996693   0.542693573375
5.672   0.555538996693   0.542693573375
5.768   0.555538996693   0.542693573375
5.864   0.555538996693   0.542693573375
5.96   0.555538996693   0.542693573375
6.056   0.555538996693   0.542693573375
6.152   0.555538996693   0.542693573375
6.248   0.555538996693   0.542693573375
6.344   0.555538996693   0.542693573375
6.44   0.555538996693   0.542693573375
6.536   0.555538996693   0.542693573375
6.632   0.555538996693   0.542693573375
6.728   0.555538996693   0.542693573375
6.824   0.555538996693   0.542693573375
6.92   0.555538996693   0.542693573375
7.016   0.555538996693   0.542693573375
7.112   0.555538996693   0.542693573375
7.208   0.555538996693   0.542693573375
7.304   0.555538996693   0.542693573375
7.4   0.555538996693   0.542693573375
7.496   0.555538996693   0.542693573375
7.592   0.555538996693   0.542693573375
7.688   0.555538996693   0.542693573375
7.784   0.555538996693   0.542693573375
7.88   0.555538996693   0.542693573375
7.976   0.555538996693   0.542693573375
8.072   0.555538996693   0.542693573375
8.168   0.555538996693   0.542693573375
8.264   0.555538996693   0.542693573375
8.36   0.555538996693   0.542693573375
8.456   0.555538996693   0.542693573375
8.552   0.555538996693   0.542693573375
8.648   0.555538996693   0.542693573375
8.744   0.555538996693   0.542693573375
8.84   0.555538996693   0.542693573375
8.936   0.555538996693   0.542693573375
9.032   0.555538996693   0.542693573375
9.128   0.555538996693   0.542693573375
9.224   0.555538996693   0.542693573375
9.32   0.555538996693   0.542693573375
9.416   0.555538996693   0.542693573375
9.512   0.555538996693   0.542693573375
9.608   0.555538996693   0.542693573375
9.704   0.555538996693   0.542693573375
