0.2   0.562853349185   0.422885581304
0.296   0.558576333598   0.45918363363
0.392   0.554909762201   0.484235813443
0.488   0.551834372909   0.501598721626
0.584   0.549317636062   0.513404401361
0.68   0.547317790303   0.521213405584
0.776   0.545785907072   0.526254836738
0.872   0.544665780091   0.529447560508
0.968   0.543892028128   0.531430619541
1.064   0.543390201962   0.532633843497
1.16   0.543084268258   0.533345526931
1.256   0.5429075165   0.533756714138
1.352   0.542808534417   0.53399061907
1.448   0.542754747397   0.534121992615
1.544   0.542725943007   0.534195346438
1.64   0.54271064722   0.534236170863
1.736   0.542702563427   0.534258852199
1.832   0.542698302435   0.534271442598
1.928   0.542696059709   0.53427842859
2.024   0.542694880209   0.534282304135
2.12   0.54269426015   0.53428445395
2.216   0.542693934262   0.534285646442
2.312   0.542693763006   0.534286307904
2.408   0.542693673015   0.534286674809
2.504   0.54269362573   0.534286878327
2.6   0.542693600884   0.534286991217
2.696   0.542693587829   0.534287053836
2.792   0.542693580969   0.53428708857
2.888   0.542693577365   0.534287107837
2.984   0.542693575471   0.534287118524
3.08   0.542693574476   0.534287124452
3.176   0.542693573954   0.53428712774
3.272   0.542693573679   0.534287129564
3.368   0.542693573534   0.534287130576
3.464   0.542693573459   0.534287131137
3.56   0.542693573419   0.534287131449
3.656   0.542693573398   0.534287131621
3.752   0.542693573387   0.534287131717
3.848   0.542693573381   0.53428713177
3.944   0.542693573378   0.5342871318
4.04   0.542693573376   0.534287131816
4.136   0.542693573376   0.534287131825
4.232   0.542693573375   0.53428713183
4.328   0.542693573375   0.534287131833
4.424   0.542693573375   0.534287131835
4.52   0.542693573375   0.534287131835
4.616   0.542693573375   0.534287131836
4.712   0.542693573375   0.534287131836
4.808   0.542693573375   0.534287131836
4.904   0.542693573375   0.534287131836
5.0   0.542693573375   0.534287131836
5.096   0.542693573375   0.534287131836
5.192   0.542693573375   0.534287131836
5.288   0.542693573375   0.534287131836
5.384   0.542693573375   0.534287131836
5.48   0.542693573375   0.534287131836
5.576   0.542693573375   0.534287131836
5.672   0.542693573375   0.534287131836
5.768   0.542693573375   0.534287131836
5.864   0.542693573375   0.534287131836
5.96   0.542693573375   0.534287131836
6.056   0.542693573375   0.534287131836
6.152   0.542693573375   0.534287131836
6.248   0.542693573375   0.534287131836
6.344   0.542693573375   0.534287131836
6.44   0.542693573375   0.534287131836
6.536   0.542693573375   0.534287131836
6.632   0.542693573375   0.534287131836
6.728   0.542693573375   0.534287131836
6.824   0.542693573375   0.534287131836
6.92   0.542693573375   0.534287131836
7.016   0.542693573375   0.534287131836
7.112   0.542693573375   0.534287131836
7.208   0.542693573375   0.534287131836
7.304   0.542693573375   0.534287131836
7.4   0.542693573375   0.534287131836
7.496   0.542693573375   0.534287131836
7.592   0.542693573375   0.534287131836
7.688   0.542693573375   0.534287131836
7.784   0.542693573375   0.534287131836
7.88   0.542693573375   0.534287131836
7.976   0.542693573375   0.534287131836
8.072   0.542693573375   0.534287131836
8.168   0.542693573375   0.534287131836
8.264   0.542693573375   0.534287131836
8.36   0.542693573375   0.534287131836
8.456   0.542693573375   0.534287131836
8.552   0.542693573375   0.534287131836
8.648   0.542693573375   0.534287131836
8.744   0.542693573375   0.534287131836
8.84   0.542693573375   0.534287131836
8.936   0.542693573375   0.534287131836
9.032   0.542693573375   0.534287131836
9.128   0.542693573375   0.534287131836
9.224   0.542693573375   0.534287131836
9.32   0.542693573375   0.534287131836
9.416   0.542693573375   0.534287131836
9.512   0.542693573375   0.534287131836
9.608   0.542693573375   0.534287131836
9.704   0.542693573375   0.534287131836
