0.2   0.562840076852   0.405138380588
0.296   0.558526380191   0.448008296416
0.392   0.554815967636   0.476740068309
0.488   0.551699267371   0.49631034812
0.584   0.549152540585   0.509469718601
0.68   0.547140641232   0.518097388021
0.776   0.545617339619   0.523615097146
0.872   0.544523484141   0.527070083324
0.968   0.543785296135   0.529188792076
1.064   0.543318381463   0.530458955884
1.16   0.543039996985   0.531203823504
1.256   0.542881744885   0.53163273186
1.352   0.542794242333   0.531876951612
1.448   0.542747006786   0.532014825128
1.544   0.542721807147   0.532092376374
1.64   0.542708454131   0.532135914763
1.736   0.542701405374   0.532160335445
1.832   0.542697692324   0.532174027434
1.928   0.542695738675   0.532181702924
2.024   0.542694711396   0.532186005464
2.12   0.542694171413   0.532188417272
2.216   0.542693887627   0.532189769238
2.312   0.542693738499   0.532190527109
2.408   0.542693660138   0.532190951954
2.504   0.542693618963   0.532191190115
2.6   0.542693597329   0.532191323624
2.696   0.542693585961   0.532191398468
2.792   0.542693579988   0.532191440425
2.888   0.542693576849   0.532191463945
2.984   0.5426935752   0.532191477131
3.08   0.542693574334   0.532191484523
3.176   0.542693573879   0.532191488666
3.272   0.542693573639   0.532191490989
3.368   0.542693573514   0.532191492292
3.464   0.542693573448   0.532191493022
3.56   0.542693573413   0.532191493431
3.656   0.542693573395   0.53219149366
3.752   0.542693573385   0.532191493789
3.848   0.54269357338   0.532191493861
3.944   0.542693573378   0.532191493901
4.04   0.542693573376   0.532191493924
4.136   0.542693573375   0.532191493937
4.232   0.542693573375   0.532191493944
4.328   0.542693573375   0.532191493948
4.424   0.542693573375   0.53219149395
4.52   0.542693573375   0.532191493951
4.616   0.542693573375   0.532191493952
4.712   0.542693573375   0.532191493952
4.808   0.542693573375   0.532191493953
4.904   0.542693573375   0.532191493953
5.0   0.542693573375   0.532191493953
5.096   0.542693573375   0.532191493953
5.192   0.542693573375   0.532191493953
5.288   0.542693573375   0.532191493953
5.384   0.542693573375   0.532191493953
5.48   0.542693573375   0.532191493953
5.576   0.542693573375   0.532191493953
5.672   0.542693573375   0.532191493953
5.768   0.542693573375   0.532191493953
5.864   0.542693573375   0.532191493953
5.96   0.542693573375   0.532191493953
6.056   0.542693573375   0.532191493953
6.152   0.542693573375   0.532191493953
6.248   0.542693573375   0.532191493953
6.344   0.542693573375   0.532191493953
6.44   0.542693573375   0.532191493953
6.536   0.542693573375   0.532191493953
6.632   0.542693573375   0.532191493953
6.728   0.542693573375   0.532191493953
6.824   0.542693573375   0.532191493953
6.92   0.542693573375   0.532191493953
7.016   0.542693573375   0.532191493953
7.112   0.542693573375   0.532191493953
7.208   0.542693573375   0.532191493953
7.304   0.542693573375   0.532191493953
7.4   0.542693573375   0.532191493953
7.496   0.542693573375   0.532191493953
7.592   0.542693573375   0.532191493953
7.688   0.542693573375   0.532191493953
7.784   0.542693573375   0.532191493953
7.88   0.542693573375   0.532191493953
7.976   0.542693573375   0.532191493953
8.072   0.542693573375   0.532191493953
8.168   0.542693573375   0.532191493953
8.264   0.542693573375   0.532191493953
8.36   0.542693573375   0.532191493953
8.456   0.542693573375   0.532191493953
8.552   0.542693573375   0.532191493953
8.648   0.542693573375   0.532191493953
8.744   0.542693573375   0.532191493953
8.84   0.542693573375   0.532191493953
8.936   0.542693573375   0.532191493953
9.032   0.542693573375   0.532191493953
9.128   0.542693573375   0.532191493953
9.224   0.542693573375   0.532191493953
9.32   0.542693573375   0.532191493953
9.416   0.542693573375   0.532191493953
9.512   0.542693573375   0.532191493953
9.608   0.542693573375   0.532191493953
9.704   0.542693573375   0.532191493953
