0.2   0.566930855009   0.453375416444
0.296   0.564702099179   0.491017510384
0.392   0.563127076666   0.514288662223
0.488   0.562142475161   0.527936819226
0.584   0.561608626654   0.535265954952
0.68   0.561354640079   0.538968415848
0.776   0.561244842392   0.540807755109
0.872   0.561199635192   0.541728165395
0.968   0.561181627106   0.542194858799
1.064   0.561174538941   0.542434320153
1.16   0.561171763842   0.542558239577
1.256   0.561170679882   0.542622742367
1.352   0.561170256904   0.542656442509
1.448   0.561170091922   0.542674090012
1.544   0.561170027581   0.54268334422
1.64   0.561170002492   0.542688201077
1.736   0.561169992708   0.542690751328
1.832   0.561169988893   0.542692090801
1.928   0.561169987406   0.542692794449
2.024   0.561169986825   0.542693164123
2.12   0.561169986599   0.542693358347
2.216   0.561169986511   0.542693460394
2.312   0.561169986477   0.542693514012
2.408   0.561169986463   0.542693542184
2.504   0.561169986458   0.542693556986
2.6   0.561169986456   0.542693564764
2.696   0.561169986455   0.54269356885
2.792   0.561169986455   0.542693570997
2.888   0.561169986455   0.542693572126
2.984   0.561169986455   0.542693572718
3.08   0.561169986455   0.54269357303
3.176   0.561169986455   0.542693573193
3.272   0.561169986455   0.542693573279
3.368   0.561169986455   0.542693573325
3.464   0.561169986455   0.542693573348
3.56   0.561169986455   0.542693573361
3.656   0.561169986455   0.542693573367
3.752   0.561169986455   0.542693573371
3.848   0.561169986455   0.542693573373
3.944   0.561169986455   0.542693573374
4.04   0.561169986455   0.542693573374
4.136   0.561169986455   0.542693573374
4.232   0.561169986455   0.542693573375
4.328   0.561169986455   0.542693573375
4.424   0.561169986455   0.542693573375
4.52   0.561169986455   0.542693573375
4.616   0.561169986455   0.542693573375
4.712   0.561169986455   0.542693573375
4.808   0.561169986455   0.542693573375
4.904   0.561169986455   0.542693573375
5.0   0.561169986455   0.542693573375
5.096   0.561169986455   0.542693573375
5.192   0.561169986455   0.542693573375
5.288   0.561169986455   0.542693573375
5.384   0.561169986455   0.542693573375
5.48   0.561169986455   0.542693573375
5.576   0.561169986455   0.542693573375
5.672   0.561169986455   0.542693573375
5.768   0.561169986455   0.542693573375
5.864   0.561169986455   0.542693573375
5.96   0.561169986455   0.542693573375
6.056   0.561169986455   0.542693573375
6.152   0.561169986455   0.542693573375
6.248   0.561169986455   0.542693573375
6.344   0.561169986455   0.542693573375
6.44   0.561169986455   0.542693573375
6.536   0.561169986455   0.542693573375
6.632   0.561169986455   0.542693573375
6.728   0.561169986455   0.542693573375
6.824   0.561169986455   0.542693573375
6.92   0.561169986455   0.542693573375
7.016   0.561169986455   0.542693573375
7.112   0.561169986455   0.542693573375
7.208   0.561169986455   0.542693573375
7.304   0.561169986455   0.542693573375
7.4   0.561169986455   0.542693573375
7.496   0.561169986455   0.542693573375
7.592   0.561169986455   0.542693573375
7.688   0.561169986455   0.542693573375
7.784   0.561169986455   0.542693573375
7.88   0.561169986455   0.542693573375
7.976   0.561169986455   0.542693573375
8.072   0.561169986455   0.542693573375
8.168   0.561169986455   0.542693573375
8.264   0.561169986455   0.542693573375
8.36   0.561169986455   0.542693573375
8.456   0.561169986455   0.542693573375
8.552   0.561169986455   0.542693573375
8.648   0.561169986455   0.542693573375
8.744   0.561169986455   0.542693573375
8.84   0.561169986455   0.542693573375
8.936   0.561169986455   0.542693573375
9.032   0.561169986455   0.542693573375
9.128   0.561169986455   0.542693573375
9.224   0.561169986455   0.542693573375
9.32   0.561169986455   0.542693573375
9.416   0.561169986455   0.542693573375
9.512   0.561169986455   0.542693573375
9.608   0.561169986455   0.542693573375
9.704   0.561169986455   0.542693573375
