0.2   0.561904034739   0.380462172015
0.296   0.557260504191   0.426809434727
0.392   0.553337804657   0.457727376579
0.488   0.550145338864   0.478826323637
0.584   0.54766524267   0.493105500362
0.68   0.545845313451   0.502528491878
0.776   0.544594593986   0.50855826043
0.872   0.543791342869   0.512308055883
0.968   0.543306419725   0.514588241351
1.064   0.543027952336   0.515953815708
1.16   0.542873058009   0.516764379879
1.256   0.542789043426   0.517243376541
1.352   0.542744084724   0.517526013053
1.448   0.542720216373   0.517692702846
1.544   0.542707602449   0.517791044111
1.64   0.542700953395   0.51784908975
1.736   0.542697453582   0.517883366566
1.832   0.54269561288   0.517903615085
1.928   0.542694645201   0.517915579983
2.024   0.542694136605   0.517922651518
2.12   0.54269386933   0.51792683156
2.216   0.542693728883   0.517929302659
2.312   0.542693655085   0.517930763586
2.408   0.542693616308   0.51793162733
2.504   0.542693595933   0.517932138017
2.6   0.542693585228   0.517932439964
2.696   0.542693579603   0.517932618496
2.792   0.542693576647   0.517932724056
2.888   0.542693575094   0.517932786471
2.984   0.542693574278   0.517932823375
3.08   0.542693573849   0.517932845196
3.176   0.542693573624   0.517932858098
3.272   0.542693573506   0.517932865726
3.368   0.542693573444   0.517932870237
3.464   0.542693573411   0.517932872904
3.56   0.542693573394   0.517932874481
3.656   0.542693573385   0.517932875413
3.752   0.54269357338   0.517932875965
3.848   0.542693573377   0.517932876291
3.944   0.542693573376   0.517932876483
4.04   0.542693573375   0.517932876597
4.136   0.542693573375   0.517932876665
4.232   0.542693573375   0.517932876705
4.328   0.542693573375   0.517932876728
4.424   0.542693573375   0.517932876742
4.52   0.542693573375   0.51793287675
4.616   0.542693573375   0.517932876755
4.712   0.542693573375   0.517932876758
4.808   0.542693573375   0.51793287676
4.904   0.542693573375   0.517932876761
5.0   0.542693573375   0.517932876761
5.096   0.542693573375   0.517932876762
5.192   0.542693573375   0.517932876762
5.288   0.542693573375   0.517932876762
5.384   0.542693573375   0.517932876762
5.48   0.542693573375   0.517932876762
5.576   0.542693573375   0.517932876762
5.672   0.542693573375   0.517932876762
5.768   0.542693573375   0.517932876762
5.864   0.542693573375   0.517932876762
5.96   0.542693573375   0.517932876762
6.056   0.542693573375   0.517932876762
6.152   0.542693573375   0.517932876762
6.248   0.542693573375   0.517932876762
6.344   0.542693573375   0.517932876762
6.44   0.542693573375   0.517932876762
6.536   0.542693573375   0.517932876762
6.632   0.542693573375   0.517932876762
6.728   0.542693573375   0.517932876762
6.824   0.542693573375   0.517932876762
6.92   0.542693573375   0.517932876762
7.016   0.542693573375   0.517932876762
7.112   0.542693573375   0.517932876762
7.208   0.542693573375   0.517932876762
7.304   0.542693573375   0.517932876762
7.4   0.542693573375   0.517932876762
7.496   0.542693573375   0.517932876762
7.592   0.542693573375   0.517932876762
7.688   0.542693573375   0.517932876762
7.784   0.542693573375   0.517932876762
7.88   0.542693573375   0.517932876762
7.976   0.542693573375   0.517932876762
8.072   0.542693573375   0.517932876762
8.168   0.542693573375   0.517932876762
8.264   0.542693573375   0.517932876762
8.36   0.542693573375   0.517932876762
8.456   0.542693573375   0.517932876762
8.552   0.542693573375   0.517932876762
8.648   0.542693573375   0.517932876762
8.744   0.542693573375   0.517932876762
8.84   0.542693573375   0.517932876762
8.936   0.542693573375   0.517932876762
9.032   0.542693573375   0.517932876762
9.128   0.542693573375   0.517932876762
9.224   0.542693573375   0.517932876762
9.32   0.542693573375   0.517932876762
9.416   0.542693573375   0.517932876762
9.512   0.542693573375   0.517932876762
9.608   0.542693573375   0.517932876762
9.704   0.542693573375   0.517932876762
