0.2   0.562456909509   0.409668189
0.296   0.558019931255   0.448789008111
0.392   0.55423170705   0.475569054947
0.488   0.551084631369   0.494083673921
0.584   0.548555411042   0.506684042768
0.68   0.546605496356   0.515021456499
0.776   0.545178220947   0.520375048192
0.872   0.544195925313   0.523718389405
0.968   0.543562927888   0.525753389545
1.064   0.543179534852   0.52696419022
1.16   0.542958974929   0.527671749621
1.256   0.542836047234   0.528080174284
1.352   0.542769352642   0.528314351429
1.448   0.542733662895   0.5284480437
1.544   0.542714717375   0.528524245924
1.64   0.542704706175   0.528567650684
1.736   0.542699429539   0.528592368753
1.832   0.54269665229   0.52860644496
1.928   0.542695191676   0.528614461397
2.024   0.542694423835   0.528619027101
2.12   0.542694020277   0.528621627628
2.216   0.542693808203   0.528623108904
2.312   0.542693696764   0.528623952676
2.408   0.542693638208   0.528624433322
2.504   0.542693607441   0.528624707122
2.6   0.542693591274   0.528624863093
2.696   0.54269358278   0.528624951943
2.792   0.542693578316   0.528625002558
2.888   0.542693575971   0.528625031391
2.984   0.542693574739   0.528625047816
3.08   0.542693574091   0.528625057173
3.176   0.542693573751   0.528625062503
3.272   0.542693573573   0.528625065539
3.368   0.542693573479   0.528625067269
3.464   0.542693573429   0.528625068255
3.56   0.542693573403   0.528625068816
3.656   0.54269357339   0.528625069136
3.752   0.542693573383   0.528625069318
3.848   0.542693573379   0.528625069422
3.944   0.542693573377   0.528625069481
4.04   0.542693573376   0.528625069514
4.136   0.542693573375   0.528625069534
4.232   0.542693573375   0.528625069545
4.328   0.542693573375   0.528625069551
4.424   0.542693573375   0.528625069554
4.52   0.542693573375   0.528625069556
4.616   0.542693573375   0.528625069558
4.712   0.542693573375   0.528625069558
4.808   0.542693573375   0.528625069559
4.904   0.542693573375   0.528625069559
5.0   0.542693573375   0.528625069559
5.096   0.542693573375   0.528625069559
5.192   0.542693573375   0.528625069559
5.288   0.542693573375   0.528625069559
5.384   0.542693573375   0.528625069559
5.48   0.542693573375   0.528625069559
5.576   0.542693573375   0.528625069559
5.672   0.542693573375   0.528625069559
5.768   0.542693573375   0.528625069559
5.864   0.542693573375   0.528625069559
5.96   0.542693573375   0.528625069559
6.056   0.542693573375   0.528625069559
6.152   0.542693573375   0.528625069559
6.248   0.542693573375   0.528625069559
6.344   0.542693573375   0.528625069559
6.44   0.542693573375   0.528625069559
6.536   0.542693573375   0.528625069559
6.632   0.542693573375   0.528625069559
6.728   0.542693573375   0.528625069559
6.824   0.542693573375   0.528625069559
6.92   0.542693573375   0.528625069559
7.016   0.542693573375   0.528625069559
7.112   0.542693573375   0.528625069559
7.208   0.542693573375   0.528625069559
7.304   0.542693573375   0.528625069559
7.4   0.542693573375   0.528625069559
7.496   0.542693573375   0.528625069559
7.592   0.542693573375   0.528625069559
7.688   0.542693573375   0.528625069559
7.784   0.542693573375   0.528625069559
7.88   0.542693573375   0.528625069559
7.976   0.542693573375   0.528625069559
8.072   0.542693573375   0.528625069559
8.168   0.542693573375   0.528625069559
8.264   0.542693573375   0.528625069559
8.36   0.542693573375   0.528625069559
8.456   0.542693573375   0.528625069559
8.552   0.542693573375   0.528625069559
8.648   0.542693573375   0.528625069559
8.744   0.542693573375   0.528625069559
8.84   0.542693573375   0.528625069559
8.936   0.542693573375   0.528625069559
9.032   0.542693573375   0.528625069559
9.128   0.542693573375   0.528625069559
9.224   0.542693573375   0.528625069559
9.32   0.542693573375   0.528625069559
9.416   0.542693573375   0.528625069559
9.512   0.542693573375   0.528625069559
9.608   0.542693573375   0.528625069559
9.704   0.542693573375   0.528625069559
