0.2   0.564650573913   0.229395875078
0.296   0.561123582875   0.46621866258
0.392   0.558120115903   0.495087097239
0.488   0.555622896018   0.513785372256
0.584   0.553602536715   0.52553811022
0.68   0.552021311794   0.532666480433
0.776   0.550835026831   0.536905006064
0.872   0.549992596608   0.539404261367
0.968   0.549433783265   0.540861222456
1.064   0.549089857883   0.541693055628
1.16   0.548892685143   0.54215595863
1.256   0.548786035994   0.542407697678
1.352   0.548730026572   0.542542510611
1.448   0.548701465086   0.54261398152
1.544   0.548687079322   0.542651700795
1.64   0.548679881556   0.542671560461
1.736   0.548676292852   0.542682004715
1.832   0.548674506845   0.542687494434
1.928   0.548673618835   0.542690379271
2.024   0.548673177527   0.542691895104
2.12   0.548672958269   0.542692691568
2.216   0.548672849347   0.54269311005
2.312   0.54867279524   0.542693329932
2.408   0.548672768364   0.542693445463
2.504   0.548672755015   0.542693506166
2.6   0.548672748384   0.542693538061
2.696   0.54867274509   0.54269355482
2.792   0.548672743454   0.542693563625
2.888   0.548672742641   0.542693568252
2.984   0.548672742238   0.542693570683
3.08   0.548672742037   0.54269357196
3.176   0.548672741938   0.542693572632
3.272   0.548672741888   0.542693572984
3.368   0.548672741864   0.54269357317
3.464   0.548672741851   0.542693573267
3.56   0.548672741845   0.542693573318
3.656   0.548672741842   0.542693573345
3.752   0.548672741841   0.542693573359
3.848   0.54867274184   0.542693573366
3.944   0.54867274184   0.54269357337
4.04   0.54867274184   0.542693573372
4.136   0.548672741839   0.542693573373
4.232   0.548672741839   0.542693573374
4.328   0.548672741839   0.542693573374
4.424   0.548672741839   0.542693573374
4.52   0.548672741839   0.542693573375
4.616   0.548672741839   0.542693573375
4.712   0.548672741839   0.542693573375
4.808   0.548672741839   0.542693573375
4.904   0.548672741839   0.542693573375
5.0   0.548672741839   0.542693573375
5.096   0.548672741839   0.542693573375
5.192   0.548672741839   0.542693573375
5.288   0.548672741839   0.542693573375
5.384   0.548672741839   0.542693573375
5.48   0.548672741839   0.542693573375
5.576   0.548672741839   0.542693573375
5.672   0.548672741839   0.542693573375
5.768   0.548672741839   0.542693573375
5.864   0.548672741839   0.542693573375
5.96   0.548672741839   0.542693573375
6.056   0.548672741839   0.542693573375
6.152   0.548672741839   0.542693573375
6.248   0.548672741839   0.542693573375
6.344   0.548672741839   0.542693573375
6.44   0.548672741839   0.542693573375
6.536   0.548672741839   0.542693573375
6.632   0.548672741839   0.542693573375
6.728   0.548672741839   0.542693573375
6.824   0.548672741839   0.542693573375
6.92   0.548672741839   0.542693573375
7.016   0.548672741839   0.542693573375
7.112   0.548672741839   0.542693573375
7.208   0.548672741839   0.542693573375
7.304   0.548672741839   0.542693573375
7.4   0.548672741839   0.542693573375
7.496   0.548672741839   0.542693573375
7.592   0.548672741839   0.542693573375
7.688   0.548672741839   0.542693573375
7.784   0.548672741839   0.542693573375
7.88   0.548672741839   0.542693573375
7.976   0.548672741839   0.542693573375
8.072   0.548672741839   0.542693573375
8.168   0.548672741839   0.542693573375
8.264   0.548672741839   0.542693573375
8.36   0.548672741839   0.542693573375
8.456   0.548672741839   0.542693573375
8.552   0.548672741839   0.542693573375
8.648   0.548672741839   0.542693573375
8.744   0.548672741839   0.542693573375
8.84   0.548672741839   0.542693573375
8.936   0.548672741839   0.542693573375
9.032   0.548672741839   0.542693573375
9.128   0.548672741839   0.542693573375
9.224   0.548672741839   0.542693573375
9.32   0.548672741839   0.542693573375
9.416   0.548672741839   0.542693573375
9.512   0.548672741839   0.542693573375
9.608   0.548672741839   0.542693573375
9.704   0.548672741839   0.542693573375
