0.2   0.564249960324   0.416784721375
0.296   0.560527205135   0.461918987034
0.392   0.557326416651   0.49116288039
0.488   0.55462703025   0.510352170816
0.584   0.552394829169   0.522664240829
0.68   0.550586435674   0.530343135575
0.776   0.549153360165   0.535075109363
0.872   0.548045996256   0.538006086943
0.968   0.547216368742   0.5398397285
1.064   0.546619135526   0.540990104849
1.16   0.546210820089   0.541703590645
1.256   0.54594814167   0.542134688981
1.352   0.545789730626   0.542385864763
1.448   0.545700015989   0.542527477753
1.544   0.545650359782   0.542604924474
1.64   0.545624004321   0.542646585854
1.736   0.545610238409   0.542668768174
1.832   0.545603111099   0.542680507672
1.928   0.545599438439   0.542686699471
2.024   0.545597550729   0.542689959254
2.12   0.545596581762   0.542691673775
2.216   0.545596084738   0.5426925751
2.312   0.545595829886   0.542693048806
2.408   0.545595699235   0.542693297739
2.504   0.545595632263   0.542693428544
2.6   0.545595597934   0.542693497276
2.696   0.545595580339   0.54269353339
2.792   0.54559557132   0.542693552365
2.888   0.545595566698   0.542693562336
2.984   0.545595564328   0.542693567574
3.08   0.545595563114   0.542693570327
3.176   0.545595562492   0.542693571773
3.272   0.545595562173   0.542693572533
3.368   0.545595562009   0.542693572933
3.464   0.545595561925   0.542693573142
3.56   0.545595561882   0.542693573253
3.656   0.54559556186   0.542693573311
3.752   0.545595561849   0.542693573341
3.848   0.545595561843   0.542693573357
3.944   0.54559556184   0.542693573365
4.04   0.545595561839   0.54269357337
4.136   0.545595561838   0.542693573372
4.232   0.545595561838   0.542693573373
4.328   0.545595561837   0.542693573374
4.424   0.545595561837   0.542693573374
4.52   0.545595561837   0.542693573374
4.616   0.545595561837   0.542693573375
4.712   0.545595561837   0.542693573375
4.808   0.545595561837   0.542693573375
4.904   0.545595561837   0.542693573375
5.0   0.545595561837   0.542693573375
5.096   0.545595561837   0.542693573375
5.192   0.545595561837   0.542693573375
5.288   0.545595561837   0.542693573375
5.384   0.545595561837   0.542693573375
5.48   0.545595561837   0.542693573375
5.576   0.545595561837   0.542693573375
5.672   0.545595561837   0.542693573375
5.768   0.545595561837   0.542693573375
5.864   0.545595561837   0.542693573375
5.96   0.545595561837   0.542693573375
6.056   0.545595561837   0.542693573375
6.152   0.545595561837   0.542693573375
6.248   0.545595561837   0.542693573375
6.344   0.545595561837   0.542693573375
6.44   0.545595561837   0.542693573375
6.536   0.545595561837   0.542693573375
6.632   0.545595561837   0.542693573375
6.728   0.545595561837   0.542693573375
6.824   0.545595561837   0.542693573375
6.92   0.545595561837   0.542693573375
7.016   0.545595561837   0.542693573375
7.112   0.545595561837   0.542693573375
7.208   0.545595561837   0.542693573375
7.304   0.545595561837   0.542693573375
7.4   0.545595561837   0.542693573375
7.496   0.545595561837   0.542693573375
7.592   0.545595561837   0.542693573375
7.688   0.545595561837   0.542693573375
7.784   0.545595561837   0.542693573375
7.88   0.545595561837   0.542693573375
7.976   0.545595561837   0.542693573375
8.072   0.545595561837   0.542693573375
8.168   0.545595561837   0.542693573375
8.264   0.545595561837   0.542693573375
8.36   0.545595561837   0.542693573375
8.456   0.545595561837   0.542693573375
8.552   0.545595561837   0.542693573375
8.648   0.545595561837   0.542693573375
8.744   0.545595561837   0.542693573375
8.84   0.545595561837   0.542693573375
8.936   0.545595561837   0.542693573375
9.032   0.545595561837   0.542693573375
9.128   0.545595561837   0.542693573375
9.224   0.545595561837   0.542693573375
9.32   0.545595561837   0.542693573375
9.416   0.545595561837   0.542693573375
9.512   0.545595561837   0.542693573375
9.608   0.545595561837   0.542693573375
9.704   0.545595561837   0.542693573375
