0.2   0.565834132787   0.700000000001
0.296   0.562938904392   0.7
0.392   0.5606188413   0.502179315614
0.488   0.558866176506   0.521672159307
0.584   0.557643618694   0.531493261133
0.68   0.55687136971   0.536848772328
0.776   0.556432394441   0.539666372045
0.872   0.556205017642   0.541126607452
0.968   0.556094931821   0.541880431753
1.064   0.556043508524   0.542270205725
1.16   0.556020105901   0.542472531279
1.256   0.556009569845   0.542577905085
1.352   0.55600485172   0.542632952943
1.448   0.556002744375   0.542661771289
1.544   0.556001804298   0.542676879253
1.64   0.55600138518   0.542684806638
1.736   0.556001198374   0.542688968557
1.832   0.556001115124   0.542691154318
1.928   0.556001078026   0.542692302466
2.024   0.556001061494   0.542692905642
2.12   0.556001054128   0.54269322254
2.216   0.556001050845   0.542693389039
2.312   0.556001049383   0.54269347652
2.408   0.556001048731   0.542693522485
2.504   0.55600104844   0.542693546636
2.6   0.556001048311   0.542693559325
2.696   0.556001048253   0.542693565993
2.792   0.556001048228   0.542693569496
2.888   0.556001048216   0.542693571337
2.984   0.556001048211   0.542693572304
3.08   0.556001048209   0.542693572812
3.176   0.556001048208   0.542693573079
3.272   0.556001048207   0.542693573219
3.368   0.556001048207   0.542693573293
3.464   0.556001048207   0.542693573332
3.56   0.556001048207   0.542693573352
3.656   0.556001048207   0.542693573363
3.752   0.556001048207   0.542693573368
3.848   0.556001048207   0.542693573371
3.944   0.556001048207   0.542693573373
4.04   0.556001048207   0.542693573374
4.136   0.556001048207   0.542693573374
4.232   0.556001048207   0.542693573374
4.328   0.556001048207   0.542693573375
4.424   0.556001048207   0.542693573375
4.52   0.556001048207   0.542693573375
4.616   0.556001048207   0.542693573375
4.712   0.556001048207   0.542693573375
4.808   0.556001048207   0.542693573375
4.904   0.556001048207   0.542693573375
5.0   0.556001048207   0.542693573375
5.096   0.556001048207   0.542693573375
5.192   0.556001048207   0.542693573375
5.288   0.556001048207   0.542693573375
5.384   0.556001048207   0.542693573375
5.48   0.556001048207   0.542693573375
5.576   0.556001048207   0.542693573375
5.672   0.556001048207   0.542693573375
5.768   0.556001048207   0.542693573375
5.864   0.556001048207   0.542693573375
5.96   0.556001048207   0.542693573375
6.056   0.556001048207   0.542693573375
6.152   0.556001048207   0.542693573375
6.248   0.556001048207   0.542693573375
6.344   0.556001048207   0.542693573375
6.44   0.556001048207   0.542693573375
6.536   0.556001048207   0.542693573375
6.632   0.556001048207   0.542693573375
6.728   0.556001048207   0.542693573375
6.824   0.556001048207   0.542693573375
6.92   0.556001048207   0.542693573375
7.016   0.556001048207   0.542693573375
7.112   0.556001048207   0.542693573375
7.208   0.556001048207   0.542693573375
7.304   0.556001048207   0.542693573375
7.4   0.556001048207   0.542693573375
7.496   0.556001048207   0.542693573375
7.592   0.556001048207   0.542693573375
7.688   0.556001048207   0.542693573375
7.784   0.556001048207   0.542693573375
7.88   0.556001048207   0.542693573375
7.976   0.556001048207   0.542693573375
8.072   0.556001048207   0.542693573375
8.168   0.556001048207   0.542693573375
8.264   0.556001048207   0.542693573375
8.36   0.556001048207   0.542693573375
8.456   0.556001048207   0.542693573375
8.552   0.556001048207   0.542693573375
8.648   0.556001048207   0.542693573375
8.744   0.556001048207   0.542693573375
8.84   0.556001048207   0.542693573375
8.936   0.556001048207   0.542693573375
9.032   0.556001048207   0.542693573375
9.128   0.556001048207   0.542693573375
9.224   0.556001048207   0.542693573375
9.32   0.556001048207   0.542693573375
9.416   0.556001048207   0.542693573375
9.512   0.556001048207   0.542693573375
9.608   0.556001048207   0.542693573375
9.704   0.556001048207   0.542693573375
