0.2   0.561200010097   0.369207964221
0.296   0.556365862079   0.414319743613
0.392   0.55237056024   0.444720481507
0.488   0.549220395403   0.465618321481
0.584   0.546875221615   0.479859667027
0.68   0.545240586142   0.489333046044
0.776   0.544176836441   0.495455757095
0.872   0.543527075052   0.499313624487
0.968   0.543150139019   0.501700624819
1.064   0.542939587684   0.503161502951
1.16   0.542824689164   0.504050625952
1.256   0.542763027595   0.504590780955
1.352   0.542730234273   0.504918713301
1.448   0.542712885504   0.505117892608
1.544   0.542703734998   0.505238949296
1.64   0.542698916803   0.505312571873
1.736   0.542696382192   0.505357370728
1.832   0.542695049565   0.505384641963
1.928   0.542694349111   0.505401248452
2.024   0.542693980999   0.505411363037
2.12   0.542693787561   0.505417524537
2.216   0.542693685917   0.505421278345
2.312   0.542693632509   0.505423565469
2.408   0.542693604446   0.50542495904
2.504   0.5426935897   0.505425808186
2.6   0.542693581953   0.505426325609
2.696   0.542693577882   0.505426640903
2.792   0.542693575743   0.50542683303
2.888   0.542693574619   0.505426950105
2.984   0.542693574028   0.505427021447
3.08   0.542693573718   0.50542706492
3.176   0.542693573555   0.505427091411
3.272   0.542693573469   0.505427107554
3.368   0.542693573424   0.505427117391
3.464   0.542693573401   0.505427123386
3.56   0.542693573388   0.505427127039
3.656   0.542693573382   0.505427129264
3.752   0.542693573378   0.505427130621
3.848   0.542693573377   0.505427131447
3.944   0.542693573376   0.505427131951
4.04   0.542693573375   0.505427132258
4.136   0.542693573375   0.505427132445
4.232   0.542693573375   0.505427132559
4.328   0.542693573375   0.505427132628
4.424   0.542693573375   0.505427132671
4.52   0.542693573375   0.505427132697
4.616   0.542693573375   0.505427132712
4.712   0.542693573375   0.505427132722
4.808   0.542693573375   0.505427132728
4.904   0.542693573375   0.505427132731
5.0   0.542693573375   0.505427132733
5.096   0.542693573375   0.505427132735
5.192   0.542693573375   0.505427132736
5.288   0.542693573375   0.505427132736
5.384   0.542693573375   0.505427132736
5.48   0.542693573375   0.505427132736
5.576   0.542693573375   0.505427132737
5.672   0.542693573375   0.505427132737
5.768   0.542693573375   0.505427132737
5.864   0.542693573375   0.505427132737
5.96   0.542693573375   0.505427132737
6.056   0.542693573375   0.505427132737
6.152   0.542693573375   0.505427132737
6.248   0.542693573375   0.505427132737
6.344   0.542693573375   0.505427132737
6.44   0.542693573375   0.505427132737
6.536   0.542693573375   0.505427132737
6.632   0.542693573375   0.505427132737
6.728   0.542693573375   0.505427132737
6.824   0.542693573375   0.505427132737
6.92   0.542693573375   0.505427132737
7.016   0.542693573375   0.505427132737
7.112   0.542693573375   0.505427132737
7.208   0.542693573375   0.505427132737
7.304   0.542693573375   0.505427132737
7.4   0.542693573375   0.505427132737
7.496   0.542693573375   0.505427132737
7.592   0.542693573375   0.505427132737
7.688   0.542693573375   0.505427132737
7.784   0.542693573375   0.505427132737
7.88   0.542693573375   0.505427132737
7.976   0.542693573375   0.505427132737
8.072   0.542693573375   0.505427132737
8.168   0.542693573375   0.505427132737
8.264   0.542693573375   0.505427132737
8.36   0.542693573375   0.505427132737
8.456   0.542693573375   0.505427132737
8.552   0.542693573375   0.505427132737
8.648   0.542693573375   0.505427132737
8.744   0.542693573375   0.505427132737
8.84   0.542693573375   0.505427132737
8.936   0.542693573375   0.505427132737
9.032   0.542693573375   0.505427132737
9.128   0.542693573375   0.505427132737
9.224   0.542693573375   0.505427132737
9.32   0.542693573375   0.505427132737
9.416   0.542693573375   0.505427132737
9.512   0.542693573375   0.505427132737
9.608   0.542693573375   0.505427132737
9.704   0.542693573375   0.505427132737
