0.2   0.563260001439   0.400039949871
0.296   0.559093325519   0.447252800383
0.392   0.55548783362   0.478125931208
0.488   0.552431307906   0.498783595513
0.584   0.549897343981   0.512461142643
0.68   0.547849483738   0.521314454358
0.776   0.546244387797   0.526942107772
0.872   0.545033794326   0.530483453134
0.968   0.544164056414   0.532691801291
1.064   0.543574712644   0.53404772978
1.16   0.543199752051   0.534861458814
1.256   0.542974963148   0.535337254506
1.352   0.54284676356   0.535609184634
1.448   0.542775587799   0.535762174005
1.544   0.542737120343   0.535847271439
1.64   0.542716586822   0.535894356488
1.736   0.542705703527   0.5359203247
1.832   0.542699957843   0.53593462265
1.928   0.542696931076   0.535942488205
2.024   0.542695338495   0.535946813306
2.12   0.542694501072   0.535949191081
2.216   0.542694060886   0.535950498159
2.312   0.542693829548   0.535951216635
2.408   0.542693707981   0.535951611559
2.504   0.542693644103   0.535951828635
2.6   0.542693610538   0.535951947953
2.696   0.542693592901   0.535952013538
2.792   0.542693583635   0.535952049588
2.888   0.542693578766   0.535952069403
2.984   0.542693576207   0.535952080295
3.08   0.542693574863   0.535952086281
3.176   0.542693574157   0.535952089572
3.272   0.542693573786   0.535952091381
3.368   0.542693573591   0.535952092375
3.464   0.542693573488   0.535952092921
3.56   0.542693573434   0.535952093222
3.656   0.542693573406   0.535952093387
3.752   0.542693573391   0.535952093478
3.848   0.542693573383   0.535952093528
3.944   0.542693573379   0.535952093555
4.04   0.542693573377   0.53595209357
4.136   0.542693573376   0.535952093578
4.232   0.542693573375   0.535952093583
4.328   0.542693573375   0.535952093585
4.424   0.542693573375   0.535952093587
4.52   0.542693573375   0.535952093588
4.616   0.542693573375   0.535952093588
4.712   0.542693573375   0.535952093588
4.808   0.542693573375   0.535952093588
4.904   0.542693573375   0.535952093588
5.0   0.542693573375   0.535952093588
5.096   0.542693573375   0.535952093588
5.192   0.542693573375   0.535952093588
5.288   0.542693573375   0.535952093588
5.384   0.542693573375   0.535952093588
5.48   0.542693573375   0.535952093588
5.576   0.542693573375   0.535952093588
5.672   0.542693573375   0.535952093588
5.768   0.542693573375   0.535952093588
5.864   0.542693573375   0.535952093588
5.96   0.542693573375   0.535952093588
6.056   0.542693573375   0.535952093588
6.152   0.542693573375   0.535952093588
6.248   0.542693573375   0.535952093588
6.344   0.542693573375   0.535952093588
6.44   0.542693573375   0.535952093588
6.536   0.542693573375   0.535952093588
6.632   0.542693573375   0.535952093588
6.728   0.542693573375   0.535952093588
6.824   0.542693573375   0.535952093588
6.92   0.542693573375   0.535952093588
7.016   0.542693573375   0.535952093588
7.112   0.542693573375   0.535952093588
7.208   0.542693573375   0.535952093588
7.304   0.542693573375   0.535952093588
7.4   0.542693573375   0.535952093588
7.496   0.542693573375   0.535952093588
7.592   0.542693573375   0.535952093588
7.688   0.542693573375   0.535952093588
7.784   0.542693573375   0.535952093588
7.88   0.542693573375   0.535952093588
7.976   0.542693573375   0.535952093588
8.072   0.542693573375   0.535952093588
8.168   0.542693573375   0.535952093588
8.264   0.542693573375   0.535952093588
8.36   0.542693573375   0.535952093588
8.456   0.542693573375   0.535952093588
8.552   0.542693573375   0.535952093588
8.648   0.542693573375   0.535952093588
8.744   0.542693573375   0.535952093588
8.84   0.542693573375   0.535952093588
8.936   0.542693573375   0.535952093588
9.032   0.542693573375   0.535952093588
9.128   0.542693573375   0.535952093588
9.224   0.542693573375   0.535952093588
9.32   0.542693573375   0.535952093588
9.416   0.542693573375   0.535952093588
9.512   0.542693573375   0.535952093588
9.608   0.542693573375   0.535952093588
9.704   0.542693573375   0.535952093588
