0.2   0.561683260852   0.383006716587
0.296   0.556981650106   0.426907887059
0.392   0.553036159418   0.456550379229
0.488   0.549854382778   0.476932474555
0.584   0.547412900313   0.490801109185
0.68   0.545648313567   0.499992253995
0.776   0.54445571537   0.50589494797
0.872   0.543701955949   0.509578658337
0.968   0.543252879443   0.511827961781
1.064   0.542997413468   0.51318195598
1.16   0.542856257799   0.513990441342
1.256   0.542779980706   0.514471664688
1.352   0.542739251821   0.514757588874
1.448   0.542717656   0.514927477879
1.544   0.542706251014   0.515028465437
1.64   0.542700241532   0.515088527136
1.736   0.542697079035   0.515124265413
1.832   0.542695415934   0.51514553875
1.928   0.542694541678   0.515158205421
2.024   0.542694082198   0.515165749035
2.12   0.54269384074   0.515170242271
2.216   0.54269371386   0.515172918863
2.312   0.542693647191   0.515174513398
2.408   0.54269361216   0.515175463358
2.504   0.542693593754   0.515176029323
2.6   0.542693584083   0.515176366518
2.696   0.542693579001   0.515176567417
2.792   0.542693576331   0.515176687113
2.888   0.542693574928   0.515176758428
2.984   0.542693574191   0.515176800918
3.08   0.542693573803   0.515176826234
3.176   0.5426935736   0.515176841317
3.272   0.542693573493   0.515176850304
3.368   0.542693573437   0.515176855659
3.464   0.542693573407   0.515176858849
3.56   0.542693573392   0.51517686075
3.656   0.542693573384   0.515176861882
3.752   0.542693573379   0.515176862557
3.848   0.542693573377   0.515176862959
3.944   0.542693573376   0.515176863198
4.04   0.542693573375   0.515176863341
4.136   0.542693573375   0.515176863426
4.232   0.542693573375   0.515176863477
4.328   0.542693573375   0.515176863507
4.424   0.542693573375   0.515176863525
4.52   0.542693573375   0.515176863536
4.616   0.542693573375   0.515176863542
4.712   0.542693573375   0.515176863546
4.808   0.542693573375   0.515176863548
4.904   0.542693573375   0.515176863549
5.0   0.542693573375   0.51517686355
5.096   0.542693573375   0.515176863551
5.192   0.542693573375   0.515176863551
5.288   0.542693573375   0.515176863551
5.384   0.542693573375   0.515176863551
5.48   0.542693573375   0.515176863551
5.576   0.542693573375   0.515176863551
5.672   0.542693573375   0.515176863551
5.768   0.542693573375   0.515176863551
5.864   0.542693573375   0.515176863551
5.96   0.542693573375   0.515176863551
6.056   0.542693573375   0.515176863551
6.152   0.542693573375   0.515176863551
6.248   0.542693573375   0.515176863551
6.344   0.542693573375   0.515176863551
6.44   0.542693573375   0.515176863551
6.536   0.542693573375   0.515176863551
6.632   0.542693573375   0.515176863551
6.728   0.542693573375   0.515176863551
6.824   0.542693573375   0.515176863551
6.92   0.542693573375   0.515176863551
7.016   0.542693573375   0.515176863551
7.112   0.542693573375   0.515176863551
7.208   0.542693573375   0.515176863551
7.304   0.542693573375   0.515176863551
7.4   0.542693573375   0.515176863551
7.496   0.542693573375   0.515176863551
7.592   0.542693573375   0.515176863551
7.688   0.542693573375   0.515176863551
7.784   0.542693573375   0.515176863551
7.88   0.542693573375   0.515176863551
7.976   0.542693573375   0.515176863551
8.072   0.542693573375   0.515176863551
8.168   0.542693573375   0.515176863551
8.264   0.542693573375   0.515176863551
8.36   0.542693573375   0.515176863551
8.456   0.542693573375   0.515176863551
8.552   0.542693573375   0.515176863551
8.648   0.542693573375   0.515176863551
8.744   0.542693573375   0.515176863551
8.84   0.542693573375   0.515176863551
8.936   0.542693573375   0.515176863551
9.032   0.542693573375   0.515176863551
9.128   0.542693573375   0.515176863551
9.224   0.542693573375   0.515176863551
9.32   0.542693573375   0.515176863551
9.416   0.542693573375   0.515176863551
9.512   0.542693573375   0.515176863551
9.608   0.542693573375   0.515176863551
9.704   0.542693573375   0.515176863551
