0.2   0.562043868568   0.390988715929
0.296   0.557452351909   0.434439530388
0.392   0.55356162347   0.463745794018
0.488   0.550376384052   0.48386368113
0.584   0.54787831097   0.49752001129
0.68   0.546020860969   0.506544561105
0.776   0.544723950435   0.512322554992
0.872   0.543877563606   0.515914381141
0.968   0.543359317714   0.518094083982
1.064   0.54305862194   0.519394089545
1.16   0.542890079844   0.520161013711
1.256   0.542798272594   0.520610767211
1.352   0.542749020499   0.520873875217
1.448   0.542722835378   0.521027611818
1.544   0.542708986022   0.521117456767
1.64   0.542701682527   0.521169966696
1.736   0.542697837311   0.521200668829
1.832   0.542695814681   0.521218625519
1.928   0.542694751285   0.521229130319
2.024   0.542694192359   0.521235276794
2.12   0.542693898629   0.521238873617
2.216   0.542693744279   0.521240978604
2.312   0.542693663175   0.521242210589
2.408   0.542693620559   0.521242931659
2.504   0.542693598167   0.521243353706
2.6   0.542693586401   0.521243600737
2.696   0.542693580219   0.52124374533
2.792   0.542693576971   0.521243829964
2.888   0.542693575264   0.521243879503
2.984   0.542693574368   0.521243908499
3.08   0.542693573896   0.521243925472
3.176   0.542693573649   0.521243935406
3.272   0.542693573519   0.521243941221
3.368   0.54269357345   0.521243944625
3.464   0.542693573414   0.521243946617
3.56   0.542693573396   0.521243947783
3.656   0.542693573386   0.521243948466
3.752   0.54269357338   0.521243948865
3.848   0.542693573378   0.521243949099
3.944   0.542693573376   0.521243949236
4.04   0.542693573375   0.521243949316
4.136   0.542693573375   0.521243949363
4.232   0.542693573375   0.521243949391
4.328   0.542693573375   0.521243949407
4.424   0.542693573375   0.521243949416
4.52   0.542693573375   0.521243949422
4.616   0.542693573375   0.521243949425
4.712   0.542693573375   0.521243949427
4.808   0.542693573375   0.521243949428
4.904   0.542693573375   0.521243949428
5.0   0.542693573375   0.521243949429
5.096   0.542693573375   0.521243949429
5.192   0.542693573375   0.521243949429
5.288   0.542693573375   0.521243949429
5.384   0.542693573375   0.521243949429
5.48   0.542693573375   0.521243949429
5.576   0.542693573375   0.521243949429
5.672   0.542693573375   0.521243949429
5.768   0.542693573375   0.521243949429
5.864   0.542693573375   0.521243949429
5.96   0.542693573375   0.521243949429
6.056   0.542693573375   0.521243949429
6.152   0.542693573375   0.521243949429
6.248   0.542693573375   0.521243949429
6.344   0.542693573375   0.521243949429
6.44   0.542693573375   0.521243949429
6.536   0.542693573375   0.521243949429
6.632   0.542693573375   0.521243949429
6.728   0.542693573375   0.521243949429
6.824   0.542693573375   0.521243949429
6.92   0.542693573375   0.521243949429
7.016   0.542693573375   0.521243949429
7.112   0.542693573375   0.521243949429
7.208   0.542693573375   0.521243949429
7.304   0.542693573375   0.521243949429
7.4   0.542693573375   0.521243949429
7.496   0.542693573375   0.521243949429
7.592   0.542693573375   0.521243949429
7.688   0.542693573375   0.521243949429
7.784   0.542693573375   0.521243949429
7.88   0.542693573375   0.521243949429
7.976   0.542693573375   0.521243949429
8.072   0.542693573375   0.521243949429
8.168   0.542693573375   0.521243949429
8.264   0.542693573375   0.521243949429
8.36   0.542693573375   0.521243949429
8.456   0.542693573375   0.521243949429
8.552   0.542693573375   0.521243949429
8.648   0.542693573375   0.521243949429
8.744   0.542693573375   0.521243949429
8.84   0.542693573375   0.521243949429
8.936   0.542693573375   0.521243949429
9.032   0.542693573375   0.521243949429
9.128   0.542693573375   0.521243949429
9.224   0.542693573375   0.521243949429
9.32   0.542693573375   0.521243949429
9.416   0.542693573375   0.521243949429
9.512   0.542693573375   0.521243949429
9.608   0.542693573375   0.521243949429
9.704   0.542693573375   0.521243949429
