0.2   0.563772895888   0.430700239154
0.296   0.559872772468   0.468007035974
0.392   0.556523590486   0.493268191829
0.488   0.553697838202   0.510401353551
0.584   0.551354227169   0.521746607102
0.68   0.549442414514   0.529058643058
0.776   0.547907102812   0.533714965114
0.872   0.546692112006   0.536697212191
0.968   0.545743558507   0.538638163634
1.064   0.545012122622   0.539925409564
1.16   0.544454402695   0.540794142364
1.256   0.5440334721   0.541388777114
1.352   0.543718820266   0.541800620402
1.448   0.54348587604   0.542087730653
1.544   0.543315622111   0.542288138993
1.64   0.54319242322   0.542428268659
1.736   0.543105204063   0.542523760359
1.832   0.543045223281   0.542589857025
1.928   0.543009824803   0.542632409564
2.024   0.542984278362   0.542658511178
2.12   0.542968304717   0.542674163496
2.216   0.542958921922   0.542683051838
2.312   0.542953634061   0.542688119768
2.408   0.542950737402   0.542685747545
2.504   0.542949179469   0.54269200927
2.6   0.542948350824   0.54269110391
2.696   0.542947912902   0.54268868836
2.792   0.542947682299   0.542693574453
2.888   0.542947561105   0.542693739818
2.984   0.542947497479   0.542694054241
3.08   0.542947464094   0.542694768187
3.176   0.542947446582   0.542696508762
3.272   0.542947437397   0.542693709262
3.368   0.542947432581   0.542693901565
3.464   0.542947430055   0.542694357674
3.56   0.54294742873   0.542695464687
3.656   0.542947428036   0.542698269284
3.752   0.542947427672   0.54269355192
3.848   0.542947427481   0.542693523085
3.944   0.542947427381   0.542693455111
4.04   0.542947427328   0.542693295535
4.136   0.542947427301   0.542692923394
4.232   0.542947427286   0.542692068453
4.328   0.542947427279   0.542690171936
4.424   0.542947427275   0.54269370796
4.52   0.542947427272   0.542693891868
4.616   0.542947427271   0.542694330913
4.712   0.542947427271   0.542695397024
4.808   0.542947427271   0.542698092115
4.904   0.54294742727   0.542693554908
5.0   0.54294742727   0.54269352986
5.096   0.54294742727   0.542693470905
5.192   0.54294742727   0.542693332472
5.288   0.54294742727   0.542693009194
5.384   0.54294742727   0.542692263951
5.48   0.54294742727   0.542690597349
5.576   0.54294742727   0.542693678937
5.672   0.54294742727   0.542693822984
5.768   0.54294742727   0.542694165943
5.864   0.54294742727   0.542694993456
5.96   0.54294742727   0.542697054112
6.056   0.54294742727   0.542693782641
6.152   0.54294742727   0.542694069618
6.248   0.54294742727   0.542694759475
6.344   0.54294742727   0.542696462245
6.44   0.54294742727   0.542693712685
6.536   0.54294742727   0.542693903091
6.632   0.54294742727   0.542694357846
6.728   0.54294742727   0.542695463252
6.824   0.54294742727   0.542698264539
6.92   0.54294742727   0.542693552367
7.016   0.54294742727   0.542693523876
7.112   0.54294742727   0.542693456832
7.208   0.54294742727   0.542693299494
7.304   0.54294742727   0.542692932549
7.4   0.54294742727   0.542692089251
7.496   0.54294742727   0.542690216952
7.592   0.54294742727   0.542693704763
7.688   0.54294742727   0.542693884272
7.784   0.54294742727   0.542694312688
7.88   0.54294742727   0.542695352263
7.976   0.54294742727   0.542697975914
8.072   0.54294742727   0.542693556487
8.168   0.54294742727   0.542693533577
8.264   0.54294742727   0.542693479649
8.36   0.54294742727   0.542693352974
8.456   0.54294742727   0.542693056914
8.552   0.54294742727   0.542692373106
8.648   0.54294742727   0.542690837001
8.744   0.54294742727   0.542687602985
8.84   0.54294742727   0.542693589219
8.936   0.54294742727   0.542693610747
9.032   0.54294742727   0.542693661577
9.128   0.54294742727   0.542693781833
9.224   0.54294742727   0.542694067691
9.32   0.54294742727   0.542694754807
9.416   0.54294742727   0.54269645051
9.512   0.54294742727   0.542693711462
9.608   0.54294742727   0.542693900185
9.704   0.54294742727   0.542694350871
