0.2   0.56270858187   0.418978726783
0.296   0.558372753926   0.456012504426
0.392   0.554660312782   0.481531666485
0.488   0.551555708603   0.49921919244
0.584   0.549029734822   0.511258648088
0.68   0.547042571305   0.519227788856
0.776   0.545544216777   0.524363452972
0.872   0.544472683713   0.527597212038
0.968   0.543752402747   0.529587090621
1.064   0.543298405111   0.530782003439
1.16   0.543028473609   0.531483069972
1.256   0.542875329192   0.531886691886
1.352   0.542790760137   0.532116368603
1.448   0.542745143141   0.532245941197
1.544   0.542720817824   0.532318762731
1.64   0.542707931357   0.532359608401
1.736   0.542701129839   0.532382496556
1.832   0.542697547304   0.532395316425
1.928   0.542695662406   0.532402495645
2.024   0.542694671302   0.532406515807
2.12   0.542694150341   0.532408766958
2.216   0.542693876553   0.532410027532
2.312   0.542693732681   0.532410733422
2.408   0.542693657081   0.532411128706
2.504   0.542693617357   0.532411350059
2.6   0.542693596484   0.532411474015
2.696   0.542693585517   0.532411543429
2.792   0.542693579755   0.5324115823
2.888   0.542693576727   0.532411604067
2.984   0.542693575136   0.532411616257
3.08   0.5426935743   0.532411623083
3.176   0.542693573861   0.532411626906
3.272   0.54269357363   0.532411629047
3.368   0.542693573509   0.532411630245
3.464   0.542693573445   0.532411630917
3.56   0.542693573412   0.532411631292
3.656   0.542693573394   0.532411631503
3.752   0.542693573385   0.532411631621
3.848   0.54269357338   0.532411631687
3.944   0.542693573377   0.532411631724
4.04   0.542693573376   0.532411631745
4.136   0.542693573375   0.532411631756
4.232   0.542693573375   0.532411631763
4.328   0.542693573375   0.532411631766
4.424   0.542693573375   0.532411631768
4.52   0.542693573375   0.532411631769
4.616   0.542693573375   0.53241163177
4.712   0.542693573375   0.53241163177
4.808   0.542693573375   0.532411631771
4.904   0.542693573375   0.532411631771
5.0   0.542693573375   0.532411631771
5.096   0.542693573375   0.532411631771
5.192   0.542693573375   0.532411631771
5.288   0.542693573375   0.532411631771
5.384   0.542693573375   0.532411631771
5.48   0.542693573375   0.532411631771
5.576   0.542693573375   0.532411631771
5.672   0.542693573375   0.532411631771
5.768   0.542693573375   0.532411631771
5.864   0.542693573375   0.532411631771
5.96   0.542693573375   0.532411631771
6.056   0.542693573375   0.532411631771
6.152   0.542693573375   0.532411631771
6.248   0.542693573375   0.532411631771
6.344   0.542693573375   0.532411631771
6.44   0.542693573375   0.532411631771
6.536   0.542693573375   0.532411631771
6.632   0.542693573375   0.532411631771
6.728   0.542693573375   0.532411631771
6.824   0.542693573375   0.532411631771
6.92   0.542693573375   0.532411631771
7.016   0.542693573375   0.532411631771
7.112   0.542693573375   0.532411631771
7.208   0.542693573375   0.532411631771
7.304   0.542693573375   0.532411631771
7.4   0.542693573375   0.532411631771
7.496   0.542693573375   0.532411631771
7.592   0.542693573375   0.532411631771
7.688   0.542693573375   0.532411631771
7.784   0.542693573375   0.532411631771
7.88   0.542693573375   0.532411631771
7.976   0.542693573375   0.532411631771
8.072   0.542693573375   0.532411631771
8.168   0.542693573375   0.532411631771
8.264   0.542693573375   0.532411631771
8.36   0.542693573375   0.532411631771
8.456   0.542693573375   0.532411631771
8.552   0.542693573375   0.532411631771
8.648   0.542693573375   0.532411631771
8.744   0.542693573375   0.532411631771
8.84   0.542693573375   0.532411631771
8.936   0.542693573375   0.532411631771
9.032   0.542693573375   0.532411631771
9.128   0.542693573375   0.532411631771
9.224   0.542693573375   0.532411631771
9.32   0.542693573375   0.532411631771
9.416   0.542693573375   0.532411631771
9.512   0.542693573375   0.532411631771
9.608   0.542693573375   0.532411631771
9.704   0.542693573375   0.532411631771
