0.2   0.563063347762   0.40538843047
0.296   0.558830963502   0.449368798827
0.392   0.555179768178   0.478613502643
0.488   0.552097457078   0.498406619913
0.584   0.549557778344   0.511635290033
0.68   0.547524359746   0.52026543349
0.776   0.545952970003   0.525776854363
0.872   0.544791892017   0.529242708781
0.968   0.543980250047   0.53138912253
1.064   0.543447313949   0.53269184926
1.16   0.543118792337   0.533463819339
1.256   0.542927391452   0.533910850031
1.352   0.542819516023   0.534165121791
1.448   0.542760685076   0.534308096383
1.544   0.542729113079   0.534387900115
1.64   0.542712327574   0.534432284572
1.736   0.542703450579   0.534456922713
1.832   0.542698769787   0.534470586225
1.928   0.542696305616   0.534478159977
2.024   0.542695009514   0.534482357221
2.12   0.542694328118   0.534484683039
2.216   0.542693969983   0.534485971793
2.312   0.542693781777   0.534486685893
2.408   0.542693682879   0.534487081576
2.504   0.542693630912   0.534487300823
2.6   0.542693603607   0.534487422309
2.696   0.54269358926   0.534487489624
2.792   0.542693581721   0.534487526924
2.888   0.54269357776   0.534487547592
2.984   0.542693575679   0.534487559044
3.08   0.542693574585   0.53448756539
3.176   0.542693574011   0.534487568906
3.272   0.542693573709   0.534487570854
3.368   0.54269357355   0.534487571934
3.464   0.542693573467   0.534487572532
3.56   0.542693573423   0.534487572863
3.656   0.5426935734   0.534487573047
3.752   0.542693573388   0.534487573149
3.848   0.542693573382   0.534487573205
3.944   0.542693573378   0.534487573236
4.04   0.542693573377   0.534487573254
4.136   0.542693573376   0.534487573263
4.232   0.542693573375   0.534487573269
4.328   0.542693573375   0.534487573272
4.424   0.542693573375   0.534487573273
4.52   0.542693573375   0.534487573274
4.616   0.542693573375   0.534487573275
4.712   0.542693573375   0.534487573275
4.808   0.542693573375   0.534487573275
4.904   0.542693573375   0.534487573275
5.0   0.542693573375   0.534487573275
5.096   0.542693573375   0.534487573275
5.192   0.542693573375   0.534487573275
5.288   0.542693573375   0.534487573275
5.384   0.542693573375   0.534487573275
5.48   0.542693573375   0.534487573275
5.576   0.542693573375   0.534487573275
5.672   0.542693573375   0.534487573275
5.768   0.542693573375   0.534487573275
5.864   0.542693573375   0.534487573275
5.96   0.542693573375   0.534487573275
6.056   0.542693573375   0.534487573275
6.152   0.542693573375   0.534487573275
6.248   0.542693573375   0.534487573275
6.344   0.542693573375   0.534487573275
6.44   0.542693573375   0.534487573275
6.536   0.542693573375   0.534487573275
6.632   0.542693573375   0.534487573275
6.728   0.542693573375   0.534487573275
6.824   0.542693573375   0.534487573275
6.92   0.542693573375   0.534487573275
7.016   0.542693573375   0.534487573275
7.112   0.542693573375   0.534487573275
7.208   0.542693573375   0.534487573275
7.304   0.542693573375   0.534487573275
7.4   0.542693573375   0.534487573275
7.496   0.542693573375   0.534487573275
7.592   0.542693573375   0.534487573275
7.688   0.542693573375   0.534487573275
7.784   0.542693573375   0.534487573275
7.88   0.542693573375   0.534487573275
7.976   0.542693573375   0.534487573275
8.072   0.542693573375   0.534487573275
8.168   0.542693573375   0.534487573275
8.264   0.542693573375   0.534487573275
8.36   0.542693573375   0.534487573275
8.456   0.542693573375   0.534487573275
8.552   0.542693573375   0.534487573275
8.648   0.542693573375   0.534487573275
8.744   0.542693573375   0.534487573275
8.84   0.542693573375   0.534487573275
8.936   0.542693573375   0.534487573275
9.032   0.542693573375   0.534487573275
9.128   0.542693573375   0.534487573275
9.224   0.542693573375   0.534487573275
9.32   0.542693573375   0.534487573275
9.416   0.542693573375   0.534487573275
9.512   0.542693573375   0.534487573275
9.608   0.542693573375   0.534487573275
9.704   0.542693573375   0.534487573275
