0.2   0.561712184584   0.376924436386
0.296   0.557012301976   0.423193318967
0.392   0.553063606613   0.454118272013
0.488   0.54987613   0.475256423832
0.584   0.547428467047   0.489587154769
0.68   0.545658536297   0.499062812105
0.776   0.544461975057   0.505139663694
0.872   0.543705592709   0.508929256038
0.968   0.543254915579   0.511242770684
1.064   0.542998524391   0.512635762694
1.16   0.542856855543   0.513468137379
1.256   0.542780299184   0.513963778895
1.352   0.54273942051   0.514258628557
1.448   0.542717745043   0.514434007754
1.544   0.542706297921   0.514538377419
1.64   0.542700266215   0.514600524108
1.736   0.542697092015   0.514637547955
1.832   0.542695422757   0.514659613776
1.928   0.542694545264   0.514672768738
2.024   0.542694084083   0.514680613018
2.12   0.54269384173   0.514685291255
2.216   0.542693714381   0.514688081588
2.312   0.542693647465   0.514689745998
2.408   0.542693612304   0.514690738849
2.504   0.542693593829   0.514691331122
2.6   0.542693584122   0.514691684441
2.696   0.542693579022   0.514691895216
2.792   0.542693576342   0.514692020956
2.888   0.542693574934   0.514692095968
2.984   0.542693574194   0.514692140718
3.08   0.542693573805   0.514692167414
3.176   0.542693573601   0.51469218334
3.272   0.542693573493   0.514692192841
3.368   0.542693573437   0.514692198509
3.464   0.542693573407   0.514692201891
3.56   0.542693573392   0.514692203908
3.656   0.542693573384   0.514692205111
3.752   0.542693573379   0.514692205829
3.848   0.542693573377   0.514692206257
3.944   0.542693573376   0.514692206513
4.04   0.542693573375   0.514692206665
4.136   0.542693573375   0.514692206756
4.232   0.542693573375   0.514692206811
4.328   0.542693573375   0.514692206843
4.424   0.542693573375   0.514692206862
4.52   0.542693573375   0.514692206874
4.616   0.542693573375   0.514692206881
4.712   0.542693573375   0.514692206885
4.808   0.542693573375   0.514692206887
4.904   0.542693573375   0.514692206889
5.0   0.542693573375   0.514692206889
5.096   0.542693573375   0.51469220689
5.192   0.542693573375   0.51469220689
5.288   0.542693573375   0.514692206891
5.384   0.542693573375   0.514692206891
5.48   0.542693573375   0.514692206891
5.576   0.542693573375   0.514692206891
5.672   0.542693573375   0.514692206891
5.768   0.542693573375   0.514692206891
5.864   0.542693573375   0.514692206891
5.96   0.542693573375   0.514692206891
6.056   0.542693573375   0.514692206891
6.152   0.542693573375   0.514692206891
6.248   0.542693573375   0.514692206891
6.344   0.542693573375   0.514692206891
6.44   0.542693573375   0.514692206891
6.536   0.542693573375   0.514692206891
6.632   0.542693573375   0.514692206891
6.728   0.542693573375   0.514692206891
6.824   0.542693573375   0.514692206891
6.92   0.542693573375   0.514692206891
7.016   0.542693573375   0.514692206891
7.112   0.542693573375   0.514692206891
7.208   0.542693573375   0.514692206891
7.304   0.542693573375   0.514692206891
7.4   0.542693573375   0.514692206891
7.496   0.542693573375   0.514692206891
7.592   0.542693573375   0.514692206891
7.688   0.542693573375   0.514692206891
7.784   0.542693573375   0.514692206891
7.88   0.542693573375   0.514692206891
7.976   0.542693573375   0.514692206891
8.072   0.542693573375   0.514692206891
8.168   0.542693573375   0.514692206891
8.264   0.542693573375   0.514692206891
8.36   0.542693573375   0.514692206891
8.456   0.542693573375   0.514692206891
8.552   0.542693573375   0.514692206891
8.648   0.542693573375   0.514692206891
8.744   0.542693573375   0.514692206891
8.84   0.542693573375   0.514692206891
8.936   0.542693573375   0.514692206891
9.032   0.542693573375   0.514692206891
9.128   0.542693573375   0.514692206891
9.224   0.542693573375   0.514692206891
9.32   0.542693573375   0.514692206891
9.416   0.542693573375   0.514692206891
9.512   0.542693573375   0.514692206891
9.608   0.542693573375   0.514692206891
9.704   0.542693573375   0.514692206891
