0.2   0.564907708639   0.426390541437
0.296   0.561516938519   0.470090214097
0.392   0.558658639005   0.49814974631
0.488   0.556317898891   0.516195530753
0.584   0.554468778781   0.52737971762
0.68   0.553074203439   0.53402447608
0.776   0.552084307689   0.537867032691
0.872   0.55143253886   0.540050977041
0.968   0.551037131879   0.541269305495
1.064   0.55081484704   0.541935128038
1.16   0.550697218029   0.542292567396
1.256   0.550636946255   0.542482458255
1.352   0.550606927592   0.542582588923
1.448   0.55059215782   0.542635261704
1.544   0.550584937631   0.542662941336
1.64   0.550581419888   0.542677481942
1.736   0.550579708961   0.542685119925
1.832   0.550578877545   0.542689132222
1.928   0.550578473701   0.542691240048
2.024   0.550578277587   0.542692347437
2.12   0.55057818236   0.54269292925
2.216   0.550578136124   0.542693234939
2.312   0.550578113675   0.542693395552
2.408   0.550578102776   0.542693479942
2.504   0.550578097484   0.542693524283
2.6   0.550578094915   0.54269354758
2.696   0.550578093667   0.542693559821
2.792   0.550578093062   0.542693566253
2.888   0.550578092768   0.542693569633
2.984   0.550578092625   0.542693571409
3.08   0.550578092556   0.542693572342
3.176   0.550578092522   0.542693572832
3.272   0.550578092506   0.542693573089
3.368   0.550578092498   0.542693573225
3.464   0.550578092494   0.542693573296
3.56   0.550578092492   0.542693573333
3.656   0.550578092491   0.542693573353
3.752   0.550578092491   0.542693573363
3.848   0.55057809249   0.542693573369
3.944   0.55057809249   0.542693573372
4.04   0.55057809249   0.542693573373
4.136   0.55057809249   0.542693573374
4.232   0.55057809249   0.542693573374
4.328   0.55057809249   0.542693573374
4.424   0.55057809249   0.542693573375
4.52   0.55057809249   0.542693573375
4.616   0.55057809249   0.542693573375
4.712   0.55057809249   0.542693573375
4.808   0.55057809249   0.542693573375
4.904   0.55057809249   0.542693573375
5.0   0.55057809249   0.542693573375
5.096   0.55057809249   0.542693573375
5.192   0.55057809249   0.542693573375
5.288   0.55057809249   0.542693573375
5.384   0.55057809249   0.542693573375
5.48   0.55057809249   0.542693573375
5.576   0.55057809249   0.542693573375
5.672   0.55057809249   0.542693573375
5.768   0.55057809249   0.542693573375
5.864   0.55057809249   0.542693573375
5.96   0.55057809249   0.542693573375
6.056   0.55057809249   0.542693573375
6.152   0.55057809249   0.542693573375
6.248   0.55057809249   0.542693573375
6.344   0.55057809249   0.542693573375
6.44   0.55057809249   0.542693573375
6.536   0.55057809249   0.542693573375
6.632   0.55057809249   0.542693573375
6.728   0.55057809249   0.542693573375
6.824   0.55057809249   0.542693573375
6.92   0.55057809249   0.542693573375
7.016   0.55057809249   0.542693573375
7.112   0.55057809249   0.542693573375
7.208   0.55057809249   0.542693573375
7.304   0.55057809249   0.542693573375
7.4   0.55057809249   0.542693573375
7.496   0.55057809249   0.542693573375
7.592   0.55057809249   0.542693573375
7.688   0.55057809249   0.542693573375
7.784   0.55057809249   0.542693573375
7.88   0.55057809249   0.542693573375
7.976   0.55057809249   0.542693573375
8.072   0.55057809249   0.542693573375
8.168   0.55057809249   0.542693573375
8.264   0.55057809249   0.542693573375
8.36   0.55057809249   0.542693573375
8.456   0.55057809249   0.542693573375
8.552   0.55057809249   0.542693573375
8.648   0.55057809249   0.542693573375
8.744   0.55057809249   0.542693573375
8.84   0.55057809249   0.542693573375
8.936   0.55057809249   0.542693573375
9.032   0.55057809249   0.542693573375
9.128   0.55057809249   0.542693573375
9.224   0.55057809249   0.542693573375
9.32   0.55057809249   0.542693573375
9.416   0.55057809249   0.542693573375
9.512   0.55057809249   0.542693573375
9.608   0.55057809249   0.542693573375
9.704   0.55057809249   0.542693573375
