0.2   0.563582520946   0.415243936784
0.296   0.559569621858   0.457908940881
0.392   0.556103987884   0.486209338671
0.488   0.553164658498   0.505229186298
0.584   0.550716303872   0.517798047826
0.68   0.548713791055   0.525905796014
0.776   0.547106319923   0.531068564424
0.872   0.545841615017   0.534362612967
0.968   0.544869163822   0.536483943618
1.064   0.544142214116   0.53785976229
1.16   0.543618362246   0.538749909792
1.256   0.543257785952   0.539317164527
1.352   0.54302318963   0.53966823014
1.448   0.542879214631   0.539877700065
1.544   0.542795939005   0.5399984433
1.64   0.542748643865   0.540066007553
1.736   0.542722889263   0.540103157542
1.832   0.542709087079   0.54012335686
1.928   0.542701756228   0.540134265349
2.024   0.542697881806   0.540140133323
2.12   0.542695839665   0.540143282985
2.216   0.542694764857   0.540144971582
2.312   0.542694199614   0.540145876301
2.408   0.542693902475   0.540146360871
2.504   0.542693746309   0.540146620363
2.6   0.542693664244   0.54014675931
2.696   0.542693621121   0.540146833707
2.792   0.542693598463   0.540146873541
2.888   0.542693586557   0.540146894869
2.984   0.542693580301   0.540146906288
3.08   0.542693577014   0.540146912402
3.176   0.542693575287   0.540146915675
3.272   0.542693574379   0.540146917428
3.368   0.542693573903   0.540146918366
3.464   0.542693573652   0.540146918869
3.56   0.54269357352   0.540146919138
3.656   0.542693573451   0.540146919282
3.752   0.542693573415   0.540146919359
3.848   0.542693573396   0.5401469194
3.944   0.542693573386   0.540146919422
4.04   0.54269357338   0.540146919434
4.136   0.542693573378   0.54014691944
4.232   0.542693573376   0.540146919444
4.328   0.542693573376   0.540146919446
4.424   0.542693573375   0.540146919446
4.52   0.542693573375   0.540146919447
4.616   0.542693573375   0.540146919447
4.712   0.542693573375   0.540146919447
4.808   0.542693573375   0.540146919448
4.904   0.542693573375   0.540146919448
5.0   0.542693573375   0.540146919448
5.096   0.542693573375   0.540146919448
5.192   0.542693573375   0.540146919448
5.288   0.542693573375   0.540146919448
5.384   0.542693573375   0.540146919448
5.48   0.542693573375   0.540146919448
5.576   0.542693573375   0.540146919448
5.672   0.542693573375   0.540146919448
5.768   0.542693573375   0.540146919448
5.864   0.542693573375   0.540146919448
5.96   0.542693573375   0.540146919448
6.056   0.542693573375   0.540146919448
6.152   0.542693573375   0.540146919448
6.248   0.542693573375   0.540146919448
6.344   0.542693573375   0.540146919448
6.44   0.542693573375   0.540146919448
6.536   0.542693573375   0.540146919448
6.632   0.542693573375   0.540146919448
6.728   0.542693573375   0.540146919448
6.824   0.542693573375   0.540146919448
6.92   0.542693573375   0.540146919448
7.016   0.542693573375   0.540146919448
7.112   0.542693573375   0.540146919448
7.208   0.542693573375   0.540146919448
7.304   0.542693573375   0.540146919448
7.4   0.542693573375   0.540146919448
7.496   0.542693573375   0.540146919448
7.592   0.542693573375   0.540146919448
7.688   0.542693573375   0.540146919448
7.784   0.542693573375   0.540146919448
7.88   0.542693573375   0.540146919448
7.976   0.542693573375   0.540146919448
8.072   0.542693573375   0.540146919448
8.168   0.542693573375   0.540146919448
8.264   0.542693573375   0.540146919448
8.36   0.542693573375   0.540146919448
8.456   0.542693573375   0.540146919448
8.552   0.542693573375   0.540146919448
8.648   0.542693573375   0.540146919448
8.744   0.542693573375   0.540146919448
8.84   0.542693573375   0.540146919448
8.936   0.542693573375   0.540146919448
9.032   0.542693573375   0.540146919448
9.128   0.542693573375   0.540146919448
9.224   0.542693573375   0.540146919448
9.32   0.542693573375   0.540146919448
9.416   0.542693573375   0.540146919448
9.512   0.542693573375   0.540146919448
9.608   0.542693573375   0.540146919448
9.704   0.542693573375   0.540146919448
