0.2   0.561638038642   0.373436607186
0.296   0.556915247375   0.420416603297
0.392   0.552955697601   0.451742135632
0.488   0.549770249962   0.473128892804
0.584   0.547335904075   0.48762224806
0.68   0.545586275303   0.497207040914
0.776   0.544411288395   0.503357923829
0.872   0.543673184869   0.507198370638
0.968   0.543235618662   0.509547414388
1.064   0.542987566175   0.510965500035
1.16   0.542850843622   0.511815447798
1.256   0.542777061451   0.512323551814
1.352   0.542737695565   0.512626892125
1.448   0.542716831696   0.512808033559
1.544   0.542705815977   0.512916265498
1.64   0.542700012395   0.512980973588
1.736   0.54269695848   0.513019680825
1.832   0.542695352545   0.513042844491
1.928   0.542694508358   0.513056710691
2.024   0.542694064687   0.513065013105
2.12   0.542693831538   0.513069984965
2.216   0.542693709025   0.513072962654
2.312   0.54269364465   0.513074746146
2.408   0.542693610825   0.513075814421
2.504   0.542693593053   0.513076454317
2.6   0.542693583714   0.513076837622
2.696   0.542693578807   0.513077067229
2.792   0.542693576229   0.513077204769
2.888   0.542693574874   0.513077287159
2.984   0.542693574163   0.513077336514
3.08   0.542693573789   0.513077366078
3.176   0.542693573592   0.513077383788
3.272   0.542693573489   0.513077394397
3.368   0.542693573435   0.513077400753
3.464   0.542693573406   0.51307740456
3.56   0.542693573391   0.51307740684
3.656   0.542693573383   0.513077408206
3.752   0.542693573379   0.513077409024
3.848   0.542693573377   0.513077409515
3.944   0.542693573376   0.513077409808
4.04   0.542693573375   0.513077409984
4.136   0.542693573375   0.51307741009
4.232   0.542693573375   0.513077410153
4.328   0.542693573375   0.51307741019
4.424   0.542693573375   0.513077410213
4.52   0.542693573375   0.513077410227
4.616   0.542693573375   0.513077410235
4.712   0.542693573375   0.51307741024
4.808   0.542693573375   0.513077410243
4.904   0.542693573375   0.513077410244
5.0   0.542693573375   0.513077410245
5.096   0.542693573375   0.513077410246
5.192   0.542693573375   0.513077410246
5.288   0.542693573375   0.513077410247
5.384   0.542693573375   0.513077410247
5.48   0.542693573375   0.513077410247
5.576   0.542693573375   0.513077410247
5.672   0.542693573375   0.513077410247
5.768   0.542693573375   0.513077410247
5.864   0.542693573375   0.513077410247
5.96   0.542693573375   0.513077410247
6.056   0.542693573375   0.513077410247
6.152   0.542693573375   0.513077410247
6.248   0.542693573375   0.513077410247
6.344   0.542693573375   0.513077410247
6.44   0.542693573375   0.513077410247
6.536   0.542693573375   0.513077410247
6.632   0.542693573375   0.513077410247
6.728   0.542693573375   0.513077410247
6.824   0.542693573375   0.513077410247
6.92   0.542693573375   0.513077410247
7.016   0.542693573375   0.513077410247
7.112   0.542693573375   0.513077410247
7.208   0.542693573375   0.513077410247
7.304   0.542693573375   0.513077410247
7.4   0.542693573375   0.513077410247
7.496   0.542693573375   0.513077410247
7.592   0.542693573375   0.513077410247
7.688   0.542693573375   0.513077410247
7.784   0.542693573375   0.513077410247
7.88   0.542693573375   0.513077410247
7.976   0.542693573375   0.513077410247
8.072   0.542693573375   0.513077410247
8.168   0.542693573375   0.513077410247
8.264   0.542693573375   0.513077410247
8.36   0.542693573375   0.513077410247
8.456   0.542693573375   0.513077410247
8.552   0.542693573375   0.513077410247
8.648   0.542693573375   0.513077410247
8.744   0.542693573375   0.513077410247
8.84   0.542693573375   0.513077410247
8.936   0.542693573375   0.513077410247
9.032   0.542693573375   0.513077410247
9.128   0.542693573375   0.513077410247
9.224   0.542693573375   0.513077410247
9.32   0.542693573375   0.513077410247
9.416   0.542693573375   0.513077410247
9.512   0.542693573375   0.513077410247
9.608   0.542693573375   0.513077410247
9.704   0.542693573375   0.513077410247
