0.2   0.562217001375   0.385942424338
0.296   0.557671609908   0.432376955118
0.392   0.553801351064   0.463250143803
0.488   0.550612147046   0.484254734707
0.584   0.548088965537   0.498423693766
0.68   0.546191651535   0.507743713408
0.776   0.54484933962   0.513691632988
0.872   0.543961335177   0.517381057668
0.968   0.543410973403   0.51961568183
1.064   0.543088272991   0.52094517298
1.16   0.542906834909   0.521726895213
1.256   0.542807376803   0.522183456798
1.352   0.542753895644   0.522449336047
1.448   0.542725424113   0.522603926809
1.544   0.542710354172   0.522693821641
1.64   0.542702403697   0.522746089351
1.736   0.542698216899   0.522776492214
1.832   0.542696014318   0.522794181809
1.928   0.542694856234   0.522804476683
2.024   0.542694247518   0.52281046906
2.12   0.542693927616   0.522813957497
2.216   0.542693759511   0.522815988447
2.312   0.542693671178   0.522817170925
2.408   0.542693624764   0.522817859423
2.504   0.542693600376   0.522818260311
2.6   0.542693587562   0.522818493738
2.696   0.542693580829   0.522818629658
2.792   0.542693577292   0.522818708802
2.888   0.542693575433   0.522818754887
2.984   0.542693574456   0.522818781721
3.08   0.542693573943   0.522818797346
3.176   0.542693573673   0.522818806445
3.272   0.542693573532   0.522818811743
3.368   0.542693573457   0.522818814828
3.464   0.542693573418   0.522818816624
3.56   0.542693573397   0.52281881767
3.656   0.542693573387   0.522818818279
3.752   0.542693573381   0.522818818634
3.848   0.542693573378   0.52281881884
3.944   0.542693573376   0.522818818961
4.04   0.542693573376   0.522818819031
4.136   0.542693573375   0.522818819071
4.232   0.542693573375   0.522818819095
4.328   0.542693573375   0.522818819109
4.424   0.542693573375   0.522818819117
4.52   0.542693573375   0.522818819122
4.616   0.542693573375   0.522818819124
4.712   0.542693573375   0.522818819126
4.808   0.542693573375   0.522818819127
4.904   0.542693573375   0.522818819128
5.0   0.542693573375   0.522818819128
5.096   0.542693573375   0.522818819128
5.192   0.542693573375   0.522818819128
5.288   0.542693573375   0.522818819128
5.384   0.542693573375   0.522818819128
5.48   0.542693573375   0.522818819128
5.576   0.542693573375   0.522818819128
5.672   0.542693573375   0.522818819128
5.768   0.542693573375   0.522818819128
5.864   0.542693573375   0.522818819128
5.96   0.542693573375   0.522818819128
6.056   0.542693573375   0.522818819128
6.152   0.542693573375   0.522818819128
6.248   0.542693573375   0.522818819128
6.344   0.542693573375   0.522818819128
6.44   0.542693573375   0.522818819128
6.536   0.542693573375   0.522818819128
6.632   0.542693573375   0.522818819128
6.728   0.542693573375   0.522818819128
6.824   0.542693573375   0.522818819128
6.92   0.542693573375   0.522818819128
7.016   0.542693573375   0.522818819128
7.112   0.542693573375   0.522818819128
7.208   0.542693573375   0.522818819128
7.304   0.542693573375   0.522818819128
7.4   0.542693573375   0.522818819128
7.496   0.542693573375   0.522818819128
7.592   0.542693573375   0.522818819128
7.688   0.542693573375   0.522818819128
7.784   0.542693573375   0.522818819128
7.88   0.542693573375   0.522818819128
7.976   0.542693573375   0.522818819128
8.072   0.542693573375   0.522818819128
8.168   0.542693573375   0.522818819128
8.264   0.542693573375   0.522818819128
8.36   0.542693573375   0.522818819128
8.456   0.542693573375   0.522818819128
8.552   0.542693573375   0.522818819128
8.648   0.542693573375   0.522818819128
8.744   0.542693573375   0.522818819128
8.84   0.542693573375   0.522818819128
8.936   0.542693573375   0.522818819128
9.032   0.542693573375   0.522818819128
9.128   0.542693573375   0.522818819128
9.224   0.542693573375   0.522818819128
9.32   0.542693573375   0.522818819128
9.416   0.542693573375   0.522818819128
9.512   0.542693573375   0.522818819128
9.608   0.542693573375   0.522818819128
9.704   0.542693573375   0.522818819128
