0.2   0.566396342043   0.438093551285
0.296   0.563822876082   0.481662187454
0.392   0.561860880431   0.508439600642
0.488   0.560489530655   0.524444235718
0.584   0.559632685448   0.533321942204
0.68   0.559159228572   0.53793936371
0.776   0.558924520281   0.540275088853
0.872   0.558816944857   0.541453839242
0.968   0.558769605123   0.542053176039
1.064   0.558749352563   0.542360865311
1.16   0.558740783549   0.542519970397
1.256   0.558737176803   0.542602760861
1.352   0.55873566235   0.542645981565
1.448   0.558735027134   0.542668605648
1.544   0.558734760832   0.542680466383
1.64   0.558734649215   0.542686690156
1.736   0.558734602436   0.542689957807
1.832   0.558734582832   0.542691673971
1.928   0.558734574617   0.542692575467
2.024   0.558734571174   0.542693049073
2.12   0.558734569731   0.542693297899
2.216   0.558734569127   0.542693428634
2.312   0.558734568873   0.542693497324
2.408   0.558734568767   0.542693533416
2.504   0.558734568723   0.542693552379
2.6   0.558734568704   0.542693562343
2.696   0.558734568696   0.542693567578
2.792   0.558734568693   0.542693570329
2.888   0.558734568691   0.542693571774
2.984   0.558734568691   0.542693572534
3.08   0.558734568691   0.542693572933
3.176   0.558734568691   0.542693573143
3.272   0.558734568691   0.542693573253
3.368   0.55873456869   0.542693573311
3.464   0.55873456869   0.542693573341
3.56   0.55873456869   0.542693573357
3.656   0.55873456869   0.542693573365
3.752   0.55873456869   0.54269357337
3.848   0.55873456869   0.542693573372
3.944   0.55873456869   0.542693573373
4.04   0.55873456869   0.542693573374
4.136   0.55873456869   0.542693573374
4.232   0.55873456869   0.542693573374
4.328   0.55873456869   0.542693573375
4.424   0.55873456869   0.542693573375
4.52   0.55873456869   0.542693573375
4.616   0.55873456869   0.542693573375
4.712   0.55873456869   0.542693573375
4.808   0.55873456869   0.542693573375
4.904   0.55873456869   0.542693573375
5.0   0.55873456869   0.542693573375
5.096   0.55873456869   0.542693573375
5.192   0.55873456869   0.542693573375
5.288   0.55873456869   0.542693573375
5.384   0.55873456869   0.542693573375
5.48   0.55873456869   0.542693573375
5.576   0.55873456869   0.542693573375
5.672   0.55873456869   0.542693573375
5.768   0.55873456869   0.542693573375
5.864   0.55873456869   0.542693573375
5.96   0.55873456869   0.542693573375
6.056   0.55873456869   0.542693573375
6.152   0.55873456869   0.542693573375
6.248   0.55873456869   0.542693573375
6.344   0.55873456869   0.542693573375
6.44   0.55873456869   0.542693573375
6.536   0.55873456869   0.542693573375
6.632   0.55873456869   0.542693573375
6.728   0.55873456869   0.542693573375
6.824   0.55873456869   0.542693573375
6.92   0.55873456869   0.542693573375
7.016   0.55873456869   0.542693573375
7.112   0.55873456869   0.542693573375
7.208   0.55873456869   0.542693573375
7.304   0.55873456869   0.542693573375
7.4   0.55873456869   0.542693573375
7.496   0.55873456869   0.542693573375
7.592   0.55873456869   0.542693573375
7.688   0.55873456869   0.542693573375
7.784   0.55873456869   0.542693573375
7.88   0.55873456869   0.542693573375
7.976   0.55873456869   0.542693573375
8.072   0.55873456869   0.542693573375
8.168   0.55873456869   0.542693573375
8.264   0.55873456869   0.542693573375
8.36   0.55873456869   0.542693573375
8.456   0.55873456869   0.542693573375
8.552   0.55873456869   0.542693573375
8.648   0.55873456869   0.542693573375
8.744   0.55873456869   0.542693573375
8.84   0.55873456869   0.542693573375
8.936   0.55873456869   0.542693573375
9.032   0.55873456869   0.542693573375
9.128   0.55873456869   0.542693573375
9.224   0.55873456869   0.542693573375
9.32   0.55873456869   0.542693573375
9.416   0.55873456869   0.542693573375
9.512   0.55873456869   0.542693573375
9.608   0.55873456869   0.542693573375
9.704   0.55873456869   0.542693573375
