0.2   0.562346950948   0.406143081479
0.296   0.55786888118   0.445935902029
0.392   0.554052474287   0.473126136322
0.488   0.550893040655   0.49191354107
0.584   0.548368911763   0.504701827003
0.68   0.546440517107   0.513164663867
0.776   0.545046395468   0.518594292323
0.872   0.544100953191   0.52197849183
0.968   0.543500762815   0.524033968768
1.064   0.543141880094   0.525255778157
1.16   0.54293732793   0.52597052187
1.256   0.542824101822   0.526384352739
1.352   0.542762899157   0.526622686142
1.448   0.542730219045   0.526759505804
1.544   0.542712892341   0.526837966078
1.64   0.542703742752   0.526882944042
1.736   0.542698922037   0.526908727297
1.832   0.542696385264   0.526923508686
1.928   0.542695051268   0.526931983757
2.024   0.54269435003   0.526936843539
2.12   0.542693981489   0.526939630467
2.216   0.542693787821   0.526941228776
2.312   0.542693686054   0.526942145447
2.408   0.542693632581   0.526942671197
2.504   0.542693604483   0.526942972741
2.6   0.54269358972   0.526943145695
2.696   0.542693581963   0.526943244895
2.792   0.542693577887   0.526943301793
2.888   0.542693575746   0.526943334428
2.984   0.54269357462   0.526943353146
3.08   0.542693574029   0.526943363883
3.176   0.542693573719   0.526943370041
3.272   0.542693573555   0.526943373573
3.368   0.54269357347   0.526943375599
3.464   0.542693573425   0.526943376761
3.56   0.542693573401   0.526943377427
3.656   0.542693573388   0.526943377809
3.752   0.542693573382   0.526943378029
3.848   0.542693573378   0.526943378154
3.944   0.542693573377   0.526943378226
4.04   0.542693573376   0.526943378268
4.136   0.542693573375   0.526943378292
4.232   0.542693573375   0.526943378305
4.328   0.542693573375   0.526943378313
4.424   0.542693573375   0.526943378317
4.52   0.542693573375   0.52694337832
4.616   0.542693573375   0.526943378321
4.712   0.542693573375   0.526943378322
4.808   0.542693573375   0.526943378323
4.904   0.542693573375   0.526943378323
5.0   0.542693573375   0.526943378323
5.096   0.542693573375   0.526943378323
5.192   0.542693573375   0.526943378323
5.288   0.542693573375   0.526943378323
5.384   0.542693573375   0.526943378323
5.48   0.542693573375   0.526943378323
5.576   0.542693573375   0.526943378323
5.672   0.542693573375   0.526943378323
5.768   0.542693573375   0.526943378323
5.864   0.542693573375   0.526943378323
5.96   0.542693573375   0.526943378323
6.056   0.542693573375   0.526943378323
6.152   0.542693573375   0.526943378323
6.248   0.542693573375   0.526943378323
6.344   0.542693573375   0.526943378323
6.44   0.542693573375   0.526943378323
6.536   0.542693573375   0.526943378323
6.632   0.542693573375   0.526943378323
6.728   0.542693573375   0.526943378323
6.824   0.542693573375   0.526943378323
6.92   0.542693573375   0.526943378323
7.016   0.542693573375   0.526943378323
7.112   0.542693573375   0.526943378323
7.208   0.542693573375   0.526943378323
7.304   0.542693573375   0.526943378323
7.4   0.542693573375   0.526943378323
7.496   0.542693573375   0.526943378323
7.592   0.542693573375   0.526943378323
7.688   0.542693573375   0.526943378323
7.784   0.542693573375   0.526943378323
7.88   0.542693573375   0.526943378323
7.976   0.542693573375   0.526943378323
8.072   0.542693573375   0.526943378323
8.168   0.542693573375   0.526943378323
8.264   0.542693573375   0.526943378323
8.36   0.542693573375   0.526943378323
8.456   0.542693573375   0.526943378323
8.552   0.542693573375   0.526943378323
8.648   0.542693573375   0.526943378323
8.744   0.542693573375   0.526943378323
8.84   0.542693573375   0.526943378323
8.936   0.542693573375   0.526943378323
9.032   0.542693573375   0.526943378323
9.128   0.542693573375   0.526943378323
9.224   0.542693573375   0.526943378323
9.32   0.542693573375   0.526943378323
9.416   0.542693573375   0.526943378323
9.512   0.542693573375   0.526943378323
9.608   0.542693573375   0.526943378323
9.704   0.542693573375   0.526943378323
