0.2   0.565722939231   0.448278665943
0.296   0.562811168909   0.484950524056
0.392   0.560492087682   0.508683468829
0.488   0.55875190439   0.523617637244
0.584   0.557546943099   0.532420753308
0.68   0.556791444511   0.537291341753
0.776   0.556364734102   0.539881715629
0.872   0.556144678446   0.541233638845
0.968   0.556038379183   0.54193456841
1.064   0.555988768963   0.542297953119
1.16   0.555966187907   0.542486876802
1.256   0.55595601547   0.542585368206
1.352   0.55595145634   0.542636850848
1.448   0.555949418074   0.542663812065
1.544   0.555948507902   0.542677949288
1.64   0.5559481017   0.54268536818
1.736   0.555947920465   0.5426892634
1.832   0.555947839613   0.542691309174
1.928   0.555947803545   0.542692383813
2.024   0.555947787456   0.542692948379
2.12   0.55594778028   0.542693244993
2.216   0.555947777078   0.542693400836
2.312   0.55594777565   0.542693482719
2.408   0.555947775013   0.542693525742
2.504   0.555947774729   0.542693548347
2.6   0.555947774602   0.542693560224
2.696   0.555947774546   0.542693566465
2.792   0.555947774521   0.542693569744
2.888   0.555947774509   0.542693571467
2.984   0.555947774504   0.542693572372
3.08   0.555947774502   0.542693572848
3.176   0.555947774501   0.542693573098
3.272   0.555947774501   0.542693573229
3.368   0.555947774501   0.542693573298
3.464   0.5559477745   0.542693573335
3.56   0.5559477745   0.542693573354
3.656   0.5559477745   0.542693573364
3.752   0.5559477745   0.542693573369
3.848   0.5559477745   0.542693573372
3.944   0.5559477745   0.542693573373
4.04   0.5559477745   0.542693573374
4.136   0.5559477745   0.542693573374
4.232   0.5559477745   0.542693573374
4.328   0.5559477745   0.542693573375
4.424   0.5559477745   0.542693573375
4.52   0.5559477745   0.542693573375
4.616   0.5559477745   0.542693573375
4.712   0.5559477745   0.542693573375
4.808   0.5559477745   0.542693573375
4.904   0.5559477745   0.542693573375
5.0   0.5559477745   0.542693573375
5.096   0.5559477745   0.542693573375
5.192   0.5559477745   0.542693573375
5.288   0.5559477745   0.542693573375
5.384   0.5559477745   0.542693573375
5.48   0.5559477745   0.542693573375
5.576   0.5559477745   0.542693573375
5.672   0.5559477745   0.542693573375
5.768   0.5559477745   0.542693573375
5.864   0.5559477745   0.542693573375
5.96   0.5559477745   0.542693573375
6.056   0.5559477745   0.542693573375
6.152   0.5559477745   0.542693573375
6.248   0.5559477745   0.542693573375
6.344   0.5559477745   0.542693573375
6.44   0.5559477745   0.542693573375
6.536   0.5559477745   0.542693573375
6.632   0.5559477745   0.542693573375
6.728   0.5559477745   0.542693573375
6.824   0.5559477745   0.542693573375
6.92   0.5559477745   0.542693573375
7.016   0.5559477745   0.542693573375
7.112   0.5559477745   0.542693573375
7.208   0.5559477745   0.542693573375
7.304   0.5559477745   0.542693573375
7.4   0.5559477745   0.542693573375
7.496   0.5559477745   0.542693573375
7.592   0.5559477745   0.542693573375
7.688   0.5559477745   0.542693573375
7.784   0.5559477745   0.542693573375
7.88   0.5559477745   0.542693573375
7.976   0.5559477745   0.542693573375
8.072   0.5559477745   0.542693573375
8.168   0.5559477745   0.542693573375
8.264   0.5559477745   0.542693573375
8.36   0.5559477745   0.542693573375
8.456   0.5559477745   0.542693573375
8.552   0.5559477745   0.542693573375
8.648   0.5559477745   0.542693573375
8.744   0.5559477745   0.542693573375
8.84   0.5559477745   0.542693573375
8.936   0.5559477745   0.542693573375
9.032   0.5559477745   0.542693573375
9.128   0.5559477745   0.542693573375
9.224   0.5559477745   0.542693573375
9.32   0.5559477745   0.542693573375
9.416   0.5559477745   0.542693573375
9.512   0.5559477745   0.542693573375
9.608   0.5559477745   0.542693573375
9.704   0.5559477745   0.542693573375
