0.2   0.564062750314   0.414568208234
0.296   0.560252079569   0.459793139922
0.392   0.556966146094   0.48919722876
0.488   0.554183970393   0.508595342159
0.584   0.551870321892   0.521143867618
0.68   0.549980119648   0.529053131782
0.776   0.548462439211   0.53398664115
0.872   0.547264667919   0.537089291079
0.968   0.546335881679   0.539074873394
1.064   0.545629321811   0.540367670773
1.16   0.545103832188   0.541218653547
1.256   0.544724393926   0.541778994285
1.352   0.544460413873   0.542143300643
1.448   0.544285811692   0.542373220498
1.544   0.544176764275   0.542513265632
1.64   0.544113484138   0.542594447561
1.736   0.544076692321   0.542639977924
1.832   0.544056644534   0.542664921051
1.928   0.544045957239   0.542678367106
2.024   0.544040326387   0.542685538871
2.12   0.544037378583   0.542689339029
2.216   0.54403584068   0.54269134494
2.312   0.544035039804   0.542692401495
2.408   0.544034623143   0.54269295736
2.504   0.544034406483   0.542693249627
2.6   0.544034293852   0.542693403247
2.696   0.544034235308   0.542693483979
2.792   0.544034204881   0.542693526402
2.888   0.544034189067   0.542693548693
2.984   0.544034180849   0.542693560406
3.08   0.544034176577   0.542693566561
3.176   0.544034174358   0.542693569794
3.272   0.544034173204   0.542693571493
3.368   0.544034172604   0.542693572386
3.464   0.544034172293   0.542693572855
3.56   0.544034172131   0.542693573102
3.656   0.544034172047   0.542693573231
3.752   0.544034172003   0.542693573299
3.848   0.54403417198   0.542693573335
3.944   0.544034171968   0.542693573354
4.04   0.544034171962   0.542693573364
4.136   0.544034171959   0.542693573369
4.232   0.544034171958   0.542693573372
4.328   0.544034171957   0.542693573373
4.424   0.544034171956   0.542693573374
4.52   0.544034171956   0.542693573374
4.616   0.544034171956   0.542693573374
4.712   0.544034171956   0.542693573375
4.808   0.544034171956   0.542693573375
4.904   0.544034171956   0.542693573375
5.0   0.544034171956   0.542693573375
5.096   0.544034171956   0.542693573375
5.192   0.544034171956   0.542693573375
5.288   0.544034171956   0.542693573375
5.384   0.544034171956   0.542693573375
5.48   0.544034171956   0.542693573375
5.576   0.544034171956   0.542693573375
5.672   0.544034171956   0.542693573375
5.768   0.544034171956   0.542693573375
5.864   0.544034171956   0.542693573375
5.96   0.544034171956   0.542693573375
6.056   0.544034171956   0.542693573375
6.152   0.544034171956   0.542693573375
6.248   0.544034171956   0.542693573375
6.344   0.544034171956   0.542693573375
6.44   0.544034171956   0.542693573375
6.536   0.544034171956   0.542693573375
6.632   0.544034171956   0.542693573375
6.728   0.544034171956   0.542693573375
6.824   0.544034171956   0.542693573375
6.92   0.544034171956   0.542693573375
7.016   0.544034171956   0.542693573375
7.112   0.544034171956   0.542693573375
7.208   0.544034171956   0.542693573375
7.304   0.544034171956   0.542693573375
7.4   0.544034171956   0.542693573375
7.496   0.544034171956   0.542693573375
7.592   0.544034171956   0.542693573375
7.688   0.544034171956   0.542693573375
7.784   0.544034171956   0.542693573375
7.88   0.544034171956   0.542693573375
7.976   0.544034171956   0.542693573375
8.072   0.544034171956   0.542693573375
8.168   0.544034171956   0.542693573375
8.264   0.544034171956   0.542693573375
8.36   0.544034171956   0.542693573375
8.456   0.544034171956   0.542693573375
8.552   0.544034171956   0.542693573375
8.648   0.544034171956   0.542693573375
8.744   0.544034171956   0.542693573375
8.84   0.544034171956   0.542693573375
8.936   0.544034171956   0.542693573375
9.032   0.544034171956   0.542693573375
9.128   0.544034171956   0.542693573375
9.224   0.544034171956   0.542693573375
9.32   0.544034171956   0.542693573375
9.416   0.544034171956   0.542693573375
9.512   0.544034171956   0.542693573375
9.608   0.544034171956   0.542693573375
9.704   0.544034171956   0.542693573375
