0.2   0.563289417107   0.419538760943
0.296   0.559168375081   0.45911401295
0.392   0.555617576585   0.485854645698
0.488   0.552615862102   0.504082972381
0.584   0.550128244594   0.516289922515
0.68   0.548110639518   0.524261727159
0.776   0.546513883533   0.529379844743
0.872   0.545287183049   0.532644987025
0.968   0.544379630547   0.534720776979
1.064   0.543739704296   0.536027708325
1.16   0.543313474983   0.536833960126
1.256   0.543046564626   0.537317286707
1.352   0.542889236221   0.537598224473
1.448   0.542799358214   0.537757502178
1.544   0.542750060317   0.537846353143
1.64   0.542723520033   0.537895198624
1.736   0.542709385412   0.537921930639
1.832   0.542701903568   0.537936509197
1.928   0.542697956583   0.537944444494
2.024   0.542695878221   0.537948759365
2.12   0.542694784912   0.537951104352
2.216   0.542694210095   0.537952378423
2.312   0.542693907967   0.53795307055
2.408   0.542693749191   0.537953446515
2.504   0.542693665757   0.537953650733
2.6   0.542693621916   0.537953761659
2.696   0.54269359888   0.53795382191
2.792   0.542693586776   0.537953854637
2.888   0.542693580416   0.537953872412
2.984   0.542693577074   0.537953882068
3.08   0.542693575319   0.537953887312
3.176   0.542693574396   0.537953890161
3.272   0.542693573911   0.537953891708
3.368   0.542693573657   0.537953892548
3.464   0.542693573523   0.537953893005
3.56   0.542693573453   0.537953893253
3.656   0.542693573416   0.537953893387
3.752   0.542693573396   0.53795389346
3.848   0.542693573386   0.5379538935
3.944   0.542693573381   0.537953893522
4.04   0.542693573378   0.537953893533
4.136   0.542693573376   0.53795389354
4.232   0.542693573376   0.537953893543
4.328   0.542693573375   0.537953893545
4.424   0.542693573375   0.537953893546
4.52   0.542693573375   0.537953893547
4.616   0.542693573375   0.537953893547
4.712   0.542693573375   0.537953893547
4.808   0.542693573375   0.537953893547
4.904   0.542693573375   0.537953893547
5.0   0.542693573375   0.537953893547
5.096   0.542693573375   0.537953893547
5.192   0.542693573375   0.537953893547
5.288   0.542693573375   0.537953893547
5.384   0.542693573375   0.537953893547
5.48   0.542693573375   0.537953893547
5.576   0.542693573375   0.537953893547
5.672   0.542693573375   0.537953893547
5.768   0.542693573375   0.537953893547
5.864   0.542693573375   0.537953893547
5.96   0.542693573375   0.537953893547
6.056   0.542693573375   0.537953893547
6.152   0.542693573375   0.537953893547
6.248   0.542693573375   0.537953893547
6.344   0.542693573375   0.537953893547
6.44   0.542693573375   0.537953893547
6.536   0.542693573375   0.537953893547
6.632   0.542693573375   0.537953893547
6.728   0.542693573375   0.537953893547
6.824   0.542693573375   0.537953893547
6.92   0.542693573375   0.537953893547
7.016   0.542693573375   0.537953893547
7.112   0.542693573375   0.537953893547
7.208   0.542693573375   0.537953893547
7.304   0.542693573375   0.537953893547
7.4   0.542693573375   0.537953893547
7.496   0.542693573375   0.537953893547
7.592   0.542693573375   0.537953893547
7.688   0.542693573375   0.537953893547
7.784   0.542693573375   0.537953893547
7.88   0.542693573375   0.537953893547
7.976   0.542693573375   0.537953893547
8.072   0.542693573375   0.537953893547
8.168   0.542693573375   0.537953893547
8.264   0.542693573375   0.537953893547
8.36   0.542693573375   0.537953893547
8.456   0.542693573375   0.537953893547
8.552   0.542693573375   0.537953893547
8.648   0.542693573375   0.537953893547
8.744   0.542693573375   0.537953893547
8.84   0.542693573375   0.537953893547
8.936   0.542693573375   0.537953893547
9.032   0.542693573375   0.537953893547
9.128   0.542693573375   0.537953893547
9.224   0.542693573375   0.537953893547
9.32   0.542693573375   0.537953893547
9.416   0.542693573375   0.537953893547
9.512   0.542693573375   0.537953893547
9.608   0.542693573375   0.537953893547
9.704   0.542693573375   0.537953893547
