0.2   0.563279932877   0.421159601288
0.296   0.559158523262   0.460064367054
0.392   0.555609204756   0.486435422204
0.488   0.55261008427   0.504447170911
0.584   0.55012550142   0.51652572136
0.68   0.54811079568   0.524422717445
0.776   0.546516350585   0.529498228647
0.872   0.545291072681   0.532739580278
0.968   0.544383954777   0.53480247633
1.064   0.543743623354   0.536102813275
1.16   0.543316500491   0.536905985422
1.256   0.543048618541   0.537388015821
1.352   0.542890522351   0.537668438749
1.448   0.542800097584   0.537827509779
1.544   0.54275046885   0.537916252544
1.64   0.542723740721   0.537965036465
1.736   0.542709503128   0.537991728728
1.832   0.542701965924   0.538006280996
1.928   0.54269798949   0.538014199058
2.024   0.542695895551   0.53801850284
2.12   0.54269479403   0.53802084083
2.216   0.542694214888   0.538022110561
2.312   0.542693910486   0.538022800034
2.408   0.542693750515   0.538023174396
2.504   0.542693666453   0.538023377655
2.6   0.542693622282   0.538023488012
2.696   0.542693599072   0.538023547929
2.792   0.542693586877   0.538023580459
2.888   0.542693580469   0.538023598121
2.984   0.542693577102   0.53802360771
3.08   0.542693575333   0.538023612916
3.176   0.542693574404   0.538023615743
3.272   0.542693573915   0.538023617277
3.368   0.542693573659   0.538023618111
3.464   0.542693573524   0.538023618563
3.56   0.542693573453   0.538023618809
3.656   0.542693573416   0.538023618942
3.752   0.542693573396   0.538023619014
3.848   0.542693573386   0.538023619054
3.944   0.542693573381   0.538023619075
4.04   0.542693573378   0.538023619087
4.136   0.542693573376   0.538023619093
4.232   0.542693573376   0.538023619096
4.328   0.542693573375   0.538023619098
4.424   0.542693573375   0.538023619099
4.52   0.542693573375   0.5380236191
4.616   0.542693573375   0.5380236191
4.712   0.542693573375   0.5380236191
4.808   0.542693573375   0.5380236191
4.904   0.542693573375   0.5380236191
5.0   0.542693573375   0.5380236191
5.096   0.542693573375   0.5380236191
5.192   0.542693573375   0.5380236191
5.288   0.542693573375   0.5380236191
5.384   0.542693573375   0.5380236191
5.48   0.542693573375   0.5380236191
5.576   0.542693573375   0.5380236191
5.672   0.542693573375   0.5380236191
5.768   0.542693573375   0.5380236191
5.864   0.542693573375   0.5380236191
5.96   0.542693573375   0.5380236191
6.056   0.542693573375   0.5380236191
6.152   0.542693573375   0.5380236191
6.248   0.542693573375   0.5380236191
6.344   0.542693573375   0.5380236191
6.44   0.542693573375   0.5380236191
6.536   0.542693573375   0.5380236191
6.632   0.542693573375   0.5380236191
6.728   0.542693573375   0.5380236191
6.824   0.542693573375   0.5380236191
6.92   0.542693573375   0.5380236191
7.016   0.542693573375   0.5380236191
7.112   0.542693573375   0.5380236191
7.208   0.542693573375   0.5380236191
7.304   0.542693573375   0.5380236191
7.4   0.542693573375   0.5380236191
7.496   0.542693573375   0.5380236191
7.592   0.542693573375   0.5380236191
7.688   0.542693573375   0.5380236191
7.784   0.542693573375   0.5380236191
7.88   0.542693573375   0.5380236191
7.976   0.542693573375   0.5380236191
8.072   0.542693573375   0.5380236191
8.168   0.542693573375   0.5380236191
8.264   0.542693573375   0.5380236191
8.36   0.542693573375   0.5380236191
8.456   0.542693573375   0.5380236191
8.552   0.542693573375   0.5380236191
8.648   0.542693573375   0.5380236191
8.744   0.542693573375   0.5380236191
8.84   0.542693573375   0.5380236191
8.936   0.542693573375   0.5380236191
9.032   0.542693573375   0.5380236191
9.128   0.542693573375   0.5380236191
9.224   0.542693573375   0.5380236191
9.32   0.542693573375   0.5380236191
9.416   0.542693573375   0.5380236191
9.512   0.542693573375   0.5380236191
9.608   0.542693573375   0.5380236191
9.704   0.542693573375   0.5380236191
