0.2   0.565595184378   0.438303612363
0.296   0.562585970532   0.479116784326
0.392   0.560147895704   0.505155995205
0.488   0.55827132076   0.521497536842
0.584   0.556923804534   0.531179161716
0.68   0.556038356598   0.536586057821
0.776   0.555512010221   0.539493036126
0.872   0.555227194908   0.541024687809
0.968   0.5550841062   0.541824002789
1.064   0.555015123249   0.542239851567
1.16   0.554982911897   0.542456446469
1.256   0.554968074183   0.5425694272
1.352   0.554961286485   0.542628494553
1.448   0.554958191993   0.542659428671
1.544   0.55495678358   0.542675648649
1.64   0.55495614308   0.5426841602
1.736   0.554955851914   0.542688628966
1.832   0.554955719577   0.542690975911
1.928   0.554955659435   0.542692208734
2.024   0.554955632103   0.542692856395
2.12   0.554955619683   0.542693196665
2.216   0.554955614038   0.542693375444
2.312   0.554955611473   0.542693469377
2.408   0.554955610308   0.542693518731
2.504   0.554955609778   0.542693544664
2.6   0.554955609537   0.542693558289
2.696   0.554955609428   0.542693565448
2.792   0.554955609378   0.54269356921
2.888   0.554955609356   0.542693571186
2.984   0.554955609346   0.542693572225
3.08   0.554955609341   0.542693572771
3.176   0.554955609339   0.542693573057
3.272   0.554955609338   0.542693573208
3.368   0.554955609337   0.542693573287
3.464   0.554955609337   0.542693573329
3.56   0.554955609337   0.54269357335
3.656   0.554955609337   0.542693573362
3.752   0.554955609337   0.542693573368
3.848   0.554955609337   0.542693573371
3.944   0.554955609337   0.542693573373
4.04   0.554955609337   0.542693573374
4.136   0.554955609337   0.542693573374
4.232   0.554955609337   0.542693573374
4.328   0.554955609337   0.542693573375
4.424   0.554955609337   0.542693573375
4.52   0.554955609337   0.542693573375
4.616   0.554955609337   0.542693573375
4.712   0.554955609337   0.542693573375
4.808   0.554955609337   0.542693573375
4.904   0.554955609337   0.542693573375
5.0   0.554955609337   0.542693573375
5.096   0.554955609337   0.542693573375
5.192   0.554955609337   0.542693573375
5.288   0.554955609337   0.542693573375
5.384   0.554955609337   0.542693573375
5.48   0.554955609337   0.542693573375
5.576   0.554955609337   0.542693573375
5.672   0.554955609337   0.542693573375
5.768   0.554955609337   0.542693573375
5.864   0.554955609337   0.542693573375
5.96   0.554955609337   0.542693573375
6.056   0.554955609337   0.542693573375
6.152   0.554955609337   0.542693573375
6.248   0.554955609337   0.542693573375
6.344   0.554955609337   0.542693573375
6.44   0.554955609337   0.542693573375
6.536   0.554955609337   0.542693573375
6.632   0.554955609337   0.542693573375
6.728   0.554955609337   0.542693573375
6.824   0.554955609337   0.542693573375
6.92   0.554955609337   0.542693573375
7.016   0.554955609337   0.542693573375
7.112   0.554955609337   0.542693573375
7.208   0.554955609337   0.542693573375
7.304   0.554955609337   0.542693573375
7.4   0.554955609337   0.542693573375
7.496   0.554955609337   0.542693573375
7.592   0.554955609337   0.542693573375
7.688   0.554955609337   0.542693573375
7.784   0.554955609337   0.542693573375
7.88   0.554955609337   0.542693573375
7.976   0.554955609337   0.542693573375
8.072   0.554955609337   0.542693573375
8.168   0.554955609337   0.542693573375
8.264   0.554955609337   0.542693573375
8.36   0.554955609337   0.542693573375
8.456   0.554955609337   0.542693573375
8.552   0.554955609337   0.542693573375
8.648   0.554955609337   0.542693573375
8.744   0.554955609337   0.542693573375
8.84   0.554955609337   0.542693573375
8.936   0.554955609337   0.542693573375
9.032   0.554955609337   0.542693573375
9.128   0.554955609337   0.542693573375
9.224   0.554955609337   0.542693573375
9.32   0.554955609337   0.542693573375
9.416   0.554955609337   0.542693573375
9.512   0.554955609337   0.542693573375
9.608   0.554955609337   0.542693573375
9.704   0.554955609337   0.542693573375
