0.2   0.565157210416   0.432799983676
0.296   0.561906815003   0.474573232266
0.392   0.559203245698   0.50144497281
0.488   0.557034056699   0.518621086799
0.584   0.555373855025   0.529114874146
0.68   0.5541799005   0.535216577885
0.776   0.553386396959   0.538647171002
0.872   0.552903566774   0.540533137822
0.968   0.55263356618   0.541551030217
1.064   0.552492492882   0.542092519558
1.16   0.552421515477   0.542378056007
1.256   0.552386913649   0.542528095658
1.352   0.552370274896   0.542606722176
1.448   0.552362331278   0.542647984923
1.544   0.552358552818   0.542669636322
1.64   0.552356758895   0.542681001769
1.736   0.552355907976   0.542686969737
1.832   0.552355504541   0.542690104224
1.928   0.55235531331   0.542691750767
2.024   0.552355222676   0.54269261578
2.12   0.552355179722   0.542693070244
2.216   0.552355159365   0.54269330902
2.312   0.552355149718   0.542693434476
2.408   0.552355145146   0.542693500394
2.504   0.55235514298   0.542693535028
2.6   0.552355141953   0.542693553226
2.696   0.552355141466   0.542693562788
2.792   0.552355141236   0.542693567812
2.888   0.552355141127   0.542693570452
2.984   0.552355141075   0.542693571839
3.08   0.55235514105   0.542693572568
3.176   0.552355141039   0.542693572951
3.272   0.552355141033   0.542693573152
3.368   0.55235514103   0.542693573258
3.464   0.552355141029   0.542693573313
3.56   0.552355141029   0.542693573342
3.656   0.552355141028   0.542693573358
3.752   0.552355141028   0.542693573366
3.848   0.552355141028   0.54269357337
3.944   0.552355141028   0.542693573372
4.04   0.552355141028   0.542693573373
4.136   0.552355141028   0.542693573374
4.232   0.552355141028   0.542693573374
4.328   0.552355141028   0.542693573374
4.424   0.552355141028   0.542693573375
4.52   0.552355141028   0.542693573375
4.616   0.552355141028   0.542693573375
4.712   0.552355141028   0.542693573375
4.808   0.552355141028   0.542693573375
4.904   0.552355141028   0.542693573375
5.0   0.552355141028   0.542693573375
5.096   0.552355141028   0.542693573375
5.192   0.552355141028   0.542693573375
5.288   0.552355141028   0.542693573375
5.384   0.552355141028   0.542693573375
5.48   0.552355141028   0.542693573375
5.576   0.552355141028   0.542693573375
5.672   0.552355141028   0.542693573375
5.768   0.552355141028   0.542693573375
5.864   0.552355141028   0.542693573375
5.96   0.552355141028   0.542693573375
6.056   0.552355141028   0.542693573375
6.152   0.552355141028   0.542693573375
6.248   0.552355141028   0.542693573375
6.344   0.552355141028   0.542693573375
6.44   0.552355141028   0.542693573375
6.536   0.552355141028   0.542693573375
6.632   0.552355141028   0.542693573375
6.728   0.552355141028   0.542693573375
6.824   0.552355141028   0.542693573375
6.92   0.552355141028   0.542693573375
7.016   0.552355141028   0.542693573375
7.112   0.552355141028   0.542693573375
7.208   0.552355141028   0.542693573375
7.304   0.552355141028   0.542693573375
7.4   0.552355141028   0.542693573375
7.496   0.552355141028   0.542693573375
7.592   0.552355141028   0.542693573375
7.688   0.552355141028   0.542693573375
7.784   0.552355141028   0.542693573375
7.88   0.552355141028   0.542693573375
7.976   0.552355141028   0.542693573375
8.072   0.552355141028   0.542693573375
8.168   0.552355141028   0.542693573375
8.264   0.552355141028   0.542693573375
8.36   0.552355141028   0.542693573375
8.456   0.552355141028   0.542693573375
8.552   0.552355141028   0.542693573375
8.648   0.552355141028   0.542693573375
8.744   0.552355141028   0.542693573375
8.84   0.552355141028   0.542693573375
8.936   0.552355141028   0.542693573375
9.032   0.552355141028   0.542693573375
9.128   0.552355141028   0.542693573375
9.224   0.552355141028   0.542693573375
9.32   0.552355141028   0.542693573375
9.416   0.552355141028   0.542693573375
9.512   0.552355141028   0.542693573375
9.608   0.552355141028   0.542693573375
9.704   0.552355141028   0.542693573375
