0.2   0.562585949989   0.419165501362
0.296   0.558208388213   0.455540255509
0.392   0.554467908335   0.480718608533
0.488   0.55135004838   0.498230804221
0.584   0.54882635701   0.510187193882
0.68   0.546856662542   0.518119095202
0.776   0.545388364818   0.523232931138
0.872   0.544353880213   0.526446283185
0.968   0.543670198524   0.528415674017
1.064   0.543246301438   0.529593429117
1.16   0.54299764307   0.530282594124
1.256   0.542857879586   0.530679296291
1.352   0.542781221784   0.530905431575
1.448   0.542740019043   0.53103346595
1.544   0.542718092281   0.531105748022
1.64   0.542706489643   0.531146496586
1.736   0.542700369551   0.531169453319
1.832   0.542697147036   0.531182383154
1.928   0.542695451869   0.531189664962
2.024   0.542694560616   0.531193765882
2.12   0.542694092165   0.531196075452
2.216   0.542693845981   0.531197376191
2.312   0.542693716615   0.531198108776
2.408   0.542693648639   0.531198521379
2.504   0.542693612921   0.531198753766
2.6   0.542693594154   0.531198884653
2.696   0.542693584293   0.531198958371
2.792   0.542693579111   0.531198999892
2.888   0.542693576389   0.531199023278
2.984   0.542693574958   0.53119903645
3.08   0.542693574207   0.531199043868
3.176   0.542693573812   0.531199048047
3.272   0.542693573604   0.5311990504
3.368   0.542693573495   0.531199051726
3.464   0.542693573438   0.531199052472
3.56   0.542693573408   0.531199052893
3.656   0.542693573392   0.53119905313
3.752   0.542693573384   0.531199053263
3.848   0.542693573379   0.531199053338
3.944   0.542693573377   0.53119905338
4.04   0.542693573376   0.531199053404
4.136   0.542693573375   0.531199053418
4.232   0.542693573375   0.531199053425
4.328   0.542693573375   0.53119905343
4.424   0.542693573375   0.531199053432
4.52   0.542693573375   0.531199053433
4.616   0.542693573375   0.531199053434
4.712   0.542693573375   0.531199053434
4.808   0.542693573375   0.531199053435
4.904   0.542693573375   0.531199053435
5.0   0.542693573375   0.531199053435
5.096   0.542693573375   0.531199053435
5.192   0.542693573375   0.531199053435
5.288   0.542693573375   0.531199053435
5.384   0.542693573375   0.531199053435
5.48   0.542693573375   0.531199053435
5.576   0.542693573375   0.531199053435
5.672   0.542693573375   0.531199053435
5.768   0.542693573375   0.531199053435
5.864   0.542693573375   0.531199053435
5.96   0.542693573375   0.531199053435
6.056   0.542693573375   0.531199053435
6.152   0.542693573375   0.531199053435
6.248   0.542693573375   0.531199053435
6.344   0.542693573375   0.531199053435
6.44   0.542693573375   0.531199053435
6.536   0.542693573375   0.531199053435
6.632   0.542693573375   0.531199053435
6.728   0.542693573375   0.531199053435
6.824   0.542693573375   0.531199053435
6.92   0.542693573375   0.531199053435
7.016   0.542693573375   0.531199053435
7.112   0.542693573375   0.531199053435
7.208   0.542693573375   0.531199053435
7.304   0.542693573375   0.531199053435
7.4   0.542693573375   0.531199053435
7.496   0.542693573375   0.531199053435
7.592   0.542693573375   0.531199053435
7.688   0.542693573375   0.531199053435
7.784   0.542693573375   0.531199053435
7.88   0.542693573375   0.531199053435
7.976   0.542693573375   0.531199053435
8.072   0.542693573375   0.531199053435
8.168   0.542693573375   0.531199053435
8.264   0.542693573375   0.531199053435
8.36   0.542693573375   0.531199053435
8.456   0.542693573375   0.531199053435
8.552   0.542693573375   0.531199053435
8.648   0.542693573375   0.531199053435
8.744   0.542693573375   0.531199053435
8.84   0.542693573375   0.531199053435
8.936   0.542693573375   0.531199053435
9.032   0.542693573375   0.531199053435
9.128   0.542693573375   0.531199053435
9.224   0.542693573375   0.531199053435
9.32   0.542693573375   0.531199053435
9.416   0.542693573375   0.531199053435
9.512   0.542693573375   0.531199053435
9.608   0.542693573375   0.531199053435
9.704   0.542693573375   0.531199053435
