0.2   0.562844013798   0.420856772909
0.296   0.558559568694   0.457851758748
0.392   0.554885378279   0.483305397323
0.488   0.55180346029   0.500914677683
0.584   0.549282455471   0.512874567897
0.68   0.547281493557   0.520778304218
0.776   0.545751999677   0.525874971372
0.872   0.544637280088   0.529097306824
0.968   0.543870559507   0.531094474393
1.064   0.543375643913   0.532303542002
1.16   0.543075227278   0.533017394703
1.256   0.542902221558   0.533429451882
1.352   0.54280558773   0.533663812894
1.448   0.54275314818   0.533795528322
1.544   0.542725087535   0.533869152406
1.64   0.542710193301   0.533910182376
1.736   0.542702323652   0.533933012183
1.832   0.542698176088   0.5339457052
1.928   0.54269599322   0.533952759715
2.024   0.542694845244   0.533956679819
2.12   0.54269424177   0.533958858023
2.216   0.542693924603   0.533960068311
2.312   0.54269375793   0.533960740786
2.408   0.542693670348   0.533961114436
2.504   0.542693624328   0.533961322049
2.6   0.542693600147   0.533961437406
2.696   0.542693587442   0.533961501503
2.792   0.542693580766   0.533961537118
2.888   0.542693577258   0.533961556907
2.984   0.542693575415   0.533961567902
3.08   0.542693574447   0.533961574012
3.176   0.542693573938   0.533961577407
3.272   0.542693573671   0.533961579293
3.368   0.54269357353   0.533961580341
3.464   0.542693573456   0.533961580923
3.56   0.542693573418   0.533961581247
3.656   0.542693573397   0.533961581427
3.752   0.542693573387   0.533961581527
3.848   0.542693573381   0.533961581582
3.944   0.542693573378   0.533961581613
4.04   0.542693573376   0.53396158163
4.136   0.542693573376   0.53396158164
4.232   0.542693573375   0.533961581645
4.328   0.542693573375   0.533961581648
4.424   0.542693573375   0.533961581649
4.52   0.542693573375   0.53396158165
4.616   0.542693573375   0.533961581651
4.712   0.542693573375   0.533961581651
4.808   0.542693573375   0.533961581651
4.904   0.542693573375   0.533961581651
5.0   0.542693573375   0.533961581651
5.096   0.542693573375   0.533961581651
5.192   0.542693573375   0.533961581651
5.288   0.542693573375   0.533961581651
5.384   0.542693573375   0.533961581651
5.48   0.542693573375   0.533961581651
5.576   0.542693573375   0.533961581651
5.672   0.542693573375   0.533961581651
5.768   0.542693573375   0.533961581651
5.864   0.542693573375   0.533961581651
5.96   0.542693573375   0.533961581651
6.056   0.542693573375   0.533961581651
6.152   0.542693573375   0.533961581651
6.248   0.542693573375   0.533961581651
6.344   0.542693573375   0.533961581651
6.44   0.542693573375   0.533961581651
6.536   0.542693573375   0.533961581651
6.632   0.542693573375   0.533961581651
6.728   0.542693573375   0.533961581651
6.824   0.542693573375   0.533961581651
6.92   0.542693573375   0.533961581651
7.016   0.542693573375   0.533961581651
7.112   0.542693573375   0.533961581651
7.208   0.542693573375   0.533961581651
7.304   0.542693573375   0.533961581651
7.4   0.542693573375   0.533961581651
7.496   0.542693573375   0.533961581651
7.592   0.542693573375   0.533961581651
7.688   0.542693573375   0.533961581651
7.784   0.542693573375   0.533961581651
7.88   0.542693573375   0.533961581651
7.976   0.542693573375   0.533961581651
8.072   0.542693573375   0.533961581651
8.168   0.542693573375   0.533961581651
8.264   0.542693573375   0.533961581651
8.36   0.542693573375   0.533961581651
8.456   0.542693573375   0.533961581651
8.552   0.542693573375   0.533961581651
8.648   0.542693573375   0.533961581651
8.744   0.542693573375   0.533961581651
8.84   0.542693573375   0.533961581651
8.936   0.542693573375   0.533961581651
9.032   0.542693573375   0.533961581651
9.128   0.542693573375   0.533961581651
9.224   0.542693573375   0.533961581651
9.32   0.542693573375   0.533961581651
9.416   0.542693573375   0.533961581651
9.512   0.542693573375   0.533961581651
9.608   0.542693573375   0.533961581651
9.704   0.542693573375   0.533961581651
