0.2   0.561241100681   0.700000000024
0.296   0.556418258438   0.7
0.392   0.552426850193   0.443287902709
0.488   0.549273314165   0.467003270359
0.584   0.546919257704   0.481147254836
0.68   0.545273250879   0.490554918182
0.776   0.544198707102   0.496631843896
0.872   0.543540552298   0.500457088959
0.968   0.543157958162   0.502820631141
1.064   0.542943951624   0.504264702771
1.16   0.542827060233   0.505141923645
1.256   0.542764297393   0.5056737749
1.352   0.542730908634   0.505995990155
1.448   0.542713241945   0.506191281234
1.544   0.542703922899   0.506309720619
1.64   0.54269901571   0.506381596582
1.736   0.542696434213   0.506425238382
1.832   0.542695076913   0.506451747922
1.928   0.542694363485   0.506467855711
2.024   0.542693988553   0.506477645336
2.12   0.542693791531   0.506483595979
2.216   0.542693688003   0.506487213477
2.312   0.542693633604   0.506489412777
2.408   0.542693605021   0.506490749933
2.504   0.542693590003   0.50649156294
2.6   0.542693582112   0.506492057267
2.696   0.542693577965   0.506492357835
2.792   0.542693575787   0.506492540592
2.888   0.542693574642   0.506492651716
2.984   0.542693574041   0.506492719284
3.08   0.542693573725   0.506492760369
3.176   0.542693573559   0.50649278535
3.272   0.542693573471   0.50649280054
3.368   0.542693573425   0.506492809776
3.464   0.542693573401   0.506492815392
3.56   0.542693573389   0.506492818807
3.656   0.542693573382   0.506492820884
3.752   0.542693573379   0.506492822146
3.848   0.542693573377   0.506492822914
3.944   0.542693573376   0.506492823381
4.04   0.542693573375   0.506492823665
4.136   0.542693573375   0.506492823837
4.232   0.542693573375   0.506492823942
4.328   0.542693573375   0.506492824006
4.424   0.542693573375   0.506492824045
4.52   0.542693573375   0.506492824068
4.616   0.542693573375   0.506492824083
4.712   0.542693573375   0.506492824091
4.808   0.542693573375   0.506492824097
4.904   0.542693573375   0.5064928241
5.0   0.542693573375   0.506492824102
5.096   0.542693573375   0.506492824103
5.192   0.542693573375   0.506492824104
5.288   0.542693573375   0.506492824104
5.384   0.542693573375   0.506492824104
5.48   0.542693573375   0.506492824105
5.576   0.542693573375   0.506492824105
5.672   0.542693573375   0.506492824105
5.768   0.542693573375   0.506492824105
5.864   0.542693573375   0.506492824105
5.96   0.542693573375   0.506492824105
6.056   0.542693573375   0.506492824105
6.152   0.542693573375   0.506492824105
6.248   0.542693573375   0.506492824105
6.344   0.542693573375   0.506492824105
6.44   0.542693573375   0.506492824105
6.536   0.542693573375   0.506492824105
6.632   0.542693573375   0.506492824105
6.728   0.542693573375   0.506492824105
6.824   0.542693573375   0.506492824105
6.92   0.542693573375   0.506492824105
7.016   0.542693573375   0.506492824105
7.112   0.542693573375   0.506492824105
7.208   0.542693573375   0.506492824105
7.304   0.542693573375   0.506492824105
7.4   0.542693573375   0.506492824105
7.496   0.542693573375   0.506492824105
7.592   0.542693573375   0.506492824105
7.688   0.542693573375   0.506492824105
7.784   0.542693573375   0.506492824105
7.88   0.542693573375   0.506492824105
7.976   0.542693573375   0.506492824105
8.072   0.542693573375   0.506492824105
8.168   0.542693573375   0.506492824105
8.264   0.542693573375   0.506492824105
8.36   0.542693573375   0.506492824105
8.456   0.542693573375   0.506492824105
8.552   0.542693573375   0.506492824105
8.648   0.542693573375   0.506492824105
8.744   0.542693573375   0.506492824105
8.84   0.542693573375   0.506492824105
8.936   0.542693573375   0.506492824105
9.032   0.542693573375   0.506492824105
9.128   0.542693573375   0.506492824105
9.224   0.542693573375   0.506492824105
9.32   0.542693573375   0.506492824105
9.416   0.542693573375   0.506492824105
9.512   0.542693573375   0.506492824105
9.608   0.542693573375   0.506492824105
9.704   0.542693573375   0.506492824105
