0.2   0.562284874529   0.399874628694
0.296   0.557778071255   0.441578549128
0.392   0.553939626889   0.469853681275
0.488   0.550768586562   0.489305657998
0.584   0.548245621423   0.502513647708
0.68   0.546330862726   0.511239231024
0.776   0.544959138604   0.516827351828
0.872   0.544038698577   0.520303478459
0.968   0.543460458026   0.522411748618
1.064   0.543117691786   0.523664826014
1.16   0.542923518172   0.524399047799
1.256   0.542816511734   0.52482549025
1.352   0.542758808322   0.525072112342
1.448   0.542728038948   0.525214388216
1.544   0.542711737888   0.525296411948
1.64   0.542703133576   0.525343694192
1.736   0.542698601213   0.525370952819
1.832   0.542696216481   0.525386670334
1.928   0.542694962523   0.525395734638
2.024   0.542694303384   0.525400962719
2.12   0.542693956975   0.52540397845
2.216   0.542693774939   0.525405718146
2.312   0.542693679285   0.525406721778
2.408   0.542693629024   0.525407300793
2.504   0.542693602615   0.525407634845
2.6   0.542693588738   0.525407827572
2.696   0.542693581447   0.525407938765
2.792   0.542693577616   0.525408002917
2.888   0.542693575603   0.52540803993
2.984   0.542693574546   0.525408061285
3.08   0.54269357399   0.525408073605
3.176   0.542693573698   0.525408080713
3.272   0.542693573545   0.525408084815
3.368   0.542693573464   0.525408087181
3.464   0.542693573422   0.525408088546
3.56   0.542693573399   0.525408089333
3.656   0.542693573388   0.525408089788
3.752   0.542693573381   0.52540809005
3.848   0.542693573378   0.525408090201
3.944   0.542693573377   0.525408090289
4.04   0.542693573376   0.525408090339
4.136   0.542693573375   0.525408090368
4.232   0.542693573375   0.525408090385
4.328   0.542693573375   0.525408090394
4.424   0.542693573375   0.5254080904
4.52   0.542693573375   0.525408090403
4.616   0.542693573375   0.525408090405
4.712   0.542693573375   0.525408090406
4.808   0.542693573375   0.525408090407
4.904   0.542693573375   0.525408090407
5.0   0.542693573375   0.525408090407
5.096   0.542693573375   0.525408090408
5.192   0.542693573375   0.525408090408
5.288   0.542693573375   0.525408090408
5.384   0.542693573375   0.525408090408
5.48   0.542693573375   0.525408090408
5.576   0.542693573375   0.525408090408
5.672   0.542693573375   0.525408090408
5.768   0.542693573375   0.525408090408
5.864   0.542693573375   0.525408090408
5.96   0.542693573375   0.525408090408
6.056   0.542693573375   0.525408090408
6.152   0.542693573375   0.525408090408
6.248   0.542693573375   0.525408090408
6.344   0.542693573375   0.525408090408
6.44   0.542693573375   0.525408090408
6.536   0.542693573375   0.525408090408
6.632   0.542693573375   0.525408090408
6.728   0.542693573375   0.525408090408
6.824   0.542693573375   0.525408090408
6.92   0.542693573375   0.525408090408
7.016   0.542693573375   0.525408090408
7.112   0.542693573375   0.525408090408
7.208   0.542693573375   0.525408090408
7.304   0.542693573375   0.525408090408
7.4   0.542693573375   0.525408090408
7.496   0.542693573375   0.525408090408
7.592   0.542693573375   0.525408090408
7.688   0.542693573375   0.525408090408
7.784   0.542693573375   0.525408090408
7.88   0.542693573375   0.525408090408
7.976   0.542693573375   0.525408090408
8.072   0.542693573375   0.525408090408
8.168   0.542693573375   0.525408090408
8.264   0.542693573375   0.525408090408
8.36   0.542693573375   0.525408090408
8.456   0.542693573375   0.525408090408
8.552   0.542693573375   0.525408090408
8.648   0.542693573375   0.525408090408
8.744   0.542693573375   0.525408090408
8.84   0.542693573375   0.525408090408
8.936   0.542693573375   0.525408090408
9.032   0.542693573375   0.525408090408
9.128   0.542693573375   0.525408090408
9.224   0.542693573375   0.525408090408
9.32   0.542693573375   0.525408090408
9.416   0.542693573375   0.525408090408
9.512   0.542693573375   0.525408090408
9.608   0.542693573375   0.525408090408
9.704   0.542693573375   0.525408090408
