0.2   0.56239372288   0.387838997636
0.296   0.557905866307   0.434703906973
0.392   0.554069314586   0.465748591732
0.488   0.550887670316   0.486808302097
0.584   0.548346099727   0.500975656607
0.68   0.546409012873   0.510272984678
0.776   0.545015120798   0.516198666237
0.872   0.544075701994   0.519872987902
0.968   0.543483223555   0.5220973391
1.064   0.543130927974   0.523418201631
1.16   0.542930923061   0.524191857621
1.256   0.542820542106   0.524641174646
1.352   0.542760968977   0.524901069343
1.448   0.542729187079   0.525051054119
1.544   0.54271234493   0.525137531311
1.64   0.542703453634   0.525187409764
1.736   0.542698769698   0.525216178696
1.832   0.542696305099   0.525232775429
1.928   0.542695009112   0.525242351814
2.024   0.542694327871   0.525247878236
2.12   0.542693969843   0.525251067815
2.216   0.542693781701   0.525252908822
2.312   0.542693682838   0.525253971496
2.408   0.542693630891   0.525254584918
2.504   0.542693603596   0.525254939019
2.6   0.542693589254   0.52525514343
2.696   0.542693581718   0.52525526143
2.792   0.542693577759   0.525255329549
2.888   0.542693575678   0.525255368872
2.984   0.542693574585   0.525255391572
3.08   0.542693574011   0.525255404677
3.176   0.542693573709   0.525255412242
3.272   0.54269357355   0.525255416609
3.368   0.542693573467   0.52525541913
3.464   0.542693573423   0.525255420585
3.56   0.5426935734   0.525255421425
3.656   0.542693573388   0.52525542191
3.752   0.542693573382   0.52525542219
3.848   0.542693573378   0.525255422352
3.944   0.542693573377   0.525255422445
4.04   0.542693573376   0.525255422499
4.136   0.542693573375   0.52525542253
4.232   0.542693573375   0.525255422548
4.328   0.542693573375   0.525255422558
4.424   0.542693573375   0.525255422564
4.52   0.542693573375   0.525255422568
4.616   0.542693573375   0.52525542257
4.712   0.542693573375   0.525255422571
4.808   0.542693573375   0.525255422571
4.904   0.542693573375   0.525255422572
5.0   0.542693573375   0.525255422572
5.096   0.542693573375   0.525255422572
5.192   0.542693573375   0.525255422572
5.288   0.542693573375   0.525255422572
5.384   0.542693573375   0.525255422572
5.48   0.542693573375   0.525255422572
5.576   0.542693573375   0.525255422572
5.672   0.542693573375   0.525255422572
5.768   0.542693573375   0.525255422572
5.864   0.542693573375   0.525255422572
5.96   0.542693573375   0.525255422572
6.056   0.542693573375   0.525255422572
6.152   0.542693573375   0.525255422572
6.248   0.542693573375   0.525255422572
6.344   0.542693573375   0.525255422572
6.44   0.542693573375   0.525255422572
6.536   0.542693573375   0.525255422572
6.632   0.542693573375   0.525255422572
6.728   0.542693573375   0.525255422572
6.824   0.542693573375   0.525255422572
6.92   0.542693573375   0.525255422572
7.016   0.542693573375   0.525255422572
7.112   0.542693573375   0.525255422572
7.208   0.542693573375   0.525255422572
7.304   0.542693573375   0.525255422572
7.4   0.542693573375   0.525255422572
7.496   0.542693573375   0.525255422572
7.592   0.542693573375   0.525255422572
7.688   0.542693573375   0.525255422572
7.784   0.542693573375   0.525255422572
7.88   0.542693573375   0.525255422572
7.976   0.542693573375   0.525255422572
8.072   0.542693573375   0.525255422572
8.168   0.542693573375   0.525255422572
8.264   0.542693573375   0.525255422572
8.36   0.542693573375   0.525255422572
8.456   0.542693573375   0.525255422572
8.552   0.542693573375   0.525255422572
8.648   0.542693573375   0.525255422572
8.744   0.542693573375   0.525255422572
8.84   0.542693573375   0.525255422572
8.936   0.542693573375   0.525255422572
9.032   0.542693573375   0.525255422572
9.128   0.542693573375   0.525255422572
9.224   0.542693573375   0.525255422572
9.32   0.542693573375   0.525255422572
9.416   0.542693573375   0.525255422572
9.512   0.542693573375   0.525255422572
9.608   0.542693573375   0.525255422572
9.704   0.542693573375   0.525255422572
