0.2   0.562002603738   0.402446995656
0.296   0.557413672696   0.441594653231
0.392   0.553533182796   0.468509271278
0.488   0.550360520435   0.487198895796
0.584   0.547873195276   0.499978592965
0.68   0.546022439379   0.508465464022
0.776   0.54472813062   0.513917874376
0.872   0.543881692108   0.517314657081
0.968   0.543362367808   0.519377782805
1.064   0.543060216928   0.520607778853
1.16   0.542891221318   0.521332357003
1.256   0.542798907558   0.521756340297
1.352   0.542749364688   0.522003696036
1.448   0.542723019327   0.522147828433
1.544   0.54270908357   0.522231720163
1.64   0.542701734037   0.52228060857
1.736   0.542697864449   0.522309093898
1.832   0.54269582896   0.522325695285
1.928   0.542694758793   0.522335372643
2.024   0.542694196306   0.522341014691
2.12   0.542693900703   0.52234430446
2.216   0.542693745369   0.522346222809
2.312   0.542693663748   0.522347341506
2.408   0.54269362086   0.522347993905
2.504   0.542693598325   0.522348374377
2.6   0.542693586484   0.522348596268
2.696   0.542693580263   0.522348725676
2.792   0.542693576994   0.522348801147
2.888   0.542693575276   0.522348845163
2.984   0.542693574374   0.522348870834
3.08   0.5426935739   0.522348885805
3.176   0.542693573651   0.522348894536
3.272   0.54269357352   0.522348899629
3.368   0.542693573451   0.522348902599
3.464   0.542693573415   0.522348904331
3.56   0.542693573396   0.522348905341
3.656   0.542693573386   0.52234890593
3.752   0.54269357338   0.522348906274
3.848   0.542693573378   0.522348906474
3.944   0.542693573376   0.522348906591
4.04   0.542693573375   0.522348906659
4.136   0.542693573375   0.522348906699
4.232   0.542693573375   0.522348906722
4.328   0.542693573375   0.522348906735
4.424   0.542693573375   0.522348906743
4.52   0.542693573375   0.522348906748
4.616   0.542693573375   0.522348906751
4.712   0.542693573375   0.522348906752
4.808   0.542693573375   0.522348906753
4.904   0.542693573375   0.522348906754
5.0   0.542693573375   0.522348906754
5.096   0.542693573375   0.522348906754
5.192   0.542693573375   0.522348906754
5.288   0.542693573375   0.522348906754
5.384   0.542693573375   0.522348906754
5.48   0.542693573375   0.522348906754
5.576   0.542693573375   0.522348906754
5.672   0.542693573375   0.522348906754
5.768   0.542693573375   0.522348906754
5.864   0.542693573375   0.522348906754
5.96   0.542693573375   0.522348906754
6.056   0.542693573375   0.522348906754
6.152   0.542693573375   0.522348906754
6.248   0.542693573375   0.522348906754
6.344   0.542693573375   0.522348906754
6.44   0.542693573375   0.522348906754
6.536   0.542693573375   0.522348906754
6.632   0.542693573375   0.522348906754
6.728   0.542693573375   0.522348906754
6.824   0.542693573375   0.522348906754
6.92   0.542693573375   0.522348906754
7.016   0.542693573375   0.522348906754
7.112   0.542693573375   0.522348906754
7.208   0.542693573375   0.522348906754
7.304   0.542693573375   0.522348906754
7.4   0.542693573375   0.522348906754
7.496   0.542693573375   0.522348906754
7.592   0.542693573375   0.522348906754
7.688   0.542693573375   0.522348906754
7.784   0.542693573375   0.522348906754
7.88   0.542693573375   0.522348906754
7.976   0.542693573375   0.522348906754
8.072   0.542693573375   0.522348906754
8.168   0.542693573375   0.522348906754
8.264   0.542693573375   0.522348906754
8.36   0.542693573375   0.522348906754
8.456   0.542693573375   0.522348906754
8.552   0.542693573375   0.522348906754
8.648   0.542693573375   0.522348906754
8.744   0.542693573375   0.522348906754
8.84   0.542693573375   0.522348906754
8.936   0.542693573375   0.522348906754
9.032   0.542693573375   0.522348906754
9.128   0.542693573375   0.522348906754
9.224   0.542693573375   0.522348906754
9.32   0.542693573375   0.522348906754
9.416   0.542693573375   0.522348906754
9.512   0.542693573375   0.522348906754
9.608   0.542693573375   0.522348906754
9.704   0.542693573375   0.522348906754
