0.2   0.564031277323   0.417935601352
0.296   0.560213536591   0.461579502669
0.392   0.556924542399   0.490167668322
0.488   0.554142186636   0.509115949412
0.584   0.551830215902   0.521417168641
0.68   0.549942694929   0.529195175759
0.776   0.548428038379   0.534060563803
0.872   0.547233160374   0.537127542977
0.968   0.546306824625   0.539093945067
1.064   0.545602087338   0.540376218616
1.16   0.545077707351   0.541221491245
1.256   0.54469867797   0.54177896571
1.352   0.544434511055   0.542142132382
1.448   0.544259351725   0.542371884941
1.544   0.544149644139   0.542512205291
1.64   0.54408584504   0.54259373388
1.736   0.544048637602   0.542639540234
1.832   0.544028330102   0.542664667889
1.928   0.544017493344   0.542678226199
2.024   0.544011779915   0.54268546234
2.12   0.544008787464   0.542689298071
2.216   0.544007225696   0.542691323203
2.312   0.544006412141   0.542692390012
2.408   0.544005988767   0.54269295131
2.504   0.544005768558   0.542693246443
2.6   0.544005654054   0.542693401573
2.696   0.544005594521   0.542693483099
2.792   0.544005563573   0.542693525939
2.888   0.544005547484   0.54269354845
2.984   0.54400553912   0.542693560279
3.08   0.544005534773   0.542693566494
3.176   0.544005532513   0.542693569759
3.272   0.544005531338   0.542693571475
3.368   0.544005530727   0.542693572376
3.464   0.54400553041   0.54269357285
3.56   0.544005530245   0.542693573099
3.656   0.544005530159   0.54269357323
3.752   0.544005530115   0.542693573299
3.848   0.544005530091   0.542693573335
3.944   0.544005530079   0.542693573354
4.04   0.544005530073   0.542693573364
4.136   0.54400553007   0.542693573369
4.232   0.544005530068   0.542693573372
4.328   0.544005530067   0.542693573373
4.424   0.544005530067   0.542693573374
4.52   0.544005530066   0.542693573374
4.616   0.544005530066   0.542693573374
4.712   0.544005530066   0.542693573375
4.808   0.544005530066   0.542693573375
4.904   0.544005530066   0.542693573375
5.0   0.544005530066   0.542693573375
5.096   0.544005530066   0.542693573375
5.192   0.544005530066   0.542693573375
5.288   0.544005530066   0.542693573375
5.384   0.544005530066   0.542693573375
5.48   0.544005530066   0.542693573375
5.576   0.544005530066   0.542693573375
5.672   0.544005530066   0.542693573375
5.768   0.544005530066   0.542693573375
5.864   0.544005530066   0.542693573375
5.96   0.544005530066   0.542693573375
6.056   0.544005530066   0.542693573375
6.152   0.544005530066   0.542693573375
6.248   0.544005530066   0.542693573375
6.344   0.544005530066   0.542693573375
6.44   0.544005530066   0.542693573375
6.536   0.544005530066   0.542693573375
6.632   0.544005530066   0.542693573375
6.728   0.544005530066   0.542693573375
6.824   0.544005530066   0.542693573375
6.92   0.544005530066   0.542693573375
7.016   0.544005530066   0.542693573375
7.112   0.544005530066   0.542693573375
7.208   0.544005530066   0.542693573375
7.304   0.544005530066   0.542693573375
7.4   0.544005530066   0.542693573375
7.496   0.544005530066   0.542693573375
7.592   0.544005530066   0.542693573375
7.688   0.544005530066   0.542693573375
7.784   0.544005530066   0.542693573375
7.88   0.544005530066   0.542693573375
7.976   0.544005530066   0.542693573375
8.072   0.544005530066   0.542693573375
8.168   0.544005530066   0.542693573375
8.264   0.544005530066   0.542693573375
8.36   0.544005530066   0.542693573375
8.456   0.544005530066   0.542693573375
8.552   0.544005530066   0.542693573375
8.648   0.544005530066   0.542693573375
8.744   0.544005530066   0.542693573375
8.84   0.544005530066   0.542693573375
8.936   0.544005530066   0.542693573375
9.032   0.544005530066   0.542693573375
9.128   0.544005530066   0.542693573375
9.224   0.544005530066   0.542693573375
9.32   0.544005530066   0.542693573375
9.416   0.544005530066   0.542693573375
9.512   0.544005530066   0.542693573375
9.608   0.544005530066   0.542693573375
9.704   0.544005530066   0.542693573375
