0.2   0.5647728308   0.423771848538
0.296   0.561310122718   0.468097015247
0.392   0.55837464967   0.496576641731
0.488   0.555950393742   0.514963613616
0.584   0.554009508666   0.526446260134
0.68   0.552515193734   0.53334481877
0.776   0.5514217458   0.537393987911
0.872   0.550672178618   0.539739892114
0.968   0.550195931977   0.541077447879
1.064   0.549916019704   0.541823590014
1.16   0.549762399649   0.542230349684
1.256   0.549681234844   0.542448812178
1.352   0.549639924077   0.542564640564
1.448   0.549619240676   0.542625758492
1.544   0.549608976888   0.5426579293
1.64   0.549603907653   0.542674843777
1.736   0.549601410124   0.542683732616
1.832   0.549600181187   0.542688403021
1.928   0.549599576866   0.542690856843
2.024   0.549599279794   0.542692146077
2.12   0.549599133783   0.542692823447
2.216   0.549599062025   0.542693179346
2.312   0.549599026761   0.542693366342
2.408   0.549599009431   0.542693464594
2.504   0.549599000915   0.542693516218
2.6   0.54959899673   0.542693543343
2.696   0.549598994673   0.542693557595
2.792   0.549598993663   0.542693565084
2.888   0.549598993166   0.542693569018
2.984   0.549598992922   0.542693571086
3.08   0.549598992802   0.542693572172
3.176   0.549598992743   0.542693572743
3.272   0.549598992714   0.542693573043
3.368   0.5495989927   0.5426935732
3.464   0.549598992693   0.542693573283
3.56   0.54959899269   0.542693573326
3.656   0.549598992688   0.542693573349
3.752   0.549598992687   0.542693573361
3.848   0.549598992687   0.542693573368
3.944   0.549598992687   0.542693573371
4.04   0.549598992686   0.542693573373
4.136   0.549598992686   0.542693573374
4.232   0.549598992686   0.542693573374
4.328   0.549598992686   0.542693573374
4.424   0.549598992686   0.542693573375
4.52   0.549598992686   0.542693573375
4.616   0.549598992686   0.542693573375
4.712   0.549598992686   0.542693573375
4.808   0.549598992686   0.542693573375
4.904   0.549598992686   0.542693573375
5.0   0.549598992686   0.542693573375
5.096   0.549598992686   0.542693573375
5.192   0.549598992686   0.542693573375
5.288   0.549598992686   0.542693573375
5.384   0.549598992686   0.542693573375
5.48   0.549598992686   0.542693573375
5.576   0.549598992686   0.542693573375
5.672   0.549598992686   0.542693573375
5.768   0.549598992686   0.542693573375
5.864   0.549598992686   0.542693573375
5.96   0.549598992686   0.542693573375
6.056   0.549598992686   0.542693573375
6.152   0.549598992686   0.542693573375
6.248   0.549598992686   0.542693573375
6.344   0.549598992686   0.542693573375
6.44   0.549598992686   0.542693573375
6.536   0.549598992686   0.542693573375
6.632   0.549598992686   0.542693573375
6.728   0.549598992686   0.542693573375
6.824   0.549598992686   0.542693573375
6.92   0.549598992686   0.542693573375
7.016   0.549598992686   0.542693573375
7.112   0.549598992686   0.542693573375
7.208   0.549598992686   0.542693573375
7.304   0.549598992686   0.542693573375
7.4   0.549598992686   0.542693573375
7.496   0.549598992686   0.542693573375
7.592   0.549598992686   0.542693573375
7.688   0.549598992686   0.542693573375
7.784   0.549598992686   0.542693573375
7.88   0.549598992686   0.542693573375
7.976   0.549598992686   0.542693573375
8.072   0.549598992686   0.542693573375
8.168   0.549598992686   0.542693573375
8.264   0.549598992686   0.542693573375
8.36   0.549598992686   0.542693573375
8.456   0.549598992686   0.542693573375
8.552   0.549598992686   0.542693573375
8.648   0.549598992686   0.542693573375
8.744   0.549598992686   0.542693573375
8.84   0.549598992686   0.542693573375
8.936   0.549598992686   0.542693573375
9.032   0.549598992686   0.542693573375
9.128   0.549598992686   0.542693573375
9.224   0.549598992686   0.542693573375
9.32   0.549598992686   0.542693573375
9.416   0.549598992686   0.542693573375
9.512   0.549598992686   0.542693573375
9.608   0.549598992686   0.542693573375
9.704   0.549598992686   0.542693573375
