0.2   0.56416860293   0.417007077709
0.296   0.560409726557   0.46167397854
0.392   0.557174829501   0.490722466104
0.488   0.554442745109   0.509851977094
0.584   0.552178429476   0.522179489062
0.68   0.550337440605   0.529908385827
0.776   0.548870003363   0.534699498534
0.872   0.547725145388   0.537688917198
0.968   0.546853867505   0.539579140139
1.064   0.546211009605   0.540785008166
1.16   0.545755608519   0.541551866041
1.256   0.545448977291   0.542030822069
1.352   0.54525477519   0.542320299413
1.448   0.545139074533   0.542488616401
1.544   0.5450741376   0.542583026522
1.64   0.54503821984   0.542634593341
1.736   0.54501914545   0.542662316275
1.832   0.545009155985   0.542677073214
1.928   0.545003963512   0.542684882232
2.024   0.545001275392   0.542689000884
2.12   0.544999886758   0.542691169243
2.216   0.544999170231   0.542692309737
2.312   0.544998800728   0.542692909304
2.408   0.54499861024   0.54269322442
2.504   0.544998512055   0.542693390015
2.6   0.544998461451   0.54269347703
2.696   0.544998435371   0.542693522751
2.792   0.544998421931   0.542693546776
2.888   0.544998415004   0.542693559399
2.984   0.544998411434   0.542693566031
3.08   0.544998409595   0.542693569516
3.176   0.544998408647   0.542693571347
3.272   0.544998408158   0.542693572309
3.368   0.544998407906   0.542693572815
3.464   0.544998407777   0.542693573081
3.56   0.54499840771   0.54269357322
3.656   0.544998407675   0.542693573293
3.752   0.544998407658   0.542693573332
3.848   0.544998407648   0.542693573352
3.944   0.544998407644   0.542693573363
4.04   0.544998407641   0.542693573368
4.136   0.54499840764   0.542693573371
4.232   0.544998407639   0.542693573373
4.328   0.544998407639   0.542693573374
4.424   0.544998407639   0.542693573374
4.52   0.544998407639   0.542693573374
4.616   0.544998407639   0.542693573375
4.712   0.544998407639   0.542693573375
4.808   0.544998407639   0.542693573375
4.904   0.544998407639   0.542693573375
5.0   0.544998407639   0.542693573375
5.096   0.544998407639   0.542693573375
5.192   0.544998407639   0.542693573375
5.288   0.544998407639   0.542693573375
5.384   0.544998407639   0.542693573375
5.48   0.544998407639   0.542693573375
5.576   0.544998407639   0.542693573375
5.672   0.544998407639   0.542693573375
5.768   0.544998407639   0.542693573375
5.864   0.544998407639   0.542693573375
5.96   0.544998407639   0.542693573375
6.056   0.544998407639   0.542693573375
6.152   0.544998407639   0.542693573375
6.248   0.544998407639   0.542693573375
6.344   0.544998407639   0.542693573375
6.44   0.544998407639   0.542693573375
6.536   0.544998407639   0.542693573375
6.632   0.544998407639   0.542693573375
6.728   0.544998407639   0.542693573375
6.824   0.544998407639   0.542693573375
6.92   0.544998407639   0.542693573375
7.016   0.544998407639   0.542693573375
7.112   0.544998407639   0.542693573375
7.208   0.544998407639   0.542693573375
7.304   0.544998407639   0.542693573375
7.4   0.544998407639   0.542693573375
7.496   0.544998407639   0.542693573375
7.592   0.544998407639   0.542693573375
7.688   0.544998407639   0.542693573375
7.784   0.544998407639   0.542693573375
7.88   0.544998407639   0.542693573375
7.976   0.544998407639   0.542693573375
8.072   0.544998407639   0.542693573375
8.168   0.544998407639   0.542693573375
8.264   0.544998407639   0.542693573375
8.36   0.544998407639   0.542693573375
8.456   0.544998407639   0.542693573375
8.552   0.544998407639   0.542693573375
8.648   0.544998407639   0.542693573375
8.744   0.544998407639   0.542693573375
8.84   0.544998407639   0.542693573375
8.936   0.544998407639   0.542693573375
9.032   0.544998407639   0.542693573375
9.128   0.544998407639   0.542693573375
9.224   0.544998407639   0.542693573375
9.32   0.544998407639   0.542693573375
9.416   0.544998407639   0.542693573375
9.512   0.544998407639   0.542693573375
9.608   0.544998407639   0.542693573375
9.704   0.544998407639   0.542693573375
