0.2   0.567251170092   0.459875341448
0.296   0.565224657037   0.495128344358
0.392   0.563866068153   0.516877004868
0.488   0.563077524581   0.529453547112
0.584   0.562685518352   0.536084616499
0.68   0.562514478178   0.539390559831
0.776   0.56244505686   0.541022764915
0.872   0.562418338798   0.541837956708
0.968   0.56240824408   0.542251382189
1.064   0.562404461071   0.542463593942
1.16   0.562403048298   0.542573479039
1.256   0.562402521454   0.542630703548
1.352   0.562402325101   0.542660610876
1.448   0.562402251938   0.542676275597
1.544   0.56240222468   0.542684491169
1.64   0.562402214525   0.542688803283
1.736   0.562402210741   0.542691067613
1.832   0.562402209332   0.542692256947
1.928   0.562402208807   0.542692881735
2.024   0.562402208611   0.542693209982
2.12   0.562402208538   0.542693382442
2.216   0.562402208511   0.542693473054
2.312   0.562402208501   0.542693520663
2.408   0.562402208497   0.542693545679
2.504   0.562402208496   0.542693558822
2.6   0.562402208495   0.542693565728
2.696   0.562402208495   0.542693569357
2.792   0.562402208495   0.542693571264
2.888   0.562402208495   0.542693572266
2.984   0.562402208495   0.542693572792
3.08   0.562402208495   0.542693573068
3.176   0.562402208495   0.542693573214
3.272   0.562402208495   0.54269357329
3.368   0.562402208495   0.54269357333
3.464   0.562402208495   0.542693573351
3.56   0.562402208495   0.542693573362
3.656   0.562402208495   0.542693573368
3.752   0.562402208495   0.542693573371
3.848   0.562402208495   0.542693573373
3.944   0.562402208495   0.542693573374
4.04   0.562402208495   0.542693573374
4.136   0.562402208495   0.542693573374
4.232   0.562402208495   0.542693573375
4.328   0.562402208495   0.542693573375
4.424   0.562402208495   0.542693573375
4.52   0.562402208495   0.542693573375
4.616   0.562402208495   0.542693573375
4.712   0.562402208495   0.542693573375
4.808   0.562402208495   0.542693573375
4.904   0.562402208495   0.542693573375
5.0   0.562402208495   0.542693573375
5.096   0.562402208495   0.542693573375
5.192   0.562402208495   0.542693573375
5.288   0.562402208495   0.542693573375
5.384   0.562402208495   0.542693573375
5.48   0.562402208495   0.542693573375
5.576   0.562402208495   0.542693573375
5.672   0.562402208495   0.542693573375
5.768   0.562402208495   0.542693573375
5.864   0.562402208495   0.542693573375
5.96   0.562402208495   0.542693573375
6.056   0.562402208495   0.542693573375
6.152   0.562402208495   0.542693573375
6.248   0.562402208495   0.542693573375
6.344   0.562402208495   0.542693573375
6.44   0.562402208495   0.542693573375
6.536   0.562402208495   0.542693573375
6.632   0.562402208495   0.542693573375
6.728   0.562402208495   0.542693573375
6.824   0.562402208495   0.542693573375
6.92   0.562402208495   0.542693573375
7.016   0.562402208495   0.542693573375
7.112   0.562402208495   0.542693573375
7.208   0.562402208495   0.542693573375
7.304   0.562402208495   0.542693573375
7.4   0.562402208495   0.542693573375
7.496   0.562402208495   0.542693573375
7.592   0.562402208495   0.542693573375
7.688   0.562402208495   0.542693573375
7.784   0.562402208495   0.542693573375
7.88   0.562402208495   0.542693573375
7.976   0.562402208495   0.542693573375
8.072   0.562402208495   0.542693573375
8.168   0.562402208495   0.542693573375
8.264   0.562402208495   0.542693573375
8.36   0.562402208495   0.542693573375
8.456   0.562402208495   0.542693573375
8.552   0.562402208495   0.542693573375
8.648   0.562402208495   0.542693573375
8.744   0.562402208495   0.542693573375
8.84   0.562402208495   0.542693573375
8.936   0.562402208495   0.542693573375
9.032   0.562402208495   0.542693573375
9.128   0.562402208495   0.542693573375
9.224   0.562402208495   0.542693573375
9.32   0.562402208495   0.542693573375
9.416   0.562402208495   0.542693573375
9.512   0.562402208495   0.542693573375
9.608   0.562402208495   0.542693573375
9.704   0.562402208495   0.542693573375
