0.2   0.564149564279   0.414494097091
0.296   0.560377179575   0.460158264596
0.392   0.557126958233   0.489740128351
0.488   0.554378319548   0.509186157275
0.584   0.552096621669   0.521711045316
0.68   0.550237583636   0.529565094295
0.776   0.548751323129   0.534437303133
0.872   0.547586519983   0.537482379432
0.968   0.546693716826   0.539414570194
1.064   0.546027500592   0.540655538895
1.16   0.54554724309   0.541453832508
1.256   0.545216436964   0.541961085019
1.352   0.5450007694   0.542274283722
1.448   0.544868565712   0.542460378234
1.544   0.544792736329   0.542566718277
1.64   0.544749855759   0.542625512744
1.736   0.544726807283   0.542657378695
1.832   0.544714641222   0.542674427903
1.928   0.544708282465   0.542683477387
2.024   0.544704976776   0.542688258498
2.12   0.544703263201   0.542690777989
2.216   0.544702376284   0.542692103833
2.312   0.544701917599   0.542692801026
2.408   0.544701680483   0.542693167503
2.504   0.544701557933   0.542693360103
2.6   0.544701494602   0.542693461311
2.696   0.544701461877   0.542693514492
2.792   0.544701444966   0.542693542436
2.888   0.544701436228   0.542693557118
2.984   0.544701431714   0.542693564833
3.08   0.544701429381   0.542693568887
3.176   0.544701428175   0.542693571017
3.272   0.544701427552   0.542693572136
3.368   0.54470142723   0.542693572724
3.464   0.544701427064   0.542693573033
3.56   0.544701426978   0.542693573195
3.656   0.544701426934   0.54269357328
3.752   0.544701426911   0.542693573325
3.848   0.544701426899   0.542693573349
3.944   0.544701426893   0.542693573361
4.04   0.54470142689   0.542693573367
4.136   0.544701426888   0.542693573371
4.232   0.544701426887   0.542693573373
4.328   0.544701426887   0.542693573374
4.424   0.544701426887   0.542693573374
4.52   0.544701426886   0.542693573374
4.616   0.544701426886   0.542693573375
4.712   0.544701426886   0.542693573375
4.808   0.544701426886   0.542693573375
4.904   0.544701426886   0.542693573375
5.0   0.544701426886   0.542693573375
5.096   0.544701426886   0.542693573375
5.192   0.544701426886   0.542693573375
5.288   0.544701426886   0.542693573375
5.384   0.544701426886   0.542693573375
5.48   0.544701426886   0.542693573375
5.576   0.544701426886   0.542693573375
5.672   0.544701426886   0.542693573375
5.768   0.544701426886   0.542693573375
5.864   0.544701426886   0.542693573375
5.96   0.544701426886   0.542693573375
6.056   0.544701426886   0.542693573375
6.152   0.544701426886   0.542693573375
6.248   0.544701426886   0.542693573375
6.344   0.544701426886   0.542693573375
6.44   0.544701426886   0.542693573375
6.536   0.544701426886   0.542693573375
6.632   0.544701426886   0.542693573375
6.728   0.544701426886   0.542693573375
6.824   0.544701426886   0.542693573375
6.92   0.544701426886   0.542693573375
7.016   0.544701426886   0.542693573375
7.112   0.544701426886   0.542693573375
7.208   0.544701426886   0.542693573375
7.304   0.544701426886   0.542693573375
7.4   0.544701426886   0.542693573375
7.496   0.544701426886   0.542693573375
7.592   0.544701426886   0.542693573375
7.688   0.544701426886   0.542693573375
7.784   0.544701426886   0.542693573375
7.88   0.544701426886   0.542693573375
7.976   0.544701426886   0.542693573375
8.072   0.544701426886   0.542693573375
8.168   0.544701426886   0.542693573375
8.264   0.544701426886   0.542693573375
8.36   0.544701426886   0.542693573375
8.456   0.544701426886   0.542693573375
8.552   0.544701426886   0.542693573375
8.648   0.544701426886   0.542693573375
8.744   0.544701426886   0.542693573375
8.84   0.544701426886   0.542693573375
8.936   0.544701426886   0.542693573375
9.032   0.544701426886   0.542693573375
9.128   0.544701426886   0.542693573375
9.224   0.544701426886   0.542693573375
9.32   0.544701426886   0.542693573375
9.416   0.544701426886   0.542693573375
9.512   0.544701426886   0.542693573375
9.608   0.544701426886   0.542693573375
9.704   0.544701426886   0.542693573375
