0.2   0.563325026815   0.41662784338
0.296   0.559212082596   0.457507746163
0.392   0.555664728915   0.484954203682
0.488   0.552662936968   0.503586791836
0.584   0.550172718748   0.516025999208
0.68   0.548150796201   0.524128269861
0.776   0.54654861131   0.529318894565
0.872   0.545315826388   0.532625335359
0.968   0.544401947957   0.534726017906
1.064   0.543755941872   0.536048937485
1.16   0.543324413137   0.536865831149
1.256   0.543053402959   0.537356171858
1.352   0.542893285863   0.537641516418
1.448   0.542801629047   0.537803369249
1.544   0.542751298482   0.537893804212
1.64   0.542724184146   0.537943487178
1.736   0.542709738316   0.537970676112
1.832   0.542702090133   0.537985501429
1.928   0.542698054934   0.537993569196
2.024   0.542695929989   0.537997954935
2.12   0.542694812139   0.538000337758
2.216   0.542694224408   0.538001632004
2.312   0.542693915489   0.53800233488
2.408   0.542693753144   0.538002716567
2.504   0.542693667834   0.53800292383
2.6   0.542693623007   0.538003036375
2.696   0.542693599453   0.538003097488
2.792   0.542693587077   0.538003130672
2.888   0.542693580574   0.53800314869
2.984   0.542693577158   0.538003158475
3.08   0.542693575362   0.538003163787
3.176   0.542693574419   0.538003166672
3.272   0.542693573923   0.538003168239
3.368   0.542693573663   0.538003169089
3.464   0.542693573526   0.538003169551
3.56   0.542693573454   0.538003169802
3.656   0.542693573416   0.538003169938
3.752   0.542693573397   0.538003170012
3.848   0.542693573386   0.538003170052
3.944   0.542693573381   0.538003170074
4.04   0.542693573378   0.538003170086
4.136   0.542693573376   0.538003170092
4.232   0.542693573376   0.538003170096
4.328   0.542693573375   0.538003170098
4.424   0.542693573375   0.538003170099
4.52   0.542693573375   0.538003170099
4.616   0.542693573375   0.5380031701
4.712   0.542693573375   0.5380031701
4.808   0.542693573375   0.5380031701
4.904   0.542693573375   0.5380031701
5.0   0.542693573375   0.5380031701
5.096   0.542693573375   0.5380031701
5.192   0.542693573375   0.5380031701
5.288   0.542693573375   0.5380031701
5.384   0.542693573375   0.5380031701
5.48   0.542693573375   0.5380031701
5.576   0.542693573375   0.5380031701
5.672   0.542693573375   0.5380031701
5.768   0.542693573375   0.5380031701
5.864   0.542693573375   0.5380031701
5.96   0.542693573375   0.5380031701
6.056   0.542693573375   0.5380031701
6.152   0.542693573375   0.5380031701
6.248   0.542693573375   0.5380031701
6.344   0.542693573375   0.5380031701
6.44   0.542693573375   0.5380031701
6.536   0.542693573375   0.5380031701
6.632   0.542693573375   0.5380031701
6.728   0.542693573375   0.5380031701
6.824   0.542693573375   0.5380031701
6.92   0.542693573375   0.5380031701
7.016   0.542693573375   0.5380031701
7.112   0.542693573375   0.5380031701
7.208   0.542693573375   0.5380031701
7.304   0.542693573375   0.5380031701
7.4   0.542693573375   0.5380031701
7.496   0.542693573375   0.5380031701
7.592   0.542693573375   0.5380031701
7.688   0.542693573375   0.5380031701
7.784   0.542693573375   0.5380031701
7.88   0.542693573375   0.5380031701
7.976   0.542693573375   0.5380031701
8.072   0.542693573375   0.5380031701
8.168   0.542693573375   0.5380031701
8.264   0.542693573375   0.5380031701
8.36   0.542693573375   0.5380031701
8.456   0.542693573375   0.5380031701
8.552   0.542693573375   0.5380031701
8.648   0.542693573375   0.5380031701
8.744   0.542693573375   0.5380031701
8.84   0.542693573375   0.5380031701
8.936   0.542693573375   0.5380031701
9.032   0.542693573375   0.5380031701
9.128   0.542693573375   0.5380031701
9.224   0.542693573375   0.5380031701
9.32   0.542693573375   0.5380031701
9.416   0.542693573375   0.5380031701
9.512   0.542693573375   0.5380031701
9.608   0.542693573375   0.5380031701
9.704   0.542693573375   0.5380031701
