0.2   0.563610634299   0.423576919838
0.296   0.559626381251   0.463021585134
0.392   0.556194399661   0.489549088202
0.488   0.553290162782   0.507512735665
0.584   0.55087501274   0.519433821707
0.68   0.54890083264   0.527146641723
0.776   0.547314192542   0.532074056859
0.872   0.546060526432   0.535232946684
0.968   0.54508743938   0.537283186334
1.064   0.544347048562   0.538630843023
1.16   0.543797215143   0.539522718665
1.256   0.543401752788   0.540110780517
1.352   0.543128577684   0.540492145861
1.448   0.542949496506   0.540731656387
1.544   0.542838565013   0.540877406638
1.64   0.542774215012   0.540960885757
1.736   0.542737077156   0.541008139112
1.832   0.54271676402   0.541034156658
1.928   0.542705854573   0.541048285421
2.024   0.542700053649   0.541055890909
2.12   0.542696986024   0.541059963395
2.216   0.54269536865   0.541062137506
2.312   0.542694517273   0.541063296229
2.408   0.542694069497   0.541063913229
2.504   0.542693834099   0.541064241613
2.6   0.54269371038   0.541064416343
2.696   0.542693645365   0.541064509303
2.792   0.542693611202   0.541064558756
2.888   0.54269359325   0.541064585063
2.984   0.542693583818   0.541064599057
3.08   0.542693578862   0.541064606501
3.176   0.542693576258   0.541064610461
3.272   0.54269357489   0.541064612567
3.368   0.542693574171   0.541064613687
3.464   0.542693573793   0.541064614283
3.56   0.542693573594   0.541064614601
3.656   0.54269357349   0.541064614769
3.752   0.542693573435   0.541064614859
3.848   0.542693573407   0.541064614907
3.944   0.542693573391   0.541064614932
4.04   0.542693573383   0.541064614946
4.136   0.542693573379   0.541064614953
4.232   0.542693573377   0.541064614957
4.328   0.542693573376   0.541064614959
4.424   0.542693573375   0.54106461496
4.52   0.542693573375   0.54106461496
4.616   0.542693573375   0.541064614961
4.712   0.542693573375   0.541064614961
4.808   0.542693573375   0.541064614961
4.904   0.542693573375   0.541064614961
5.0   0.542693573375   0.541064614961
5.096   0.542693573375   0.541064614961
5.192   0.542693573375   0.541064614961
5.288   0.542693573375   0.541064614961
5.384   0.542693573375   0.541064614961
5.48   0.542693573375   0.541064614961
5.576   0.542693573375   0.541064614961
5.672   0.542693573375   0.541064614961
5.768   0.542693573375   0.541064614961
5.864   0.542693573375   0.541064614961
5.96   0.542693573375   0.541064614961
6.056   0.542693573375   0.541064614961
6.152   0.542693573375   0.541064614961
6.248   0.542693573375   0.541064614961
6.344   0.542693573375   0.541064614961
6.44   0.542693573375   0.541064614961
6.536   0.542693573375   0.541064614961
6.632   0.542693573375   0.541064614961
6.728   0.542693573375   0.541064614961
6.824   0.542693573375   0.541064614961
6.92   0.542693573375   0.541064614961
7.016   0.542693573375   0.541064614961
7.112   0.542693573375   0.541064614961
7.208   0.542693573375   0.541064614961
7.304   0.542693573375   0.541064614961
7.4   0.542693573375   0.541064614961
7.496   0.542693573375   0.541064614961
7.592   0.542693573375   0.541064614961
7.688   0.542693573375   0.541064614961
7.784   0.542693573375   0.541064614961
7.88   0.542693573375   0.541064614961
7.976   0.542693573375   0.541064614961
8.072   0.542693573375   0.541064614961
8.168   0.542693573375   0.541064614961
8.264   0.542693573375   0.541064614961
8.36   0.542693573375   0.541064614961
8.456   0.542693573375   0.541064614961
8.552   0.542693573375   0.541064614961
8.648   0.542693573375   0.541064614961
8.744   0.542693573375   0.541064614961
8.84   0.542693573375   0.541064614961
8.936   0.542693573375   0.541064614961
9.032   0.542693573375   0.541064614961
9.128   0.542693573375   0.541064614961
9.224   0.542693573375   0.541064614961
9.32   0.542693573375   0.541064614961
9.416   0.542693573375   0.541064614961
9.512   0.542693573375   0.541064614961
9.608   0.542693573375   0.541064614961
9.704   0.542693573375   0.541064614961
