0.2   0.563966943109   0.412286188449
0.296   0.560110061602   0.458032818717
0.392   0.556779308735   0.487765800322
0.488   0.553954152934   0.507409075615
0.584   0.551599564466   0.520156604612
0.68   0.549670363219   0.528225802096
0.776   0.548115178503   0.533282275225
0.872   0.546880567077   0.536478075879
0.968   0.545914369313   0.538536626822
1.064   0.545168216662   0.539890959875
1.16   0.544599134269   0.540798902712
1.256   0.544170317277   0.541416384317
1.352   0.543851238737   0.541840762053
1.448   0.543617570452   0.542133299289
1.544   0.543449215778   0.542333861647
1.64   0.543331296796   0.542469925207
1.736   0.543251738783   0.542558616424
1.832   0.543203855139   0.542616038511
1.928   0.543171777992   0.542650207662
2.024   0.543152778687   0.54266709967
2.12   0.543142087637   0.542678331614
2.216   0.543136253248   0.542684929449
2.312   0.543133127391   0.542688734992
2.408   0.543131470213   0.542690900542
2.504   0.543130596734   0.542692114849
2.6   0.543130137767   0.542692785787
2.696   0.543129897004   0.542693151616
2.792   0.543129770816   0.542693348921
2.888   0.54312970471   0.542693454451
2.984   0.543129670087   0.542693510555
3.08   0.543129651955   0.542693540257
3.176   0.543129642461   0.542693555938
3.272   0.543129637489   0.542693564201
3.368   0.543129634886   0.542693568551
3.464   0.543129633523   0.542693570839
3.56   0.543129632809   0.542693572042
3.656   0.543129632436   0.542693572674
3.752   0.54312963224   0.542693573007
3.848   0.543129632138   0.542693573181
3.944   0.543129632084   0.542693573273
4.04   0.543129632056   0.542693573321
4.136   0.543129632041   0.542693573347
4.232   0.543129632033   0.54269357336
4.328   0.543129632029   0.542693573367
4.424   0.543129632027   0.542693573371
4.52   0.543129632026   0.542693573373
4.616   0.543129632026   0.542693573374
4.712   0.543129632025   0.542693573374
4.808   0.543129632025   0.542693573374
4.904   0.543129632025   0.542693573374
5.0   0.543129632025   0.542693573375
5.096   0.543129632025   0.542693573375
5.192   0.543129632025   0.542693573375
5.288   0.543129632025   0.542693573375
5.384   0.543129632025   0.542693573375
5.48   0.543129632025   0.542693573375
5.576   0.543129632025   0.542693573375
5.672   0.543129632025   0.542693573375
5.768   0.543129632025   0.542693573375
5.864   0.543129632025   0.542693573375
5.96   0.543129632025   0.542693573375
6.056   0.543129632025   0.542693573375
6.152   0.543129632025   0.542693573375
6.248   0.543129632025   0.542693573375
6.344   0.543129632025   0.542693573375
6.44   0.543129632025   0.542693573375
6.536   0.543129632025   0.542693573375
6.632   0.543129632025   0.542693573375
6.728   0.543129632025   0.542693573375
6.824   0.543129632025   0.542693573375
6.92   0.543129632025   0.542693573375
7.016   0.543129632025   0.542693573375
7.112   0.543129632025   0.542693573375
7.208   0.543129632025   0.542693573375
7.304   0.543129632025   0.542693573375
7.4   0.543129632025   0.542693573375
7.496   0.543129632025   0.542693573375
7.592   0.543129632025   0.542693573375
7.688   0.543129632025   0.542693573375
7.784   0.543129632025   0.542693573375
7.88   0.543129632025   0.542693573375
7.976   0.543129632025   0.542693573375
8.072   0.543129632025   0.542693573375
8.168   0.543129632025   0.542693573375
8.264   0.543129632025   0.542693573375
8.36   0.543129632025   0.542693573375
8.456   0.543129632025   0.542693573375
8.552   0.543129632025   0.542693573375
8.648   0.543129632025   0.542693573375
8.744   0.543129632025   0.542693573375
8.84   0.543129632025   0.542693573375
8.936   0.543129632025   0.542693573375
9.032   0.543129632025   0.542693573375
9.128   0.543129632025   0.542693573375
9.224   0.543129632025   0.542693573375
9.32   0.543129632025   0.542693573375
9.416   0.543129632025   0.542693573375
9.512   0.543129632025   0.542693573375
9.608   0.543129632025   0.542693573375
9.704   0.543129632025   0.542693573375
