0.2   0.564579675886   0.442789030869
0.296   0.561074579521   0.478199335747
0.392   0.55812086394   0.501980115656
0.488   0.555695007364   0.517778401145
0.584   0.553762486233   0.527871210692
0.68   0.55228101592   0.534060845319
0.776   0.551200788946   0.537757683828
0.872   0.550462210506   0.539927103549
0.968   0.549993654305   0.541174566685
1.064   0.549718361801   0.541874115267
1.16   0.549567184511   0.542256709732
1.256   0.549487191578   0.542462553589
1.352   0.549446402136   0.542571821635
1.448   0.549425937244   0.542629518044
1.544   0.549415759561   0.542659900075
1.64   0.549410721526   0.542675877761
1.736   0.549408233716   0.542684275411
1.832   0.549407006762   0.542688688066
1.928   0.549406402033   0.542691006566
2.024   0.549406104079   0.542692224731
2.12   0.549405957299   0.54269286477
2.216   0.549405884998   0.542693201057
2.312   0.549405849385   0.542693377749
2.408   0.549405831844   0.542693470588
2.504   0.549405823204   0.542693519367
2.6   0.549405818948   0.542693544998
2.696   0.549405816852   0.542693558465
2.792   0.54940581582   0.54269356554
2.888   0.549405815312   0.542693569258
2.984   0.549405815061   0.542693571212
3.08   0.549405814938   0.542693572238
3.176   0.549405814877   0.542693572778
3.272   0.549405814847   0.542693573061
3.368   0.549405814832   0.54269357321
3.464   0.549405814825   0.542693573288
3.56   0.549405814821   0.542693573329
3.656   0.54940581482   0.542693573351
3.752   0.549405814819   0.542693573362
3.848   0.549405814818   0.542693573368
3.944   0.549405814818   0.542693573371
4.04   0.549405814818   0.542693573373
4.136   0.549405814818   0.542693573374
4.232   0.549405814818   0.542693573374
4.328   0.549405814818   0.542693573374
4.424   0.549405814818   0.542693573375
4.52   0.549405814818   0.542693573375
4.616   0.549405814818   0.542693573375
4.712   0.549405814818   0.542693573375
4.808   0.549405814818   0.542693573375
4.904   0.549405814818   0.542693573375
5.0   0.549405814818   0.542693573375
5.096   0.549405814818   0.542693573375
5.192   0.549405814818   0.542693573375
5.288   0.549405814818   0.542693573375
5.384   0.549405814818   0.542693573375
5.48   0.549405814818   0.542693573375
5.576   0.549405814818   0.542693573375
5.672   0.549405814818   0.542693573375
5.768   0.549405814818   0.542693573375
5.864   0.549405814818   0.542693573375
5.96   0.549405814818   0.542693573375
6.056   0.549405814818   0.542693573375
6.152   0.549405814818   0.542693573375
6.248   0.549405814818   0.542693573375
6.344   0.549405814818   0.542693573375
6.44   0.549405814818   0.542693573375
6.536   0.549405814818   0.542693573375
6.632   0.549405814818   0.542693573375
6.728   0.549405814818   0.542693573375
6.824   0.549405814818   0.542693573375
6.92   0.549405814818   0.542693573375
7.016   0.549405814818   0.542693573375
7.112   0.549405814818   0.542693573375
7.208   0.549405814818   0.542693573375
7.304   0.549405814818   0.542693573375
7.4   0.549405814818   0.542693573375
7.496   0.549405814818   0.542693573375
7.592   0.549405814818   0.542693573375
7.688   0.549405814818   0.542693573375
7.784   0.549405814818   0.542693573375
7.88   0.549405814818   0.542693573375
7.976   0.549405814818   0.542693573375
8.072   0.549405814818   0.542693573375
8.168   0.549405814818   0.542693573375
8.264   0.549405814818   0.542693573375
8.36   0.549405814818   0.542693573375
8.456   0.549405814818   0.542693573375
8.552   0.549405814818   0.542693573375
8.648   0.549405814818   0.542693573375
8.744   0.549405814818   0.542693573375
8.84   0.549405814818   0.542693573375
8.936   0.549405814818   0.542693573375
9.032   0.549405814818   0.542693573375
9.128   0.549405814818   0.542693573375
9.224   0.549405814818   0.542693573375
9.32   0.549405814818   0.542693573375
9.416   0.549405814818   0.542693573375
9.512   0.549405814818   0.542693573375
9.608   0.549405814818   0.542693573375
9.704   0.549405814818   0.542693573375
