0.2   0.5679852928   0.464670042851
0.296   0.566388724177   0.499152319076
0.392   0.565451891423   0.519860723782
0.488   0.564997027769   0.531332278114
0.584   0.56481029186   0.537121177546
0.68   0.564741805418   0.539928206852
0.776   0.564717896386   0.541297346978
0.872   0.564709807306   0.54197858007
0.968   0.564707094791   0.542323845583
1.064   0.564706188336   0.542501175296
1.16   0.564705885816   0.542593061467
1.256   0.564705784902   0.54264093968
1.352   0.564705751246   0.542665972407
1.448   0.564705740021   0.542679087445
1.544   0.564705736278   0.542685966975
1.64   0.56470573503   0.54268957822
1.736   0.564705734613   0.542691474639
1.832   0.564705734475   0.542692470765
1.928   0.564705734428   0.542692994069
2.024   0.564705734413   0.542693269001
2.12   0.564705734408   0.542693413451
2.216   0.564705734406   0.542693489347
2.312   0.564705734405   0.542693529224
2.408   0.564705734405   0.542693550177
2.504   0.564705734405   0.542693561186
2.6   0.564705734405   0.54269356697
2.696   0.564705734405   0.54269357001
2.792   0.564705734405   0.542693571607
2.888   0.564705734405   0.542693572446
2.984   0.564705734405   0.542693572887
3.08   0.564705734405   0.542693573118
3.176   0.564705734405   0.54269357324
3.272   0.564705734405   0.542693573304
3.368   0.564705734405   0.542693573337
3.464   0.564705734405   0.542693573355
3.56   0.564705734405   0.542693573364
3.656   0.564705734405   0.542693573369
3.752   0.564705734405   0.542693573372
3.848   0.564705734405   0.542693573373
3.944   0.564705734405   0.542693573374
4.04   0.564705734405   0.542693573374
4.136   0.564705734405   0.542693573374
4.232   0.564705734405   0.542693573375
4.328   0.564705734405   0.542693573375
4.424   0.564705734405   0.542693573375
4.52   0.564705734405   0.542693573375
4.616   0.564705734405   0.542693573375
4.712   0.564705734405   0.542693573375
4.808   0.564705734405   0.542693573375
4.904   0.564705734405   0.542693573375
5.0   0.564705734405   0.542693573375
5.096   0.564705734405   0.542693573375
5.192   0.564705734405   0.542693573375
5.288   0.564705734405   0.542693573375
5.384   0.564705734405   0.542693573375
5.48   0.564705734405   0.542693573375
5.576   0.564705734405   0.542693573375
5.672   0.564705734405   0.542693573375
5.768   0.564705734405   0.542693573375
5.864   0.564705734405   0.542693573375
5.96   0.564705734405   0.542693573375
6.056   0.564705734405   0.542693573375
6.152   0.564705734405   0.542693573375
6.248   0.564705734405   0.542693573375
6.344   0.564705734405   0.542693573375
6.44   0.564705734405   0.542693573375
6.536   0.564705734405   0.542693573375
6.632   0.564705734405   0.542693573375
6.728   0.564705734405   0.542693573375
6.824   0.564705734405   0.542693573375
6.92   0.564705734405   0.542693573375
7.016   0.564705734405   0.542693573375
7.112   0.564705734405   0.542693573375
7.208   0.564705734405   0.542693573375
7.304   0.564705734405   0.542693573375
7.4   0.564705734405   0.542693573375
7.496   0.564705734405   0.542693573375
7.592   0.564705734405   0.542693573375
7.688   0.564705734405   0.542693573375
7.784   0.564705734405   0.542693573375
7.88   0.564705734405   0.542693573375
7.976   0.564705734405   0.542693573375
8.072   0.564705734405   0.542693573375
8.168   0.564705734405   0.542693573375
8.264   0.564705734405   0.542693573375
8.36   0.564705734405   0.542693573375
8.456   0.564705734405   0.542693573375
8.552   0.564705734405   0.542693573375
8.648   0.564705734405   0.542693573375
8.744   0.564705734405   0.542693573375
8.84   0.564705734405   0.542693573375
8.936   0.564705734405   0.542693573375
9.032   0.564705734405   0.542693573375
9.128   0.564705734405   0.542693573375
9.224   0.564705734405   0.542693573375
9.32   0.564705734405   0.542693573375
9.416   0.564705734405   0.542693573375
9.512   0.564705734405   0.542693573375
9.608   0.564705734405   0.542693573375
9.704   0.564705734405   0.542693573375
