0.2   0.567271669078   0.461456200966
0.296   0.565261901581   0.495982640967
0.392   0.56392186377   0.517333505998
0.488   0.563149707583   0.529685169658
0.584   0.562768891151   0.536197597002
0.68   0.562603925794   0.53944545875
0.776   0.562537380992   0.541049861368
0.872   0.562511895367   0.541851585996
0.968   0.562502308085   0.542258337768
1.064   0.562498729813   0.542467182493
1.16   0.562497398741   0.542575343625
1.256   0.56249690428   0.542631676703
1.352   0.562496720703   0.542661120171
1.448   0.562496652562   0.542676542573
1.544   0.562496627272   0.542684631257
1.64   0.562496617885   0.542688876832
1.736   0.562496614402   0.542691106241
1.832   0.562496613109   0.542692277238
1.928   0.562496612629   0.542692892396
2.024   0.562496612451   0.542693215582
2.12   0.562496612385   0.542693385384
2.216   0.562496612361   0.5426934746
2.312   0.562496612351   0.542693521476
2.408   0.562496612348   0.542693546106
2.504   0.562496612347   0.542693559047
2.6   0.562496612346   0.542693565846
2.696   0.562496612346   0.542693569419
2.792   0.562496612346   0.542693571296
2.888   0.562496612346   0.542693572283
2.984   0.562496612346   0.542693572801
3.08   0.562496612346   0.542693573073
3.176   0.562496612346   0.542693573216
3.272   0.562496612346   0.542693573291
3.368   0.562496612346   0.542693573331
3.464   0.562496612346   0.542693573352
3.56   0.562496612346   0.542693573363
3.656   0.562496612346   0.542693573368
3.752   0.562496612346   0.542693573371
3.848   0.562496612346   0.542693573373
3.944   0.562496612346   0.542693573374
4.04   0.562496612346   0.542693573374
4.136   0.562496612346   0.542693573374
4.232   0.562496612346   0.542693573375
4.328   0.562496612346   0.542693573375
4.424   0.562496612346   0.542693573375
4.52   0.562496612346   0.542693573375
4.616   0.562496612346   0.542693573375
4.712   0.562496612346   0.542693573375
4.808   0.562496612346   0.542693573375
4.904   0.562496612346   0.542693573375
5.0   0.562496612346   0.542693573375
5.096   0.562496612346   0.542693573375
5.192   0.562496612346   0.542693573375
5.288   0.562496612346   0.542693573375
5.384   0.562496612346   0.542693573375
5.48   0.562496612346   0.542693573375
5.576   0.562496612346   0.542693573375
5.672   0.562496612346   0.542693573375
5.768   0.562496612346   0.542693573375
5.864   0.562496612346   0.542693573375
5.96   0.562496612346   0.542693573375
6.056   0.562496612346   0.542693573375
6.152   0.562496612346   0.542693573375
6.248   0.562496612346   0.542693573375
6.344   0.562496612346   0.542693573375
6.44   0.562496612346   0.542693573375
6.536   0.562496612346   0.542693573375
6.632   0.562496612346   0.542693573375
6.728   0.562496612346   0.542693573375
6.824   0.562496612346   0.542693573375
6.92   0.562496612346   0.542693573375
7.016   0.562496612346   0.542693573375
7.112   0.562496612346   0.542693573375
7.208   0.562496612346   0.542693573375
7.304   0.562496612346   0.542693573375
7.4   0.562496612346   0.542693573375
7.496   0.562496612346   0.542693573375
7.592   0.562496612346   0.542693573375
7.688   0.562496612346   0.542693573375
7.784   0.562496612346   0.542693573375
7.88   0.562496612346   0.542693573375
7.976   0.562496612346   0.542693573375
8.072   0.562496612346   0.542693573375
8.168   0.562496612346   0.542693573375
8.264   0.562496612346   0.542693573375
8.36   0.562496612346   0.542693573375
8.456   0.562496612346   0.542693573375
8.552   0.562496612346   0.542693573375
8.648   0.562496612346   0.542693573375
8.744   0.562496612346   0.542693573375
8.84   0.562496612346   0.542693573375
8.936   0.562496612346   0.542693573375
9.032   0.562496612346   0.542693573375
9.128   0.562496612346   0.542693573375
9.224   0.562496612346   0.542693573375
9.32   0.562496612346   0.542693573375
9.416   0.562496612346   0.542693573375
9.512   0.562496612346   0.542693573375
9.608   0.562496612346   0.542693573375
9.704   0.562496612346   0.542693573375
