0.2   0.562710379656   0.413408373792
0.296   0.558364996536   0.452483881112
0.392   0.554640309442   0.479159821252
0.488   0.551523920233   0.497545478397
0.584   0.548989408647   0.510014270388
0.68   0.546998924116   0.518243601546
0.776   0.545503061115   0.523531395094
0.872   0.544438648426   0.526850168161
0.968   0.543727521708   0.528885634569
1.064   0.543282068124   0.530104599039
1.16   0.543018596165   0.53081866753
1.256   0.542869660526   0.531229712792
1.352   0.54278764106   0.531463836645
1.448   0.542743461491   0.531596167129
1.544   0.542719921596   0.531670716134
1.64   0.542707456788   0.531712643296
1.736   0.542700879435   0.531736204922
1.832   0.542697415435   0.531749441253
1.928   0.542695593033   0.531756876168
2.024   0.542694634828   0.531761052274
2.12   0.542694131169   0.531763397958
2.216   0.542693866478   0.531764715532
2.312   0.542693727386   0.531765455628
2.408   0.542693654299   0.531765871354
2.504   0.542693615895   0.531766104877
2.6   0.542693595716   0.531766236054
2.696   0.542693585114   0.53176630974
2.792   0.542693579543   0.531766351131
2.888   0.542693576616   0.531766374383
2.984   0.542693575078   0.531766387444
3.08   0.542693574269   0.53176639478
3.176   0.542693573845   0.531766398902
3.272   0.542693573622   0.531766401217
3.368   0.542693573504   0.531766402517
3.464   0.542693573443   0.531766403248
3.56   0.54269357341   0.531766403658
3.656   0.542693573393   0.531766403889
3.752   0.542693573385   0.531766404018
3.848   0.54269357338   0.531766404091
3.944   0.542693573377   0.531766404132
4.04   0.542693573376   0.531766404155
4.136   0.542693573375   0.531766404168
4.232   0.542693573375   0.531766404175
4.328   0.542693573375   0.531766404179
4.424   0.542693573375   0.531766404181
4.52   0.542693573375   0.531766404183
4.616   0.542693573375   0.531766404183
4.712   0.542693573375   0.531766404184
4.808   0.542693573375   0.531766404184
4.904   0.542693573375   0.531766404184
5.0   0.542693573375   0.531766404184
5.096   0.542693573375   0.531766404184
5.192   0.542693573375   0.531766404184
5.288   0.542693573375   0.531766404184
5.384   0.542693573375   0.531766404184
5.48   0.542693573375   0.531766404184
5.576   0.542693573375   0.531766404184
5.672   0.542693573375   0.531766404184
5.768   0.542693573375   0.531766404184
5.864   0.542693573375   0.531766404184
5.96   0.542693573375   0.531766404184
6.056   0.542693573375   0.531766404184
6.152   0.542693573375   0.531766404184
6.248   0.542693573375   0.531766404184
6.344   0.542693573375   0.531766404184
6.44   0.542693573375   0.531766404184
6.536   0.542693573375   0.531766404184
6.632   0.542693573375   0.531766404184
6.728   0.542693573375   0.531766404184
6.824   0.542693573375   0.531766404184
6.92   0.542693573375   0.531766404184
7.016   0.542693573375   0.531766404184
7.112   0.542693573375   0.531766404184
7.208   0.542693573375   0.531766404184
7.304   0.542693573375   0.531766404184
7.4   0.542693573375   0.531766404184
7.496   0.542693573375   0.531766404184
7.592   0.542693573375   0.531766404184
7.688   0.542693573375   0.531766404184
7.784   0.542693573375   0.531766404184
7.88   0.542693573375   0.531766404184
7.976   0.542693573375   0.531766404184
8.072   0.542693573375   0.531766404184
8.168   0.542693573375   0.531766404184
8.264   0.542693573375   0.531766404184
8.36   0.542693573375   0.531766404184
8.456   0.542693573375   0.531766404184
8.552   0.542693573375   0.531766404184
8.648   0.542693573375   0.531766404184
8.744   0.542693573375   0.531766404184
8.84   0.542693573375   0.531766404184
8.936   0.542693573375   0.531766404184
9.032   0.542693573375   0.531766404184
9.128   0.542693573375   0.531766404184
9.224   0.542693573375   0.531766404184
9.32   0.542693573375   0.531766404184
9.416   0.542693573375   0.531766404184
9.512   0.542693573375   0.531766404184
9.608   0.542693573375   0.531766404184
9.704   0.542693573375   0.531766404184
