0.2   0.568430445794   0.462170511518
0.296   0.567074492801   0.498880344418
0.392   0.56634960757   0.520295954771
0.488   0.566036361184   0.531776757015
0.584   0.56592222409   0.537401683963
0.68   0.565883961847   0.540080873942
0.776   0.565871843657   0.541376958977
0.872   0.565868061144   0.542019808551
0.968   0.565866886923   0.542345219718
1.064   0.565866523124   0.542512297854
1.16   0.56586641049   0.542598868095
1.256   0.565866375625   0.542643978193
1.352   0.565866364835   0.542667564907
1.448   0.565866361495   0.542679922917
1.544   0.565866360461   0.54268640556
1.64   0.565866360141   0.542689808543
1.736   0.565866360042   0.54269159562
1.832   0.565866360012   0.542692534321
1.928   0.565866360002   0.54269302746
2.024   0.565866359999   0.542693286545
2.12   0.565866359998   0.542693422668
2.216   0.565866359998   0.54269349419
2.312   0.565866359998   0.542693531769
2.408   0.565866359998   0.542693551514
2.504   0.565866359998   0.542693561888
2.6   0.565866359998   0.542693567339
2.696   0.565866359998   0.542693570204
2.792   0.565866359998   0.542693571708
2.888   0.565866359998   0.542693572499
2.984   0.565866359998   0.542693572915
3.08   0.565866359998   0.542693573133
3.176   0.565866359998   0.542693573248
3.272   0.565866359998   0.542693573308
3.368   0.565866359998   0.54269357334
3.464   0.565866359998   0.542693573356
3.56   0.565866359998   0.542693573365
3.656   0.565866359998   0.54269357337
3.752   0.565866359998   0.542693573372
3.848   0.565866359998   0.542693573373
3.944   0.565866359998   0.542693573374
4.04   0.565866359998   0.542693573374
4.136   0.565866359998   0.542693573374
4.232   0.565866359998   0.542693573375
4.328   0.565866359998   0.542693573375
4.424   0.565866359998   0.542693573375
4.52   0.565866359998   0.542693573375
4.616   0.565866359998   0.542693573375
4.712   0.565866359998   0.542693573375
4.808   0.565866359998   0.542693573375
4.904   0.565866359998   0.542693573375
5.0   0.565866359998   0.542693573375
5.096   0.565866359998   0.542693573375
5.192   0.565866359998   0.542693573375
5.288   0.565866359998   0.542693573375
5.384   0.565866359998   0.542693573375
5.48   0.565866359998   0.542693573375
5.576   0.565866359998   0.542693573375
5.672   0.565866359998   0.542693573375
5.768   0.565866359998   0.542693573375
5.864   0.565866359998   0.542693573375
5.96   0.565866359998   0.542693573375
6.056   0.565866359998   0.542693573375
6.152   0.565866359998   0.542693573375
6.248   0.565866359998   0.542693573375
6.344   0.565866359998   0.542693573375
6.44   0.565866359998   0.542693573375
6.536   0.565866359998   0.542693573375
6.632   0.565866359998   0.542693573375
6.728   0.565866359998   0.542693573375
6.824   0.565866359998   0.542693573375
6.92   0.565866359998   0.542693573375
7.016   0.565866359998   0.542693573375
7.112   0.565866359998   0.542693573375
7.208   0.565866359998   0.542693573375
7.304   0.565866359998   0.542693573375
7.4   0.565866359998   0.542693573375
7.496   0.565866359998   0.542693573375
7.592   0.565866359998   0.542693573375
7.688   0.565866359998   0.542693573375
7.784   0.565866359998   0.542693573375
7.88   0.565866359998   0.542693573375
7.976   0.565866359998   0.542693573375
8.072   0.565866359998   0.542693573375
8.168   0.565866359998   0.542693573375
8.264   0.565866359998   0.542693573375
8.36   0.565866359998   0.542693573375
8.456   0.565866359998   0.542693573375
8.552   0.565866359998   0.542693573375
8.648   0.565866359998   0.542693573375
8.744   0.565866359998   0.542693573375
8.84   0.565866359998   0.542693573375
8.936   0.565866359998   0.542693573375
9.032   0.565866359998   0.542693573375
9.128   0.565866359998   0.542693573375
9.224   0.565866359998   0.542693573375
9.32   0.565866359998   0.542693573375
9.416   0.565866359998   0.542693573375
9.512   0.565866359998   0.542693573375
9.608   0.565866359998   0.542693573375
9.704   0.565866359998   0.542693573375
