0.2   0.563797242637   0.424156714106
0.296   0.559892055031   0.464184117785
0.392   0.556530335578   0.490943528561
0.488   0.553687245901   0.508953612554
0.584   0.55132382827   0.520817498037
0.68   0.549391597525   0.528431808132
0.776   0.547836598562   0.533263094143
0.872   0.546603502187   0.536348321999
0.968   0.545638853402   0.538352032012
1.064   0.544893428347   0.539679190207
1.16   0.544323678503   0.540574490869
1.256   0.543892365075   0.541187701122
1.352   0.543568558401   0.541613354471
1.448   0.543327201083   0.54191152179
1.544   0.543148799601   0.542121485098
1.64   0.543017132248   0.542271899379
1.736   0.542920698735   0.542376507846
1.832   0.542850512715   0.542453070143
1.928   0.542799844431   0.542506623333
2.024   0.542770366314   0.542545612933
2.12   0.542745955164   0.542572503048
2.216   0.542728250083   0.542721767054
2.312   0.542715962656   0.542713766164
2.408   0.542707682094   0.542706866701
2.504   0.542702253846   0.542701930795
2.6   0.542698793236   0.542698659427
2.696   0.542696646753   0.542696589703
2.792   0.542695349305   0.542695324539
2.888   0.542694583081   0.542694572214
2.984   0.54269413963   0.542694134832
3.08   0.542693887335   0.542693885208
3.176   0.54269374582   0.542693744876
3.272   0.542693667364   0.542693666944
3.368   0.54269362428   0.542693624093
3.464   0.542693600803   0.54269360072
3.56   0.542693588091   0.542693588054
3.656   0.542693581243   0.542693581227
3.752   0.54269357757   0.542693577562
3.848   0.542693575606   0.542693575603
3.944   0.542693574559   0.542693574558
4.04   0.542693574002   0.542693574002
4.136   0.542693573707   0.542693573707
4.232   0.54269357355   0.54269357355
4.328   0.542693573467   0.542693573467
4.424   0.542693573424   0.542693573424
4.52   0.5426935734   0.5426935734
4.616   0.542693573388   0.542693573388
4.712   0.542693573382   0.542693573382
4.808   0.542693573378   0.542693573378
4.904   0.542693573377   0.542693573377
5.0   0.542693573376   0.542693573376
5.096   0.542693573375   0.542693573375
5.192   0.542693573375   0.542693573375
5.288   0.542693573375   0.542693573375
5.384   0.542693573375   0.542693573375
5.48   0.542693573375   0.542693573375
5.576   0.542693573375   0.542693573375
5.672   0.542693573375   0.542693573375
5.768   0.542693573375   0.542693573375
5.864   0.542693573375   0.542693573375
5.96   0.542693573375   0.542693573375
6.056   0.542693573375   0.542693573375
6.152   0.542693573375   0.542693573375
6.248   0.542693573375   0.542693573375
6.344   0.542693573375   0.542693573375
6.44   0.542693573375   0.542693573375
6.536   0.542693573375   0.542693573375
6.632   0.542693573375   0.542693573375
6.728   0.542693573375   0.542693573375
6.824   0.542693573375   0.542693573375
6.92   0.542693573375   0.542693573375
7.016   0.542693573375   0.542693573375
7.112   0.542693573375   0.542693573375
7.208   0.542693573375   0.542693573375
7.304   0.542693573375   0.542693573375
7.4   0.542693573375   0.542693573375
7.496   0.542693573375   0.542693573375
7.592   0.542693573375   0.542693573375
7.688   0.542693573375   0.542693573375
7.784   0.542693573375   0.542693573375
7.88   0.542693573375   0.542693573375
7.976   0.542693573375   0.542693573375
8.072   0.542693573375   0.542693573375
8.168   0.542693573375   0.542693573375
8.264   0.542693573375   0.542693573375
8.36   0.542693573375   0.542693573375
8.456   0.542693573375   0.542693573375
8.552   0.542693573375   0.542693573375
8.648   0.542693573375   0.542693573375
8.744   0.542693573375   0.542693573375
8.84   0.542693573375   0.542693573375
8.936   0.542693573375   0.542693573375
9.032   0.542693573375   0.542693573375
9.128   0.542693573375   0.542693573375
9.224   0.542693573375   0.542693573375
9.32   0.542693573375   0.542693573375
9.416   0.542693573375   0.542693573375
9.512   0.542693573375   0.542693573375
9.608   0.542693573375   0.542693573375
9.704   0.542693573375   0.542693573375
