0.2   0.562777401325   0.407420574187
0.296   0.558445272309   0.449081431911
0.392   0.554724052231   0.477173616121
0.488   0.551603765783   0.496385397415
0.584   0.549060237546   0.509343211545
0.68   0.547057634124   0.517858993645
0.776   0.545548397083   0.523313027728
0.872   0.544471084783   0.526728798862
0.968   0.5437489864   0.52882154046
1.064   0.543295289739   0.530074440712
1.16   0.543026287264   0.530808433907
1.256   0.542873965973   0.531230988886
1.352   0.542789983126   0.531471694899
1.448   0.54274471641   0.531607741394
1.544   0.542720588176   0.531684379153
1.64   0.54270780913   0.531727477737
1.736   0.542701065172   0.531751695638
1.832   0.5426975132   0.53176529949
1.928   0.542695644452   0.5317729402
2.024   0.542694661859   0.531777231542
2.12   0.542694145376   0.531779641758
2.216   0.542693873944   0.531780995472
2.312   0.542693731309   0.531781755807
2.408   0.54269365636   0.531782182868
2.504   0.542693616978   0.53178242274
2.6   0.542693596285   0.531782557472
2.696   0.542693585413   0.531782633149
2.792   0.5426935797   0.531782675656
2.888   0.542693576698   0.531782699532
2.984   0.542693575121   0.531782712943
3.08   0.542693574292   0.531782720476
3.176   0.542693573857   0.531782724707
3.272   0.542693573628   0.531782727083
3.368   0.542693573508   0.531782728418
3.464   0.542693573445   0.531782729168
3.56   0.542693573411   0.531782729589
3.656   0.542693573394   0.531782729826
3.752   0.542693573385   0.531782729959
3.848   0.54269357338   0.531782730033
3.944   0.542693573377   0.531782730075
4.04   0.542693573376   0.531782730099
4.136   0.542693573375   0.531782730112
4.232   0.542693573375   0.531782730119
4.328   0.542693573375   0.531782730124
4.424   0.542693573375   0.531782730126
4.52   0.542693573375   0.531782730127
4.616   0.542693573375   0.531782730128
4.712   0.542693573375   0.531782730128
4.808   0.542693573375   0.531782730129
4.904   0.542693573375   0.531782730129
5.0   0.542693573375   0.531782730129
5.096   0.542693573375   0.531782730129
5.192   0.542693573375   0.531782730129
5.288   0.542693573375   0.531782730129
5.384   0.542693573375   0.531782730129
5.48   0.542693573375   0.531782730129
5.576   0.542693573375   0.531782730129
5.672   0.542693573375   0.531782730129
5.768   0.542693573375   0.531782730129
5.864   0.542693573375   0.531782730129
5.96   0.542693573375   0.531782730129
6.056   0.542693573375   0.531782730129
6.152   0.542693573375   0.531782730129
6.248   0.542693573375   0.531782730129
6.344   0.542693573375   0.531782730129
6.44   0.542693573375   0.531782730129
6.536   0.542693573375   0.531782730129
6.632   0.542693573375   0.531782730129
6.728   0.542693573375   0.531782730129
6.824   0.542693573375   0.531782730129
6.92   0.542693573375   0.531782730129
7.016   0.542693573375   0.531782730129
7.112   0.542693573375   0.531782730129
7.208   0.542693573375   0.531782730129
7.304   0.542693573375   0.531782730129
7.4   0.542693573375   0.531782730129
7.496   0.542693573375   0.531782730129
7.592   0.542693573375   0.531782730129
7.688   0.542693573375   0.531782730129
7.784   0.542693573375   0.531782730129
7.88   0.542693573375   0.531782730129
7.976   0.542693573375   0.531782730129
8.072   0.542693573375   0.531782730129
8.168   0.542693573375   0.531782730129
8.264   0.542693573375   0.531782730129
8.36   0.542693573375   0.531782730129
8.456   0.542693573375   0.531782730129
8.552   0.542693573375   0.531782730129
8.648   0.542693573375   0.531782730129
8.744   0.542693573375   0.531782730129
8.84   0.542693573375   0.531782730129
8.936   0.542693573375   0.531782730129
9.032   0.542693573375   0.531782730129
9.128   0.542693573375   0.531782730129
9.224   0.542693573375   0.531782730129
9.32   0.542693573375   0.531782730129
9.416   0.542693573375   0.531782730129
9.512   0.542693573375   0.531782730129
9.608   0.542693573375   0.531782730129
9.704   0.542693573375   0.531782730129
