0.2   0.56311437191   0.397970690321
0.296   0.558889506829   0.445207168655
0.392   0.555237691574   0.476160665815
0.488   0.552149260579   0.496925858557
0.584   0.549600408235   0.51071999961
0.68   0.547556844518   0.5196757333
0.776   0.545975934345   0.52537180226
0.872   0.544806983094   0.528941920958
0.968   0.543989525875   0.531147443725
1.064   0.543452712636   0.532483828032
1.16   0.543121812721   0.533275001713
1.256   0.542929033215   0.533732993501
1.352   0.542820397916   0.533993522313
1.448   0.542761154419   0.534140163634
1.544   0.542729361493   0.534221922592
1.64   0.542712458638   0.534267475428
1.736   0.542703519604   0.534292781445
1.832   0.542698806102   0.534306826645
1.928   0.542696324711   0.534314618433
2.024   0.542695019551   0.534318940159
2.12   0.542694333393   0.534321337
2.216   0.542693972755   0.53432266625
2.312   0.542693783233   0.534323403423
2.408   0.542693683644   0.534323812243
2.504   0.542693631315   0.534324038966
2.6   0.542693603818   0.534324164703
2.696   0.542693589371   0.534324234434
2.792   0.54269358178   0.534324273105
2.888   0.542693577791   0.534324294552
2.984   0.542693575695   0.534324306446
3.08   0.542693574594   0.534324313042
3.176   0.542693574015   0.5343243167
3.272   0.542693573711   0.534324318729
3.368   0.542693573552   0.534324319854
3.464   0.542693573468   0.534324320478
3.56   0.542693573423   0.534324320824
3.656   0.5426935734   0.534324321016
3.752   0.542693573388   0.534324321123
3.848   0.542693573382   0.534324321182
3.944   0.542693573378   0.534324321214
4.04   0.542693573377   0.534324321233
4.136   0.542693573376   0.534324321243
4.232   0.542693573375   0.534324321248
4.328   0.542693573375   0.534324321251
4.424   0.542693573375   0.534324321253
4.52   0.542693573375   0.534324321254
4.616   0.542693573375   0.534324321254
4.712   0.542693573375   0.534324321255
4.808   0.542693573375   0.534324321255
4.904   0.542693573375   0.534324321255
5.0   0.542693573375   0.534324321255
5.096   0.542693573375   0.534324321255
5.192   0.542693573375   0.534324321255
5.288   0.542693573375   0.534324321255
5.384   0.542693573375   0.534324321255
5.48   0.542693573375   0.534324321255
5.576   0.542693573375   0.534324321255
5.672   0.542693573375   0.534324321255
5.768   0.542693573375   0.534324321255
5.864   0.542693573375   0.534324321255
5.96   0.542693573375   0.534324321255
6.056   0.542693573375   0.534324321255
6.152   0.542693573375   0.534324321255
6.248   0.542693573375   0.534324321255
6.344   0.542693573375   0.534324321255
6.44   0.542693573375   0.534324321255
6.536   0.542693573375   0.534324321255
6.632   0.542693573375   0.534324321255
6.728   0.542693573375   0.534324321255
6.824   0.542693573375   0.534324321255
6.92   0.542693573375   0.534324321255
7.016   0.542693573375   0.534324321255
7.112   0.542693573375   0.534324321255
7.208   0.542693573375   0.534324321255
7.304   0.542693573375   0.534324321255
7.4   0.542693573375   0.534324321255
7.496   0.542693573375   0.534324321255
7.592   0.542693573375   0.534324321255
7.688   0.542693573375   0.534324321255
7.784   0.542693573375   0.534324321255
7.88   0.542693573375   0.534324321255
7.976   0.542693573375   0.534324321255
8.072   0.542693573375   0.534324321255
8.168   0.542693573375   0.534324321255
8.264   0.542693573375   0.534324321255
8.36   0.542693573375   0.534324321255
8.456   0.542693573375   0.534324321255
8.552   0.542693573375   0.534324321255
8.648   0.542693573375   0.534324321255
8.744   0.542693573375   0.534324321255
8.84   0.542693573375   0.534324321255
8.936   0.542693573375   0.534324321255
9.032   0.542693573375   0.534324321255
9.128   0.542693573375   0.534324321255
9.224   0.542693573375   0.534324321255
9.32   0.542693573375   0.534324321255
9.416   0.542693573375   0.534324321255
9.512   0.542693573375   0.534324321255
9.608   0.542693573375   0.534324321255
9.704   0.542693573375   0.534324321255
