0.2   0.563797792446   0.416487522189
0.296   0.559876678508   0.45966015489
0.392   0.556492301202   0.488124474946
0.488   0.553622676094   0.507131333532
0.584   0.551231372894   0.519591542078
0.68   0.549271975294   0.527560240409
0.776   0.547692100525   0.532600709281
0.872   0.546437531962   0.535810367086
0.968   0.545455559064   0.537889137886
1.064   0.544697455823   0.539261622083
1.16   0.544120052695   0.540183179418
1.256   0.543686479885   0.540809325824
1.352   0.543366221203   0.541237550646
1.448   0.543134848545   0.541529473229
1.544   0.542972093423   0.541725622292
1.64   0.542862189553   0.541854262412
1.736   0.542791570335   0.541934680209
1.832   0.542750365009   0.541982897206
1.928   0.542724761305   0.542010882975
2.024   0.542710354647   0.542026755175
2.12   0.542702505549   0.542035594312
2.216   0.542698299384   0.542040440913
2.312   0.542696065799   0.5420430649
2.408   0.542694885554   0.542044472239
2.504   0.542694263553   0.542045222262
2.6   0.542693936216   0.542045620396
2.696   0.542693764078   0.542045831244
2.792   0.542693673591   0.542045942761
2.888   0.542693626036   0.542046001699
2.984   0.542693601046   0.542046032837
3.08   0.542693587914   0.542046049283
3.176   0.542693581014   0.54204605797
3.272   0.542693577389   0.542046062557
3.368   0.542693575484   0.542046064979
3.464   0.542693574483   0.542046066259
3.56   0.542693573957   0.542046066934
3.656   0.542693573681   0.542046067291
3.752   0.542693573535   0.542046067479
3.848   0.542693573459   0.542046067579
3.944   0.542693573419   0.542046067631
4.04   0.542693573398   0.542046067659
4.136   0.542693573387   0.542046067674
4.232   0.542693573381   0.542046067682
4.328   0.542693573378   0.542046067686
4.424   0.542693573376   0.542046067688
4.52   0.542693573376   0.542046067689
4.616   0.542693573375   0.54204606769
4.712   0.542693573375   0.54204606769
4.808   0.542693573375   0.54204606769
4.904   0.542693573375   0.54204606769
5.0   0.542693573375   0.54204606769
5.096   0.542693573375   0.54204606769
5.192   0.542693573375   0.54204606769
5.288   0.542693573375   0.54204606769
5.384   0.542693573375   0.54204606769
5.48   0.542693573375   0.54204606769
5.576   0.542693573375   0.54204606769
5.672   0.542693573375   0.54204606769
5.768   0.542693573375   0.54204606769
5.864   0.542693573375   0.54204606769
5.96   0.542693573375   0.54204606769
6.056   0.542693573375   0.54204606769
6.152   0.542693573375   0.54204606769
6.248   0.542693573375   0.54204606769
6.344   0.542693573375   0.54204606769
6.44   0.542693573375   0.54204606769
6.536   0.542693573375   0.54204606769
6.632   0.542693573375   0.54204606769
6.728   0.542693573375   0.54204606769
6.824   0.542693573375   0.54204606769
6.92   0.542693573375   0.54204606769
7.016   0.542693573375   0.54204606769
7.112   0.542693573375   0.54204606769
7.208   0.542693573375   0.54204606769
7.304   0.542693573375   0.54204606769
7.4   0.542693573375   0.54204606769
7.496   0.542693573375   0.54204606769
7.592   0.542693573375   0.54204606769
7.688   0.542693573375   0.54204606769
7.784   0.542693573375   0.54204606769
7.88   0.542693573375   0.54204606769
7.976   0.542693573375   0.54204606769
8.072   0.542693573375   0.54204606769
8.168   0.542693573375   0.54204606769
8.264   0.542693573375   0.54204606769
8.36   0.542693573375   0.54204606769
8.456   0.542693573375   0.54204606769
8.552   0.542693573375   0.54204606769
8.648   0.542693573375   0.54204606769
8.744   0.542693573375   0.54204606769
8.84   0.542693573375   0.54204606769
8.936   0.542693573375   0.54204606769
9.032   0.542693573375   0.54204606769
9.128   0.542693573375   0.54204606769
9.224   0.542693573375   0.54204606769
9.32   0.542693573375   0.54204606769
9.416   0.542693573375   0.54204606769
9.512   0.542693573375   0.54204606769
9.608   0.542693573375   0.54204606769
9.704   0.542693573375   0.54204606769
