0.2   0.561401088795   0.372056125215
0.296   0.55661700658   0.417740881975
0.392   0.552636293737   0.448417774017
0.488   0.549467836119   0.469455930991
0.584   0.547080214843   0.483763239768
0.68   0.545392553058   0.493257195475
0.776   0.544278740555   0.499373057431
0.872   0.543590004085   0.503209615213
0.968   0.54318671654   0.50557016312
1.064   0.542960029032   0.507005349646
1.16   0.542835805019   0.507872493202
1.256   0.542768983598   0.508395305599
1.352   0.542733398309   0.508710224679
1.448   0.542714558175   0.50889999036
1.544   0.542704616844   0.50901441281
1.64   0.542699381014   0.509083449591
1.736   0.542696626352   0.509125125408
1.832   0.542695177925   0.509150294684
1.928   0.542694416576   0.509165499918
2.024   0.542694016453   0.509174687746
2.12   0.542693806192   0.509180240401
2.216   0.542693695707   0.509183596505
2.312   0.542693637652   0.50918562513
2.408   0.542693607148   0.509186851409
2.504   0.54269359112   0.509187592703
2.6   0.542693582699   0.509188040831
2.696   0.542693578274   0.509188311737
2.792   0.542693575949   0.509188475509
2.888   0.542693574727   0.509188574515
2.984   0.542693574085   0.509188634368
3.08   0.542693573748   0.509188670552
3.176   0.542693573571   0.509188692427
3.272   0.542693573478   0.509188705651
3.368   0.542693573429   0.509188713646
3.464   0.542693573403   0.509188718479
3.56   0.54269357339   0.5091887214
3.656   0.542693573383   0.509188723167
3.752   0.542693573379   0.509188724235
3.848   0.542693573377   0.50918872488
3.944   0.542693573376   0.509188725271
4.04   0.542693573375   0.509188725506
4.136   0.542693573375   0.509188725649
4.232   0.542693573375   0.509188725735
4.328   0.542693573375   0.509188725787
4.424   0.542693573375   0.509188725819
4.52   0.542693573375   0.509188725838
4.616   0.542693573375   0.50918872585
4.712   0.542693573375   0.509188725856
4.808   0.542693573375   0.509188725861
4.904   0.542693573375   0.509188725863
5.0   0.542693573375   0.509188725865
5.096   0.542693573375   0.509188725866
5.192   0.542693573375   0.509188725866
5.288   0.542693573375   0.509188725867
5.384   0.542693573375   0.509188725867
5.48   0.542693573375   0.509188725867
5.576   0.542693573375   0.509188725867
5.672   0.542693573375   0.509188725867
5.768   0.542693573375   0.509188725867
5.864   0.542693573375   0.509188725867
5.96   0.542693573375   0.509188725867
6.056   0.542693573375   0.509188725867
6.152   0.542693573375   0.509188725867
6.248   0.542693573375   0.509188725867
6.344   0.542693573375   0.509188725867
6.44   0.542693573375   0.509188725867
6.536   0.542693573375   0.509188725867
6.632   0.542693573375   0.509188725867
6.728   0.542693573375   0.509188725867
6.824   0.542693573375   0.509188725867
6.92   0.542693573375   0.509188725867
7.016   0.542693573375   0.509188725867
7.112   0.542693573375   0.509188725867
7.208   0.542693573375   0.509188725867
7.304   0.542693573375   0.509188725867
7.4   0.542693573375   0.509188725867
7.496   0.542693573375   0.509188725867
7.592   0.542693573375   0.509188725867
7.688   0.542693573375   0.509188725867
7.784   0.542693573375   0.509188725867
7.88   0.542693573375   0.509188725867
7.976   0.542693573375   0.509188725867
8.072   0.542693573375   0.509188725867
8.168   0.542693573375   0.509188725867
8.264   0.542693573375   0.509188725867
8.36   0.542693573375   0.509188725867
8.456   0.542693573375   0.509188725867
8.552   0.542693573375   0.509188725867
8.648   0.542693573375   0.509188725867
8.744   0.542693573375   0.509188725867
8.84   0.542693573375   0.509188725867
8.936   0.542693573375   0.509188725867
9.032   0.542693573375   0.509188725867
9.128   0.542693573375   0.509188725867
9.224   0.542693573375   0.509188725867
9.32   0.542693573375   0.509188725867
9.416   0.542693573375   0.509188725867
9.512   0.542693573375   0.509188725867
9.608   0.542693573375   0.509188725867
9.704   0.542693573375   0.509188725867
