0.2   0.564059089551   0.412364677311
0.296   0.560242568696   0.458521014243
0.392   0.556949009953   0.48841359662
0.488   0.554158060896   0.508092743012
0.584   0.55183501013   0.520808494393
0.68   0.549935143295   0.528817551652
0.776   0.548407724771   0.533811198266
0.872   0.547200146959   0.536951638803
0.968   0.546261320815   0.538962880651
1.064   0.545544196573   0.540275041995
1.16   0.545007303518   0.541142426156
1.256   0.544615277837   0.541717976711
1.352   0.544338546138   0.54209692725
1.448   0.544151334083   0.542340234135
1.544   0.544031445856   0.542492034438
1.64   0.543960461643   0.54258139717
1.736   0.543918114155   0.542632416561
1.832   0.543894694742   0.542660687083
1.928   0.543882096422   0.54267605291
2.024   0.543875420955   0.542684294335
2.12   0.543871913265   0.542688676486
2.216   0.543870078423   0.542690994315
2.312   0.543869120943   0.542692216557
2.408   0.543868621936   0.54269285999
2.504   0.543868362045   0.542693198411
2.6   0.543868226737   0.542693376322
2.696   0.543868156305   0.542693469827
2.792   0.543868119645   0.542693518965
2.888   0.543868100566   0.542693544785
2.984   0.543868090636   0.542693558353
3.08   0.543868085468   0.542693565482
3.176   0.543868082779   0.542693569227
3.272   0.543868081379   0.542693571196
3.368   0.543868080651   0.54269357223
3.464   0.543868080272   0.542693572773
3.56   0.543868080074   0.542693573059
3.656   0.543868079972   0.542693573209
3.752   0.543868079918   0.542693573287
3.848   0.54386807989   0.542693573329
3.944   0.543868079876   0.542693573351
4.04   0.543868079868   0.542693573362
4.136   0.543868079864   0.542693573368
4.232   0.543868079862   0.542693573371
4.328   0.543868079861   0.542693573373
4.424   0.543868079861   0.542693573374
4.52   0.54386807986   0.542693573374
4.616   0.54386807986   0.542693573374
4.712   0.54386807986   0.542693573375
4.808   0.54386807986   0.542693573375
4.904   0.54386807986   0.542693573375
5.0   0.54386807986   0.542693573375
5.096   0.54386807986   0.542693573375
5.192   0.54386807986   0.542693573375
5.288   0.54386807986   0.542693573375
5.384   0.54386807986   0.542693573375
5.48   0.54386807986   0.542693573375
5.576   0.54386807986   0.542693573375
5.672   0.54386807986   0.542693573375
5.768   0.54386807986   0.542693573375
5.864   0.54386807986   0.542693573375
5.96   0.54386807986   0.542693573375
6.056   0.54386807986   0.542693573375
6.152   0.54386807986   0.542693573375
6.248   0.54386807986   0.542693573375
6.344   0.54386807986   0.542693573375
6.44   0.54386807986   0.542693573375
6.536   0.54386807986   0.542693573375
6.632   0.54386807986   0.542693573375
6.728   0.54386807986   0.542693573375
6.824   0.54386807986   0.542693573375
6.92   0.54386807986   0.542693573375
7.016   0.54386807986   0.542693573375
7.112   0.54386807986   0.542693573375
7.208   0.54386807986   0.542693573375
7.304   0.54386807986   0.542693573375
7.4   0.54386807986   0.542693573375
7.496   0.54386807986   0.542693573375
7.592   0.54386807986   0.542693573375
7.688   0.54386807986   0.542693573375
7.784   0.54386807986   0.542693573375
7.88   0.54386807986   0.542693573375
7.976   0.54386807986   0.542693573375
8.072   0.54386807986   0.542693573375
8.168   0.54386807986   0.542693573375
8.264   0.54386807986   0.542693573375
8.36   0.54386807986   0.542693573375
8.456   0.54386807986   0.542693573375
8.552   0.54386807986   0.542693573375
8.648   0.54386807986   0.542693573375
8.744   0.54386807986   0.542693573375
8.84   0.54386807986   0.542693573375
8.936   0.54386807986   0.542693573375
9.032   0.54386807986   0.542693573375
9.128   0.54386807986   0.542693573375
9.224   0.54386807986   0.542693573375
9.32   0.54386807986   0.542693573375
9.416   0.54386807986   0.542693573375
9.512   0.54386807986   0.542693573375
9.608   0.54386807986   0.542693573375
9.704   0.54386807986   0.542693573375
