0.2   0.563963412508   0.434619274052
0.296   0.560154961651   0.471122068946
0.392   0.556894664876   0.495840782999
0.488   0.554154325881   0.512554131626
0.584   0.551892545847   0.52355210389
0.68   0.55005954512   0.530580885928
0.776   0.548601342438   0.535014671036
0.872   0.547463854638   0.537822878024
0.968   0.546595983062   0.539621784816
1.064   0.545951494193   0.540784025152
1.16   0.545489616979   0.541533710969
1.256   0.5451731573   0.542009977073
1.352   0.544968390158   0.5423033465
1.448   0.544843703848   0.542477073646
1.544   0.544772565024   0.542575979947
1.64   0.544732501853   0.542630545339
1.736   0.544711017679   0.542660076097
1.832   0.544699691614   0.54267586127
1.928   0.544693775658   0.542684235179
2.024   0.544690701041   0.542688657975
2.12   0.544689107395   0.542690988248
2.216   0.544688282544   0.542692214409
2.312   0.544687855931   0.542692859153
2.408   0.544687635373   0.542693198052
2.504   0.544687521369   0.542693376156
2.6   0.544687462448   0.542693469746
2.696   0.544687431997   0.542693518924
2.792   0.544687416261   0.542693544765
2.888   0.544687408128   0.542693558342
2.984   0.544687403926   0.542693565476
3.08   0.544687401754   0.542693569224
3.176   0.544687400632   0.542693571194
3.272   0.544687400052   0.542693572229
3.368   0.544687399752   0.542693572773
3.464   0.544687399597   0.542693573058
3.56   0.544687399517   0.542693573208
3.656   0.544687399476   0.542693573287
3.752   0.544687399454   0.542693573329
3.848   0.544687399443   0.542693573351
3.944   0.544687399438   0.542693573362
4.04   0.544687399435   0.542693573368
4.136   0.544687399433   0.542693573371
4.232   0.544687399432   0.542693573373
4.328   0.544687399432   0.542693573374
4.424   0.544687399432   0.542693573374
4.52   0.544687399432   0.542693573374
4.616   0.544687399431   0.542693573375
4.712   0.544687399431   0.542693573375
4.808   0.544687399431   0.542693573375
4.904   0.544687399431   0.542693573375
5.0   0.544687399431   0.542693573375
5.096   0.544687399431   0.542693573375
5.192   0.544687399431   0.542693573375
5.288   0.544687399431   0.542693573375
5.384   0.544687399431   0.542693573375
5.48   0.544687399431   0.542693573375
5.576   0.544687399431   0.542693573375
5.672   0.544687399431   0.542693573375
5.768   0.544687399431   0.542693573375
5.864   0.544687399431   0.542693573375
5.96   0.544687399431   0.542693573375
6.056   0.544687399431   0.542693573375
6.152   0.544687399431   0.542693573375
6.248   0.544687399431   0.542693573375
6.344   0.544687399431   0.542693573375
6.44   0.544687399431   0.542693573375
6.536   0.544687399431   0.542693573375
6.632   0.544687399431   0.542693573375
6.728   0.544687399431   0.542693573375
6.824   0.544687399431   0.542693573375
6.92   0.544687399431   0.542693573375
7.016   0.544687399431   0.542693573375
7.112   0.544687399431   0.542693573375
7.208   0.544687399431   0.542693573375
7.304   0.544687399431   0.542693573375
7.4   0.544687399431   0.542693573375
7.496   0.544687399431   0.542693573375
7.592   0.544687399431   0.542693573375
7.688   0.544687399431   0.542693573375
7.784   0.544687399431   0.542693573375
7.88   0.544687399431   0.542693573375
7.976   0.544687399431   0.542693573375
8.072   0.544687399431   0.542693573375
8.168   0.544687399431   0.542693573375
8.264   0.544687399431   0.542693573375
8.36   0.544687399431   0.542693573375
8.456   0.544687399431   0.542693573375
8.552   0.544687399431   0.542693573375
8.648   0.544687399431   0.542693573375
8.744   0.544687399431   0.542693573375
8.84   0.544687399431   0.542693573375
8.936   0.544687399431   0.542693573375
9.032   0.544687399431   0.542693573375
9.128   0.544687399431   0.542693573375
9.224   0.544687399431   0.542693573375
9.32   0.544687399431   0.542693573375
9.416   0.544687399431   0.542693573375
9.512   0.544687399431   0.542693573375
9.608   0.544687399431   0.542693573375
9.704   0.544687399431   0.542693573375
