0.2   0.566886625288   0.446540974948
0.296   0.564613057288   0.487428945297
0.392   0.56298375913   0.512402186419
0.488   0.561945517516   0.526984988738
0.584   0.56136981638   0.534802013724
0.68   0.561089890758   0.538743117562
0.776   0.560966666254   0.540696733833
0.872   0.560915165243   0.541672454605
0.968   0.560894399587   0.542166468534
1.064   0.560886136598   0.542419694987
1.16   0.560882868222   0.542550648225
1.256   0.560881578829   0.542618782983
1.352   0.560881070732   0.542654371264
1.448   0.56088087061   0.542673004532
1.544   0.560880791804   0.542682774736
1.64   0.560880760774   0.542687902113
1.736   0.560880748556   0.542690594322
1.832   0.560880743746   0.542692008328
1.928   0.560880741852   0.542692751123
2.024   0.560880741106   0.542693141359
2.12   0.560880740812   0.542693346387
2.216   0.560880740697   0.54269345411
2.312   0.560880740651   0.54269351071
2.408   0.560880740633   0.542693540449
2.504   0.560880740626   0.542693556075
2.6   0.560880740623   0.542693564285
2.696   0.560880740622   0.542693568599
2.792   0.560880740622   0.542693570865
2.888   0.560880740622   0.542693572056
2.984   0.560880740622   0.542693572682
3.08   0.560880740622   0.542693573011
3.176   0.560880740622   0.542693573183
3.272   0.560880740622   0.542693573274
3.368   0.560880740622   0.542693573322
3.464   0.560880740622   0.542693573347
3.56   0.560880740622   0.54269357336
3.656   0.560880740622   0.542693573367
3.752   0.560880740622   0.542693573371
3.848   0.560880740622   0.542693573373
3.944   0.560880740622   0.542693573374
4.04   0.560880740622   0.542693573374
4.136   0.560880740622   0.542693573374
4.232   0.560880740622   0.542693573374
4.328   0.560880740622   0.542693573375
4.424   0.560880740622   0.542693573375
4.52   0.560880740622   0.542693573375
4.616   0.560880740622   0.542693573375
4.712   0.560880740622   0.542693573375
4.808   0.560880740622   0.542693573375
4.904   0.560880740622   0.542693573375
5.0   0.560880740622   0.542693573375
5.096   0.560880740622   0.542693573375
5.192   0.560880740622   0.542693573375
5.288   0.560880740622   0.542693573375
5.384   0.560880740622   0.542693573375
5.48   0.560880740622   0.542693573375
5.576   0.560880740622   0.542693573375
5.672   0.560880740622   0.542693573375
5.768   0.560880740622   0.542693573375
5.864   0.560880740622   0.542693573375
5.96   0.560880740622   0.542693573375
6.056   0.560880740622   0.542693573375
6.152   0.560880740622   0.542693573375
6.248   0.560880740622   0.542693573375
6.344   0.560880740622   0.542693573375
6.44   0.560880740622   0.542693573375
6.536   0.560880740622   0.542693573375
6.632   0.560880740622   0.542693573375
6.728   0.560880740622   0.542693573375
6.824   0.560880740622   0.542693573375
6.92   0.560880740622   0.542693573375
7.016   0.560880740622   0.542693573375
7.112   0.560880740622   0.542693573375
7.208   0.560880740622   0.542693573375
7.304   0.560880740622   0.542693573375
7.4   0.560880740622   0.542693573375
7.496   0.560880740622   0.542693573375
7.592   0.560880740622   0.542693573375
7.688   0.560880740622   0.542693573375
7.784   0.560880740622   0.542693573375
7.88   0.560880740622   0.542693573375
7.976   0.560880740622   0.542693573375
8.072   0.560880740622   0.542693573375
8.168   0.560880740622   0.542693573375
8.264   0.560880740622   0.542693573375
8.36   0.560880740622   0.542693573375
8.456   0.560880740622   0.542693573375
8.552   0.560880740622   0.542693573375
8.648   0.560880740622   0.542693573375
8.744   0.560880740622   0.542693573375
8.84   0.560880740622   0.542693573375
8.936   0.560880740622   0.542693573375
9.032   0.560880740622   0.542693573375
9.128   0.560880740622   0.542693573375
9.224   0.560880740622   0.542693573375
9.32   0.560880740622   0.542693573375
9.416   0.560880740622   0.542693573375
9.512   0.560880740622   0.542693573375
9.608   0.560880740622   0.542693573375
9.704   0.560880740622   0.542693573375
