0.2   0.563741166223   0.413066115149
0.296   0.559789621062   0.457391584386
0.392   0.556374879496   0.486500379289
0.488   0.553476272422   0.505910293664
0.584   0.551058579339   0.518638202118
0.68   0.549076463857   0.526786199646
0.776   0.547478511969   0.531943750206
0.872   0.546211412897   0.53522686509
0.968   0.545223361719   0.537348607142
1.064   0.544466578766   0.538741941971
1.16   0.543898827421   0.539667121092
1.256   0.543483880257   0.54028263158
1.352   0.543191073739   0.540688229239
1.448   0.542993333001   0.540948991563
1.544   0.542866901768   0.54111005124
1.64   0.542791749705   0.541206652384
1.736   0.542747078766   0.541261518628
1.832   0.542722262417   0.541292077215
1.928   0.542708815921   0.541308793414
2.024   0.542701630506   0.541317828082
2.12   0.542697820477   0.541322673996
2.216   0.542695808762   0.54132526139
2.312   0.542694748987   0.54132663931
2.408   0.542694191376   0.541327372077
2.504   0.542693898175   0.541327761455
2.6   0.542693744058   0.541327968279
2.696   0.542693663063   0.541328078112
2.792   0.542693620502   0.541328136432
2.888   0.542693598137   0.541328167397
2.984   0.542693586386   0.541328183837
3.08   0.542693580211   0.541328192566
3.176   0.542693576967   0.5413281972
3.272   0.542693575262   0.541328199661
3.368   0.542693574366   0.541328200967
3.464   0.542693573896   0.541328201661
3.56   0.542693573648   0.541328202029
3.656   0.542693573519   0.541328202224
3.752   0.54269357345   0.541328202328
3.848   0.542693573414   0.541328202383
3.944   0.542693573396   0.541328202413
4.04   0.542693573386   0.541328202428
4.136   0.54269357338   0.541328202436
4.232   0.542693573378   0.541328202441
4.328   0.542693573376   0.541328202443
4.424   0.542693573375   0.541328202444
4.52   0.542693573375   0.541328202445
4.616   0.542693573375   0.541328202445
4.712   0.542693573375   0.541328202445
4.808   0.542693573375   0.541328202446
4.904   0.542693573375   0.541328202446
5.0   0.542693573375   0.541328202446
5.096   0.542693573375   0.541328202446
5.192   0.542693573375   0.541328202446
5.288   0.542693573375   0.541328202446
5.384   0.542693573375   0.541328202446
5.48   0.542693573375   0.541328202446
5.576   0.542693573375   0.541328202446
5.672   0.542693573375   0.541328202446
5.768   0.542693573375   0.541328202446
5.864   0.542693573375   0.541328202446
5.96   0.542693573375   0.541328202446
6.056   0.542693573375   0.541328202446
6.152   0.542693573375   0.541328202446
6.248   0.542693573375   0.541328202446
6.344   0.542693573375   0.541328202446
6.44   0.542693573375   0.541328202446
6.536   0.542693573375   0.541328202446
6.632   0.542693573375   0.541328202446
6.728   0.542693573375   0.541328202446
6.824   0.542693573375   0.541328202446
6.92   0.542693573375   0.541328202446
7.016   0.542693573375   0.541328202446
7.112   0.542693573375   0.541328202446
7.208   0.542693573375   0.541328202446
7.304   0.542693573375   0.541328202446
7.4   0.542693573375   0.541328202446
7.496   0.542693573375   0.541328202446
7.592   0.542693573375   0.541328202446
7.688   0.542693573375   0.541328202446
7.784   0.542693573375   0.541328202446
7.88   0.542693573375   0.541328202446
7.976   0.542693573375   0.541328202446
8.072   0.542693573375   0.541328202446
8.168   0.542693573375   0.541328202446
8.264   0.542693573375   0.541328202446
8.36   0.542693573375   0.541328202446
8.456   0.542693573375   0.541328202446
8.552   0.542693573375   0.541328202446
8.648   0.542693573375   0.541328202446
8.744   0.542693573375   0.541328202446
8.84   0.542693573375   0.541328202446
8.936   0.542693573375   0.541328202446
9.032   0.542693573375   0.541328202446
9.128   0.542693573375   0.541328202446
9.224   0.542693573375   0.541328202446
9.32   0.542693573375   0.541328202446
9.416   0.542693573375   0.541328202446
9.512   0.542693573375   0.541328202446
9.608   0.542693573375   0.541328202446
9.704   0.542693573375   0.541328202446
