0.2   0.565001903943   0.43710022419
0.296   0.561685098216   0.476400216481
0.392   0.558917155118   0.502061317577
0.488   0.556682305565   0.518667384651
0.584   0.554953117383   0.528949976473
0.68   0.553687995773   0.5350208329
0.776   0.552826723872   0.538489699983
0.872   0.552287751429   0.540426992092
0.968   0.551977617508   0.541486692029
1.064   0.551811616625   0.54205603114
1.16   0.551726349076   0.542358113012
1.256   0.551684126061   0.54251732481
1.352   0.551663553416   0.542601064666
1.448   0.551653615699   0.542644999703
1.544   0.551648836688   0.542668064771
1.64   0.551646543725   0.542680175331
1.736   0.551645444833   0.542686535349
1.832   0.551644918499   0.542689875952
1.928   0.551644666475   0.542691630821
2.024   0.551644545816   0.542692552756
2.12   0.551644488053   0.542693037129
2.216   0.551644460402   0.542693291621
2.312   0.551644447165   0.542693425334
2.408   0.551644440828   0.54269349559
2.504   0.551644437795   0.542693532505
2.6   0.551644436343   0.5426935519
2.696   0.551644435648   0.542693562091
2.792   0.551644435316   0.542693567446
2.888   0.551644435156   0.54269357026
2.984   0.55164443508   0.542693571738
3.08   0.551644435044   0.542693572515
3.176   0.551644435026   0.542693572923
3.272   0.551644435018   0.542693573137
3.368   0.551644435014   0.54269357325
3.464   0.551644435012   0.542693573309
3.56   0.551644435011   0.54269357334
3.656   0.55164443501   0.542693573357
3.752   0.55164443501   0.542693573365
3.848   0.55164443501   0.54269357337
3.944   0.55164443501   0.542693573372
4.04   0.55164443501   0.542693573373
4.136   0.55164443501   0.542693573374
4.232   0.55164443501   0.542693573374
4.328   0.55164443501   0.542693573374
4.424   0.55164443501   0.542693573375
4.52   0.55164443501   0.542693573375
4.616   0.55164443501   0.542693573375
4.712   0.55164443501   0.542693573375
4.808   0.55164443501   0.542693573375
4.904   0.55164443501   0.542693573375
5.0   0.55164443501   0.542693573375
5.096   0.55164443501   0.542693573375
5.192   0.55164443501   0.542693573375
5.288   0.55164443501   0.542693573375
5.384   0.55164443501   0.542693573375
5.48   0.55164443501   0.542693573375
5.576   0.55164443501   0.542693573375
5.672   0.55164443501   0.542693573375
5.768   0.55164443501   0.542693573375
5.864   0.55164443501   0.542693573375
5.96   0.55164443501   0.542693573375
6.056   0.55164443501   0.542693573375
6.152   0.55164443501   0.542693573375
6.248   0.55164443501   0.542693573375
6.344   0.55164443501   0.542693573375
6.44   0.55164443501   0.542693573375
6.536   0.55164443501   0.542693573375
6.632   0.55164443501   0.542693573375
6.728   0.55164443501   0.542693573375
6.824   0.55164443501   0.542693573375
6.92   0.55164443501   0.542693573375
7.016   0.55164443501   0.542693573375
7.112   0.55164443501   0.542693573375
7.208   0.55164443501   0.542693573375
7.304   0.55164443501   0.542693573375
7.4   0.55164443501   0.542693573375
7.496   0.55164443501   0.542693573375
7.592   0.55164443501   0.542693573375
7.688   0.55164443501   0.542693573375
7.784   0.55164443501   0.542693573375
7.88   0.55164443501   0.542693573375
7.976   0.55164443501   0.542693573375
8.072   0.55164443501   0.542693573375
8.168   0.55164443501   0.542693573375
8.264   0.55164443501   0.542693573375
8.36   0.55164443501   0.542693573375
8.456   0.55164443501   0.542693573375
8.552   0.55164443501   0.542693573375
8.648   0.55164443501   0.542693573375
8.744   0.55164443501   0.542693573375
8.84   0.55164443501   0.542693573375
8.936   0.55164443501   0.542693573375
9.032   0.55164443501   0.542693573375
9.128   0.55164443501   0.542693573375
9.224   0.55164443501   0.542693573375
9.32   0.55164443501   0.542693573375
9.416   0.55164443501   0.542693573375
9.512   0.55164443501   0.542693573375
9.608   0.55164443501   0.542693573375
9.704   0.55164443501   0.542693573375
