0.2   0.562383000709   0.389844847304
0.296   0.557894154054   0.435875455511
0.392   0.55405844108   0.466478301646
0.488   0.550878701735   0.487282693383
0.584   0.548339416335   0.501297584794
0.68   0.546404470511   0.510503811095
0.776   0.545012273402   0.516375688495
0.872   0.544074028405   0.520018526867
0.968   0.543482282858   0.522224496942
1.064   0.543130413776   0.523534594452
1.16   0.542930647264   0.524301912339
1.256   0.542820395083   0.524747478508
1.352   0.542760891067   0.525005142375
1.448   0.54272914594   0.525153804636
1.544   0.542712323252   0.525239480417
1.64   0.542703442225   0.525288884161
1.736   0.542698763698   0.525317369277
1.832   0.542696301945   0.525333796368
1.928   0.542695007454   0.525343271412
2.024   0.542694327   0.525348737339
2.12   0.542693969385   0.525351890835
2.216   0.54269378146   0.52535371034
2.312   0.542693682712   0.525354760211
2.408   0.542693630824   0.525355366016
2.504   0.542693603561   0.525355715591
2.6   0.542693589235   0.525355917313
2.696   0.542693581708   0.525356033718
2.792   0.542693577753   0.52535610089
2.888   0.542693575675   0.525356139652
2.984   0.542693574584   0.525356162021
3.08   0.54269357401   0.525356174929
3.176   0.542693573708   0.525356182377
3.272   0.54269357355   0.525356186676
3.368   0.542693573467   0.525356189156
3.464   0.542693573423   0.525356190587
3.56   0.5426935734   0.525356191413
3.656   0.542693573388   0.52535619189
3.752   0.542693573382   0.525356192165
3.848   0.542693573378   0.525356192324
3.944   0.542693573377   0.525356192415
4.04   0.542693573376   0.525356192468
4.136   0.542693573375   0.525356192499
4.232   0.542693573375   0.525356192516
4.328   0.542693573375   0.525356192526
4.424   0.542693573375   0.525356192532
4.52   0.542693573375   0.525356192536
4.616   0.542693573375   0.525356192538
4.712   0.542693573375   0.525356192539
4.808   0.542693573375   0.525356192539
4.904   0.542693573375   0.52535619254
5.0   0.542693573375   0.52535619254
5.096   0.542693573375   0.52535619254
5.192   0.542693573375   0.52535619254
5.288   0.542693573375   0.52535619254
5.384   0.542693573375   0.52535619254
5.48   0.542693573375   0.52535619254
5.576   0.542693573375   0.52535619254
5.672   0.542693573375   0.52535619254
5.768   0.542693573375   0.52535619254
5.864   0.542693573375   0.52535619254
5.96   0.542693573375   0.52535619254
6.056   0.542693573375   0.52535619254
6.152   0.542693573375   0.52535619254
6.248   0.542693573375   0.52535619254
6.344   0.542693573375   0.52535619254
6.44   0.542693573375   0.52535619254
6.536   0.542693573375   0.52535619254
6.632   0.542693573375   0.52535619254
6.728   0.542693573375   0.52535619254
6.824   0.542693573375   0.52535619254
6.92   0.542693573375   0.52535619254
7.016   0.542693573375   0.52535619254
7.112   0.542693573375   0.52535619254
7.208   0.542693573375   0.52535619254
7.304   0.542693573375   0.52535619254
7.4   0.542693573375   0.52535619254
7.496   0.542693573375   0.52535619254
7.592   0.542693573375   0.52535619254
7.688   0.542693573375   0.52535619254
7.784   0.542693573375   0.52535619254
7.88   0.542693573375   0.52535619254
7.976   0.542693573375   0.52535619254
8.072   0.542693573375   0.52535619254
8.168   0.542693573375   0.52535619254
8.264   0.542693573375   0.52535619254
8.36   0.542693573375   0.52535619254
8.456   0.542693573375   0.52535619254
8.552   0.542693573375   0.52535619254
8.648   0.542693573375   0.52535619254
8.744   0.542693573375   0.52535619254
8.84   0.542693573375   0.52535619254
8.936   0.542693573375   0.52535619254
9.032   0.542693573375   0.52535619254
9.128   0.542693573375   0.52535619254
9.224   0.542693573375   0.52535619254
9.32   0.542693573375   0.52535619254
9.416   0.542693573375   0.52535619254
9.512   0.542693573375   0.52535619254
9.608   0.542693573375   0.52535619254
9.704   0.542693573375   0.52535619254
