0.2   0.563750173597   0.417342970152
0.296   0.55981073179   0.45994008753
0.392   0.556411017691   0.48812015691
0.488   0.553528779565   0.506986610416
0.584   0.551127350021   0.519386479405
0.68   0.549160141417   0.527337106463
0.776   0.547574692372   0.532377422248
0.872   0.546316818803   0.535591754789
0.968   0.545333966175   0.537674374848
1.064   0.544577692304   0.539047756596
1.16   0.54400522166   0.539966441858
1.256   0.543580111174   0.540585588465
1.352   0.543272311835   0.541002506749
1.448   0.543056349906   0.541279309009
1.544   0.542911464646   0.541458094705
1.64   0.542819257487   0.541569127047
1.736   0.542765091028   0.541634909615
1.832   0.542732550001   0.541672567609
1.928   0.542714464457   0.54169358919
2.024   0.542704669797   0.541705110673
2.12   0.542699437872   0.541711343136
2.216   0.542696664369   0.541714684932
2.312   0.542695200168   0.541716466898
2.408   0.542694428892   0.541717414017
2.504   0.542694023099   0.54171791649
2.6   0.542693809732   0.541718182798
2.696   0.54269369758   0.541718323863
2.792   0.54269363864   0.541718398565
2.888   0.542693607668   0.541718438118
2.984   0.542693591394   0.541718459058
3.08   0.542693582843   0.541718470144
3.176   0.542693578349   0.541718476013
3.272   0.542693575989   0.54171847912
3.368   0.542693574748   0.541718480765
3.464   0.542693574096   0.541718481636
3.56   0.542693573754   0.541718482097
3.656   0.542693573574   0.541718482341
3.752   0.542693573479   0.54171848247
3.848   0.54269357343   0.541718482538
3.944   0.542693573404   0.541718482574
4.04   0.54269357339   0.541718482593
4.136   0.542693573383   0.541718482604
4.232   0.542693573379   0.541718482609
4.328   0.542693573377   0.541718482612
4.424   0.542693573376   0.541718482613
4.52   0.542693573375   0.541718482614
4.616   0.542693573375   0.541718482615
4.712   0.542693573375   0.541718482615
4.808   0.542693573375   0.541718482615
4.904   0.542693573375   0.541718482615
5.0   0.542693573375   0.541718482615
5.096   0.542693573375   0.541718482615
5.192   0.542693573375   0.541718482615
5.288   0.542693573375   0.541718482615
5.384   0.542693573375   0.541718482615
5.48   0.542693573375   0.541718482615
5.576   0.542693573375   0.541718482615
5.672   0.542693573375   0.541718482615
5.768   0.542693573375   0.541718482615
5.864   0.542693573375   0.541718482615
5.96   0.542693573375   0.541718482615
6.056   0.542693573375   0.541718482615
6.152   0.542693573375   0.541718482615
6.248   0.542693573375   0.541718482615
6.344   0.542693573375   0.541718482615
6.44   0.542693573375   0.541718482615
6.536   0.542693573375   0.541718482615
6.632   0.542693573375   0.541718482615
6.728   0.542693573375   0.541718482615
6.824   0.542693573375   0.541718482615
6.92   0.542693573375   0.541718482615
7.016   0.542693573375   0.541718482615
7.112   0.542693573375   0.541718482615
7.208   0.542693573375   0.541718482615
7.304   0.542693573375   0.541718482615
7.4   0.542693573375   0.541718482615
7.496   0.542693573375   0.541718482615
7.592   0.542693573375   0.541718482615
7.688   0.542693573375   0.541718482615
7.784   0.542693573375   0.541718482615
7.88   0.542693573375   0.541718482615
7.976   0.542693573375   0.541718482615
8.072   0.542693573375   0.541718482615
8.168   0.542693573375   0.541718482615
8.264   0.542693573375   0.541718482615
8.36   0.542693573375   0.541718482615
8.456   0.542693573375   0.541718482615
8.552   0.542693573375   0.541718482615
8.648   0.542693573375   0.541718482615
8.744   0.542693573375   0.541718482615
8.84   0.542693573375   0.541718482615
8.936   0.542693573375   0.541718482615
9.032   0.542693573375   0.541718482615
9.128   0.542693573375   0.541718482615
9.224   0.542693573375   0.541718482615
9.32   0.542693573375   0.541718482615
9.416   0.542693573375   0.541718482615
9.512   0.542693573375   0.541718482615
9.608   0.542693573375   0.541718482615
9.704   0.542693573375   0.541718482615
