0.2   0.570272385256   0.480008152877
0.296   0.569824486002   0.510314921294
0.392   0.56970017391   0.527014319521
0.488   0.569672819203   0.535260046943
0.584   0.569667150447   0.539102275488
0.68   0.569666034667   0.540910971092
0.776   0.56966581579   0.541789856681
0.872   0.569665772885   0.542228942912
0.968   0.569665764476   0.542452586918
1.064   0.569665762828   0.542567914971
1.16   0.569665762506   0.54262784202
1.256   0.569665762442   0.542659124968
1.352   0.56966576243   0.542675499882
1.448   0.569665762427   0.54268408502
1.544   0.569665762427   0.54268859029
1.64   0.569665762427   0.542690955818
1.736   0.569665762427   0.54269219824
1.832   0.569665762427   0.542692850898
1.928   0.569665762427   0.542693193782
2.024   0.569665762427   0.54269337393
2.12   0.569665762427   0.542693468582
2.216   0.569665762427   0.542693518314
2.312   0.569665762427   0.542693544444
2.408   0.569665762427   0.542693558174
2.504   0.569665762427   0.542693565388
2.6   0.569665762427   0.542693569178
2.696   0.569665762427   0.54269357117
2.792   0.569665762427   0.542693572216
2.888   0.569665762427   0.542693572766
2.984   0.569665762427   0.542693573055
3.08   0.569665762427   0.542693573207
3.176   0.569665762427   0.542693573286
3.272   0.569665762427   0.542693573328
3.368   0.569665762427   0.54269357335
3.464   0.569665762427   0.542693573362
3.56   0.569665762427   0.542693573368
3.656   0.569665762427   0.542693573371
3.752   0.569665762427   0.542693573373
3.848   0.569665762427   0.542693573374
3.944   0.569665762427   0.542693573374
4.04   0.569665762427   0.542693573374
4.136   0.569665762427   0.542693573375
4.232   0.569665762427   0.542693573375
4.328   0.569665762427   0.542693573375
4.424   0.569665762427   0.542693573375
4.52   0.569665762427   0.542693573375
4.616   0.569665762427   0.542693573375
4.712   0.569665762427   0.542693573375
4.808   0.569665762427   0.542693573375
4.904   0.569665762427   0.542693573375
5.0   0.569665762427   0.542693573375
5.096   0.569665762427   0.542693573375
5.192   0.569665762427   0.542693573375
5.288   0.569665762427   0.542693573375
5.384   0.569665762427   0.542693573375
5.48   0.569665762427   0.542693573375
5.576   0.569665762427   0.542693573375
5.672   0.569665762427   0.542693573375
5.768   0.569665762427   0.542693573375
5.864   0.569665762427   0.542693573375
5.96   0.569665762427   0.542693573375
6.056   0.569665762427   0.542693573375
6.152   0.569665762427   0.542693573375
6.248   0.569665762427   0.542693573375
6.344   0.569665762427   0.542693573375
6.44   0.569665762427   0.542693573375
6.536   0.569665762427   0.542693573375
6.632   0.569665762427   0.542693573375
6.728   0.569665762427   0.542693573375
6.824   0.569665762427   0.542693573375
6.92   0.569665762427   0.542693573375
7.016   0.569665762427   0.542693573375
7.112   0.569665762427   0.542693573375
7.208   0.569665762427   0.542693573375
7.304   0.569665762427   0.542693573375
7.4   0.569665762427   0.542693573375
7.496   0.569665762427   0.542693573375
7.592   0.569665762427   0.542693573375
7.688   0.569665762427   0.542693573375
7.784   0.569665762427   0.542693573375
7.88   0.569665762427   0.542693573375
7.976   0.569665762427   0.542693573375
8.072   0.569665762427   0.542693573375
8.168   0.569665762427   0.542693573375
8.264   0.569665762427   0.542693573375
8.36   0.569665762427   0.542693573375
8.456   0.569665762427   0.542693573375
8.552   0.569665762427   0.542693573375
8.648   0.569665762427   0.542693573375
8.744   0.569665762427   0.542693573375
8.84   0.569665762427   0.542693573375
8.936   0.569665762427   0.542693573375
9.032   0.569665762427   0.542693573375
9.128   0.569665762427   0.542693573375
9.224   0.569665762427   0.542693573375
9.32   0.569665762427   0.542693573375
9.416   0.569665762427   0.542693573375
9.512   0.569665762427   0.542693573375
9.608   0.569665762427   0.542693573375
9.704   0.569665762427   0.542693573375
