0.2   0.564342262851   0.431947811873
0.296   0.560696138099   0.471007072905
0.392   0.557587063044   0.496945605799
0.488   0.554991257853   0.514165828772
0.584   0.552872638957   0.525256873955
0.68   0.551187448462   0.532166542206
0.776   0.549887834557   0.536397561618
0.872   0.548924267296   0.538978076118
0.968   0.548245415627   0.540544589222
1.064   0.547796502253   0.541480760316
1.16   0.547519558299   0.542025366379
1.256   0.54735959651   0.542332174787
1.352   0.547272157109   0.542500764839
1.448   0.547225534167   0.542591419761
1.544   0.547201400825   0.542639664422
1.64   0.547189054955   0.542665185423
1.736   0.547182779252   0.542678641244
1.832   0.547179599955   0.542685723454
1.928   0.547177992179   0.542689447759
2.024   0.547177179879   0.542691405399
2.12   0.547176769678   0.542692434194
2.216   0.547176562583   0.5426929748
2.312   0.547176458043   0.542693258862
2.408   0.547176405275   0.54269340812
2.504   0.54717637864   0.542693486545
2.6   0.547176365197   0.542693527752
2.696   0.547176358412   0.542693549403
2.792   0.547176354987   0.542693560779
2.888   0.547176353259   0.542693566757
2.984   0.547176352386   0.542693569897
3.08   0.547176351946   0.542693571548
3.176   0.547176351724   0.542693572415
3.272   0.547176351611   0.54269357287
3.368   0.547176351555   0.54269357311
3.464   0.547176351526   0.542693573235
3.56   0.547176351512   0.542693573301
3.656   0.547176351505   0.542693573336
3.752   0.547176351501   0.542693573354
3.848   0.547176351499   0.542693573364
3.944   0.547176351498   0.542693573369
4.04   0.547176351498   0.542693573372
4.136   0.547176351497   0.542693573373
4.232   0.547176351497   0.542693573374
4.328   0.547176351497   0.542693573374
4.424   0.547176351497   0.542693573374
4.52   0.547176351497   0.542693573375
4.616   0.547176351497   0.542693573375
4.712   0.547176351497   0.542693573375
4.808   0.547176351497   0.542693573375
4.904   0.547176351497   0.542693573375
5.0   0.547176351497   0.542693573375
5.096   0.547176351497   0.542693573375
5.192   0.547176351497   0.542693573375
5.288   0.547176351497   0.542693573375
5.384   0.547176351497   0.542693573375
5.48   0.547176351497   0.542693573375
5.576   0.547176351497   0.542693573375
5.672   0.547176351497   0.542693573375
5.768   0.547176351497   0.542693573375
5.864   0.547176351497   0.542693573375
5.96   0.547176351497   0.542693573375
6.056   0.547176351497   0.542693573375
6.152   0.547176351497   0.542693573375
6.248   0.547176351497   0.542693573375
6.344   0.547176351497   0.542693573375
6.44   0.547176351497   0.542693573375
6.536   0.547176351497   0.542693573375
6.632   0.547176351497   0.542693573375
6.728   0.547176351497   0.542693573375
6.824   0.547176351497   0.542693573375
6.92   0.547176351497   0.542693573375
7.016   0.547176351497   0.542693573375
7.112   0.547176351497   0.542693573375
7.208   0.547176351497   0.542693573375
7.304   0.547176351497   0.542693573375
7.4   0.547176351497   0.542693573375
7.496   0.547176351497   0.542693573375
7.592   0.547176351497   0.542693573375
7.688   0.547176351497   0.542693573375
7.784   0.547176351497   0.542693573375
7.88   0.547176351497   0.542693573375
7.976   0.547176351497   0.542693573375
8.072   0.547176351497   0.542693573375
8.168   0.547176351497   0.542693573375
8.264   0.547176351497   0.542693573375
8.36   0.547176351497   0.542693573375
8.456   0.547176351497   0.542693573375
8.552   0.547176351497   0.542693573375
8.648   0.547176351497   0.542693573375
8.744   0.547176351497   0.542693573375
8.84   0.547176351497   0.542693573375
8.936   0.547176351497   0.542693573375
9.032   0.547176351497   0.542693573375
9.128   0.547176351497   0.542693573375
9.224   0.547176351497   0.542693573375
9.32   0.547176351497   0.542693573375
9.416   0.547176351497   0.542693573375
9.512   0.547176351497   0.542693573375
9.608   0.547176351497   0.542693573375
9.704   0.547176351497   0.542693573375
