0.2   0.563882973885   0.420446919222
0.296   0.560006222044   0.462369943965
0.392   0.556665901577   0.490117639015
0.488   0.553838667649   0.508662085425
0.584   0.551486942474   0.520803415934
0.68   0.549563421777   0.528549824775
0.776   0.548015098932   0.533438411287
0.872   0.5467873696   0.536546173942
0.968   0.545827318779   0.538557188655
1.064   0.54508613098   0.539885070529
1.16   0.544520590304   0.540778139142
1.256   0.544093765733   0.541387582211
1.352   0.543775051928   0.541808343164
1.448   0.54354009315   0.542100450936
1.544   0.543368729383   0.542303045892
1.64   0.543246236862   0.542443254567
1.736   0.5431609858   0.542537286003
1.832   0.543103843471   0.542600641437
1.928   0.543070597772   0.542640098317
2.024   0.543047721461   0.542663809215
2.12   0.543034039201   0.542677381012
2.216   0.543026297185   0.542680685932
2.312   0.543022054862   0.542689006951
2.408   0.543019774982   0.54268958105
2.504   0.543018563552   0.542690294524
2.6   0.543017923931   0.542690950383
2.696   0.543017587388   0.542691495361
2.792   0.543017410642   0.542691930732
2.888   0.543017317911   0.542692273426
2.984   0.543017269284   0.542692542082
3.08   0.543017243792   0.542692752861
3.176   0.543017230429   0.542692918709
3.272   0.543017223426   0.542693049676
3.368   0.543017219756   0.542693153484
3.464   0.543017217832   0.542693236053
3.56   0.543017216824   0.542693301934
3.656   0.543017216295   0.542693354644
3.752   0.543017216019   0.542693396914
3.848   0.543017215873   0.542693430879
3.944   0.543017215797   0.542693458217
4.04   0.543017215757   0.542693480249
4.136   0.543017215737   0.542693498027
4.232   0.543017215726   0.542693512384
4.328   0.54301721572   0.542693523989
4.424   0.543017215717   0.542693533374
4.52   0.543017215715   0.542693540968
4.616   0.543017215714   0.542693547115
4.712   0.543017215714   0.542693552093
4.808   0.543017215714   0.542693556125
4.904   0.543017215714   0.542693559392
5.0   0.543017215714   0.542693562039
5.096   0.543017215714   0.542693564185
5.192   0.543017215714   0.542693565924
5.288   0.543017215714   0.542693567333
5.384   0.543017215714   0.542693568476
5.48   0.543017215714   0.542693569402
5.576   0.543017215714   0.542693570154
5.672   0.543017215714   0.542693570763
5.768   0.543017215714   0.542693571257
5.864   0.543017215714   0.542693571657
5.96   0.543017215714   0.542693571982
6.056   0.543017215714   0.542693572245
6.152   0.543017215714   0.542693572459
6.248   0.543017215714   0.542693572632
6.344   0.543017215714   0.542693572772
6.44   0.543017215714   0.542693572886
6.536   0.543017215714   0.542693572979
6.632   0.543017215714   0.542693573053
6.728   0.543017215714   0.542693573114
6.824   0.543017215714   0.542693573163
6.92   0.543017215714   0.542693573203
7.016   0.543017215714   0.542693573236
7.112   0.543017215714   0.542693573262
7.208   0.543017215714   0.542693573283
7.304   0.543017215714   0.542693573301
7.4   0.543017215714   0.542693573315
7.496   0.543017215714   0.542693573326
7.592   0.543017215714   0.542693573335
7.688   0.543017215714   0.542693573343
7.784   0.543017215714   0.542693573349
7.88   0.543017215714   0.542693573354
7.976   0.543017215714   0.542693573358
8.072   0.543017215714   0.542693573361
8.168   0.543017215714   0.542693573363
8.264   0.543017215714   0.542693573366
8.36   0.543017215714   0.542693573367
8.456   0.543017215714   0.542693573369
8.552   0.543017215714   0.54269357337
8.648   0.543017215714   0.542693573371
8.744   0.543017215714   0.542693573371
8.84   0.543017215714   0.542693573372
8.936   0.543017215714   0.542693573373
9.032   0.543017215714   0.542693573373
9.128   0.543017215714   0.542693573373
9.224   0.543017215714   0.542693573374
9.32   0.543017215714   0.542693573374
9.416   0.543017215714   0.542693573374
9.512   0.543017215714   0.542693573374
9.608   0.543017215714   0.542693573374
9.704   0.543017215714   0.542693573374
