0.2   0.563284133813   0.426621240249
0.296   0.559176129645   0.463457143725
0.392   0.555643947731   0.488661910966
0.488   0.552662867741   0.505972202894
0.584   0.550194565284   0.517620895272
0.68   0.548192004566   0.525258337703
0.776   0.546603615932   0.53018258893
0.872   0.54537704207   0.53334095584
0.968   0.544461194465   0.535363727062
1.064   0.543806399633   0.536650136729
1.16   0.543362377029   0.537453575061
1.256   0.54307896127   0.53794140485
1.352   0.54290832283   0.538227922199
1.448   0.542810817156   0.538391388167
1.544   0.542756384663   0.538483072285
1.64   0.542726933907   0.538533399764
1.736   0.542711205764   0.538560900865
1.832   0.542702867675   0.538575859789
1.928   0.542698465323   0.53858397573
2.024   0.542696146141   0.53858837293
2.12   0.542694925858   0.538590753578
2.216   0.5426942842   0.53859204197
2.312   0.542693946917   0.538592739101
2.408   0.54269376966   0.538593116271
2.504   0.542693676513   0.538593320321
2.6   0.542693627568   0.538593430709
2.696   0.54269360185   0.538593490428
2.792   0.542693588336   0.538593522734
2.888   0.542693581236   0.538593540211
2.984   0.542693577505   0.538593549665
3.08   0.542693575545   0.53859355478
3.176   0.542693574515   0.538593557547
3.272   0.542693573974   0.538593559044
3.368   0.542693573689   0.538593559853
3.464   0.54269357354   0.538593560291
3.56   0.542693573462   0.538593560528
3.656   0.54269357342   0.538593560657
3.752   0.542693573399   0.538593560726
3.848   0.542693573387   0.538593560763
3.944   0.542693573381   0.538593560784
4.04   0.542693573378   0.538593560795
4.136   0.542693573376   0.538593560801
4.232   0.542693573376   0.538593560804
4.328   0.542693573375   0.538593560806
4.424   0.542693573375   0.538593560807
4.52   0.542693573375   0.538593560807
4.616   0.542693573375   0.538593560807
4.712   0.542693573375   0.538593560807
4.808   0.542693573375   0.538593560808
4.904   0.542693573375   0.538593560808
5.0   0.542693573375   0.538593560808
5.096   0.542693573375   0.538593560808
5.192   0.542693573375   0.538593560808
5.288   0.542693573375   0.538593560808
5.384   0.542693573375   0.538593560808
5.48   0.542693573375   0.538593560808
5.576   0.542693573375   0.538593560808
5.672   0.542693573375   0.538593560808
5.768   0.542693573375   0.538593560808
5.864   0.542693573375   0.538593560808
5.96   0.542693573375   0.538593560808
6.056   0.542693573375   0.538593560808
6.152   0.542693573375   0.538593560808
6.248   0.542693573375   0.538593560808
6.344   0.542693573375   0.538593560808
6.44   0.542693573375   0.538593560808
6.536   0.542693573375   0.538593560808
6.632   0.542693573375   0.538593560808
6.728   0.542693573375   0.538593560808
6.824   0.542693573375   0.538593560808
6.92   0.542693573375   0.538593560808
7.016   0.542693573375   0.538593560808
7.112   0.542693573375   0.538593560808
7.208   0.542693573375   0.538593560808
7.304   0.542693573375   0.538593560808
7.4   0.542693573375   0.538593560808
7.496   0.542693573375   0.538593560808
7.592   0.542693573375   0.538593560808
7.688   0.542693573375   0.538593560808
7.784   0.542693573375   0.538593560808
7.88   0.542693573375   0.538593560808
7.976   0.542693573375   0.538593560808
8.072   0.542693573375   0.538593560808
8.168   0.542693573375   0.538593560808
8.264   0.542693573375   0.538593560808
8.36   0.542693573375   0.538593560808
8.456   0.542693573375   0.538593560808
8.552   0.542693573375   0.538593560808
8.648   0.542693573375   0.538593560808
8.744   0.542693573375   0.538593560808
8.84   0.542693573375   0.538593560808
8.936   0.542693573375   0.538593560808
9.032   0.542693573375   0.538593560808
9.128   0.542693573375   0.538593560808
9.224   0.542693573375   0.538593560808
9.32   0.542693573375   0.538593560808
9.416   0.542693573375   0.538593560808
9.512   0.542693573375   0.538593560808
9.608   0.542693573375   0.538593560808
9.704   0.542693573375   0.538593560808
