0.2   0.565538804578   0.433850208886
0.296   0.562488032987   0.476527117841
0.392   0.559999532803   0.503582659488
0.488   0.558064784196   0.520539865481
0.584   0.556655004039   0.530607904027
0.68   0.555710375943   0.536254566769
0.776   0.55513608603   0.539306626167
0.872   0.554818446925   0.540922940701
0.968   0.554655917674   0.541769642646
1.064   0.554576355782   0.542211124795
1.16   0.55453876788   0.542441362691
1.256   0.554521280363   0.542561515221
1.352   0.554513208356   0.542624344426
1.448   0.554509497119   0.542657251012
1.544   0.554507794133   0.542674505539
1.64   0.554507013418   0.542683559959
1.736   0.554506655673   0.54268831371
1.832   0.55450649178   0.542690810307
1.928   0.554506416704   0.542692121734
2.024   0.554506382315   0.542692810687
2.12   0.554506366564   0.54269317265
2.216   0.554506359349   0.542693362826
2.312   0.554506356044   0.542693462747
2.408   0.55450635453   0.542693515248
2.504   0.554506353837   0.542693542833
2.6   0.55450635352   0.542693557327
2.696   0.554506353374   0.542693564943
2.792   0.554506353307   0.542693568944
2.888   0.554506353277   0.542693571047
2.984   0.554506353263   0.542693572152
3.08   0.554506353257   0.542693572732
3.176   0.554506353254   0.542693573037
3.272   0.554506353252   0.542693573197
3.368   0.554506353252   0.542693573281
3.464   0.554506353251   0.542693573326
3.56   0.554506353251   0.542693573349
3.656   0.554506353251   0.542693573361
3.752   0.554506353251   0.542693573368
3.848   0.554506353251   0.542693573371
3.944   0.554506353251   0.542693573373
4.04   0.554506353251   0.542693573374
4.136   0.554506353251   0.542693573374
4.232   0.554506353251   0.542693573374
4.328   0.554506353251   0.542693573375
4.424   0.554506353251   0.542693573375
4.52   0.554506353251   0.542693573375
4.616   0.554506353251   0.542693573375
4.712   0.554506353251   0.542693573375
4.808   0.554506353251   0.542693573375
4.904   0.554506353251   0.542693573375
5.0   0.554506353251   0.542693573375
5.096   0.554506353251   0.542693573375
5.192   0.554506353251   0.542693573375
5.288   0.554506353251   0.542693573375
5.384   0.554506353251   0.542693573375
5.48   0.554506353251   0.542693573375
5.576   0.554506353251   0.542693573375
5.672   0.554506353251   0.542693573375
5.768   0.554506353251   0.542693573375
5.864   0.554506353251   0.542693573375
5.96   0.554506353251   0.542693573375
6.056   0.554506353251   0.542693573375
6.152   0.554506353251   0.542693573375
6.248   0.554506353251   0.542693573375
6.344   0.554506353251   0.542693573375
6.44   0.554506353251   0.542693573375
6.536   0.554506353251   0.542693573375
6.632   0.554506353251   0.542693573375
6.728   0.554506353251   0.542693573375
6.824   0.554506353251   0.542693573375
6.92   0.554506353251   0.542693573375
7.016   0.554506353251   0.542693573375
7.112   0.554506353251   0.542693573375
7.208   0.554506353251   0.542693573375
7.304   0.554506353251   0.542693573375
7.4   0.554506353251   0.542693573375
7.496   0.554506353251   0.542693573375
7.592   0.554506353251   0.542693573375
7.688   0.554506353251   0.542693573375
7.784   0.554506353251   0.542693573375
7.88   0.554506353251   0.542693573375
7.976   0.554506353251   0.542693573375
8.072   0.554506353251   0.542693573375
8.168   0.554506353251   0.542693573375
8.264   0.554506353251   0.542693573375
8.36   0.554506353251   0.542693573375
8.456   0.554506353251   0.542693573375
8.552   0.554506353251   0.542693573375
8.648   0.554506353251   0.542693573375
8.744   0.554506353251   0.542693573375
8.84   0.554506353251   0.542693573375
8.936   0.554506353251   0.542693573375
9.032   0.554506353251   0.542693573375
9.128   0.554506353251   0.542693573375
9.224   0.554506353251   0.542693573375
9.32   0.554506353251   0.542693573375
9.416   0.554506353251   0.542693573375
9.512   0.554506353251   0.542693573375
9.608   0.554506353251   0.542693573375
9.704   0.554506353251   0.542693573375
