0.2   0.562329573722   0.411499908007
0.296   0.557854411234   0.449294319684
0.392   0.55404463551   0.475357094288
0.488   0.550892762239   0.493466578337
0.584   0.548374804311   0.505838730767
0.68   0.546449783736   0.514048253752
0.776   0.545056059856   0.5193269613
0.872   0.544108972729   0.522622958605
0.968   0.543506428245   0.524627261967
1.064   0.543145455237   0.525819195415
1.16   0.542939433274   0.526516254778
1.256   0.542825275877   0.526919478085
1.352   0.542763536957   0.527151389812
1.448   0.542730560394   0.527284305678
1.544   0.542713073511   0.527360390042
1.64   0.542703838467   0.527403922982
1.736   0.542698972477   0.527428828849
1.832   0.542696411809   0.527443078647
1.928   0.542695065227   0.527451232381
2.024   0.542694357369   0.52745589837
2.12   0.542693985346   0.527458568688
2.216   0.542693789847   0.527460096979
2.312   0.542693687119   0.527460971692
2.408   0.54269363314   0.527461472344
2.504   0.542693604778   0.527461758904
2.6   0.542693589875   0.527461922924
2.696   0.542693582044   0.527462016806
2.792   0.54269357793   0.527462070543
2.888   0.542693575768   0.527462101302
2.984   0.542693574632   0.527462118907
3.08   0.542693574035   0.527462128985
3.176   0.542693573722   0.527462134753
3.272   0.542693573557   0.527462138054
3.368   0.542693573471   0.527462139944
3.464   0.542693573425   0.527462141026
3.56   0.542693573401   0.527462141645
3.656   0.542693573389   0.527462141999
3.752   0.542693573382   0.527462142202
3.848   0.542693573378   0.527462142318
3.944   0.542693573377   0.527462142385
4.04   0.542693573376   0.527462142423
4.136   0.542693573375   0.527462142445
4.232   0.542693573375   0.527462142457
4.328   0.542693573375   0.527462142464
4.424   0.542693573375   0.527462142468
4.52   0.542693573375   0.527462142471
4.616   0.542693573375   0.527462142472
4.712   0.542693573375   0.527462142473
4.808   0.542693573375   0.527462142473
4.904   0.542693573375   0.527462142474
5.0   0.542693573375   0.527462142474
5.096   0.542693573375   0.527462142474
5.192   0.542693573375   0.527462142474
5.288   0.542693573375   0.527462142474
5.384   0.542693573375   0.527462142474
5.48   0.542693573375   0.527462142474
5.576   0.542693573375   0.527462142474
5.672   0.542693573375   0.527462142474
5.768   0.542693573375   0.527462142474
5.864   0.542693573375   0.527462142474
5.96   0.542693573375   0.527462142474
6.056   0.542693573375   0.527462142474
6.152   0.542693573375   0.527462142474
6.248   0.542693573375   0.527462142474
6.344   0.542693573375   0.527462142474
6.44   0.542693573375   0.527462142474
6.536   0.542693573375   0.527462142474
6.632   0.542693573375   0.527462142474
6.728   0.542693573375   0.527462142474
6.824   0.542693573375   0.527462142474
6.92   0.542693573375   0.527462142474
7.016   0.542693573375   0.527462142474
7.112   0.542693573375   0.527462142474
7.208   0.542693573375   0.527462142474
7.304   0.542693573375   0.527462142474
7.4   0.542693573375   0.527462142474
7.496   0.542693573375   0.527462142474
7.592   0.542693573375   0.527462142474
7.688   0.542693573375   0.527462142474
7.784   0.542693573375   0.527462142474
7.88   0.542693573375   0.527462142474
7.976   0.542693573375   0.527462142474
8.072   0.542693573375   0.527462142474
8.168   0.542693573375   0.527462142474
8.264   0.542693573375   0.527462142474
8.36   0.542693573375   0.527462142474
8.456   0.542693573375   0.527462142474
8.552   0.542693573375   0.527462142474
8.648   0.542693573375   0.527462142474
8.744   0.542693573375   0.527462142474
8.84   0.542693573375   0.527462142474
8.936   0.542693573375   0.527462142474
9.032   0.542693573375   0.527462142474
9.128   0.542693573375   0.527462142474
9.224   0.542693573375   0.527462142474
9.32   0.542693573375   0.527462142474
9.416   0.542693573375   0.527462142474
9.512   0.542693573375   0.527462142474
9.608   0.542693573375   0.527462142474
9.704   0.542693573375   0.527462142474
