0.2   0.561387664122   0.378883838485
0.296   0.556606381089   0.422120579762
0.392   0.552630681765   0.451456156144
0.488   0.549466952613   0.471695224756
0.584   0.547082308291   0.485508099106
0.68   0.545395648918   0.494692585554
0.776   0.544281528608   0.500614917973
0.872   0.543592006762   0.504330751474
0.968   0.543187978965   0.506615958707
1.064   0.542960768605   0.5080039935
1.16   0.542836216134   0.508841530347
1.256   0.542769206506   0.509345692869
1.352   0.542733517479   0.509648847209
1.448   0.542714621388   0.509831184713
1.544   0.54270465023   0.509940916471
1.64   0.542699398605   0.510006992508
1.736   0.542696635609   0.510046801055
1.832   0.542695182793   0.51007079394
1.928   0.542694419135   0.510085258933
2.024   0.542694017798   0.510093981557
2.12   0.542693806898   0.51009924223
2.216   0.542693696078   0.510102415306
2.312   0.542693637848   0.51010432934
2.408   0.542693607251   0.510105483961
2.504   0.542693591174   0.510106180496
2.6   0.542693582727   0.510106600694
2.696   0.542693578289   0.510106854191
2.792   0.542693575957   0.510107007122
2.888   0.542693574731   0.510107099383
2.984   0.542693574087   0.510107155043
3.08   0.542693573749   0.510107188622
3.176   0.542693573571   0.51010720888
3.272   0.542693573478   0.510107221101
3.368   0.542693573429   0.510107228475
3.464   0.542693573403   0.510107232923
3.56   0.54269357339   0.510107235606
3.656   0.542693573383   0.510107237225
3.752   0.542693573379   0.510107238202
3.848   0.542693573377   0.510107238791
3.944   0.542693573376   0.510107239147
4.04   0.542693573375   0.510107239361
4.136   0.542693573375   0.510107239491
4.232   0.542693573375   0.510107239569
4.328   0.542693573375   0.510107239616
4.424   0.542693573375   0.510107239644
4.52   0.542693573375   0.510107239661
4.616   0.542693573375   0.510107239672
4.712   0.542693573375   0.510107239678
4.808   0.542693573375   0.510107239682
4.904   0.542693573375   0.510107239684
5.0   0.542693573375   0.510107239685
5.096   0.542693573375   0.510107239686
5.192   0.542693573375   0.510107239687
5.288   0.542693573375   0.510107239687
5.384   0.542693573375   0.510107239687
5.48   0.542693573375   0.510107239687
5.576   0.542693573375   0.510107239687
5.672   0.542693573375   0.510107239687
5.768   0.542693573375   0.510107239687
5.864   0.542693573375   0.510107239687
5.96   0.542693573375   0.510107239687
6.056   0.542693573375   0.510107239687
6.152   0.542693573375   0.510107239687
6.248   0.542693573375   0.510107239687
6.344   0.542693573375   0.510107239687
6.44   0.542693573375   0.510107239687
6.536   0.542693573375   0.510107239687
6.632   0.542693573375   0.510107239687
6.728   0.542693573375   0.510107239687
6.824   0.542693573375   0.510107239687
6.92   0.542693573375   0.510107239687
7.016   0.542693573375   0.510107239687
7.112   0.542693573375   0.510107239687
7.208   0.542693573375   0.510107239687
7.304   0.542693573375   0.510107239687
7.4   0.542693573375   0.510107239687
7.496   0.542693573375   0.510107239687
7.592   0.542693573375   0.510107239687
7.688   0.542693573375   0.510107239687
7.784   0.542693573375   0.510107239687
7.88   0.542693573375   0.510107239687
7.976   0.542693573375   0.510107239687
8.072   0.542693573375   0.510107239687
8.168   0.542693573375   0.510107239687
8.264   0.542693573375   0.510107239687
8.36   0.542693573375   0.510107239687
8.456   0.542693573375   0.510107239687
8.552   0.542693573375   0.510107239687
8.648   0.542693573375   0.510107239687
8.744   0.542693573375   0.510107239687
8.84   0.542693573375   0.510107239687
8.936   0.542693573375   0.510107239687
9.032   0.542693573375   0.510107239687
9.128   0.542693573375   0.510107239687
9.224   0.542693573375   0.510107239687
9.32   0.542693573375   0.510107239687
9.416   0.542693573375   0.510107239687
9.512   0.542693573375   0.510107239687
9.608   0.542693573375   0.510107239687
9.704   0.542693573375   0.510107239687
