0.2   0.56441334379   0.422338571022
0.296   0.560777097289   0.465782532845
0.392   0.557666105705   0.494037103437
0.488   0.555059917911   0.512553282046
0.584   0.552925323799   0.524365089656
0.68   0.551220836922   0.531663725003
0.776   0.549900309942   0.536103704817
0.872   0.548915588288   0.53880088457
0.968   0.548216744525   0.540436666759
1.064   0.547750574509   0.541415998223
1.16   0.547460347544   0.541987727549
1.256   0.547291351658   0.542310983754
1.352   0.54719841952   0.542489210063
1.448   0.547148632218   0.542585218344
1.544   0.547122788909   0.542636367858
1.64   0.547109543042   0.542663442639
1.736   0.547102800373   0.542677722648
1.832   0.547099380644   0.542685240033
1.928   0.547097649579   0.542689193557
2.024   0.547096774198   0.542691271783
2.12   0.54709633176   0.542692363975
2.216   0.547096108202   0.542692937902
2.312   0.547095995257   0.542693239474
2.408   0.547095938199   0.542693397932
2.504   0.547095909376   0.542693481192
2.6   0.547095894816   0.542693524939
2.696   0.547095887461   0.542693547925
2.792   0.547095883746   0.542693560003
2.888   0.547095881869   0.542693566349
2.984   0.547095880921   0.542693569683
3.08   0.547095880443   0.542693571435
3.176   0.547095880201   0.542693572355
3.272   0.547095880078   0.542693572839
3.368   0.547095880017   0.542693573093
3.464   0.547095879986   0.542693573227
3.56   0.54709587997   0.542693573297
3.656   0.547095879962   0.542693573334
3.752   0.547095879958   0.542693573353
3.848   0.547095879956   0.542693573363
3.944   0.547095879955   0.542693573369
4.04   0.547095879954   0.542693573372
4.136   0.547095879954   0.542693573373
4.232   0.547095879954   0.542693573374
4.328   0.547095879954   0.542693573374
4.424   0.547095879954   0.542693573374
4.52   0.547095879954   0.542693573375
4.616   0.547095879954   0.542693573375
4.712   0.547095879954   0.542693573375
4.808   0.547095879954   0.542693573375
4.904   0.547095879954   0.542693573375
5.0   0.547095879954   0.542693573375
5.096   0.547095879954   0.542693573375
5.192   0.547095879954   0.542693573375
5.288   0.547095879954   0.542693573375
5.384   0.547095879954   0.542693573375
5.48   0.547095879954   0.542693573375
5.576   0.547095879954   0.542693573375
5.672   0.547095879954   0.542693573375
5.768   0.547095879954   0.542693573375
5.864   0.547095879954   0.542693573375
5.96   0.547095879954   0.542693573375
6.056   0.547095879954   0.542693573375
6.152   0.547095879954   0.542693573375
6.248   0.547095879954   0.542693573375
6.344   0.547095879954   0.542693573375
6.44   0.547095879954   0.542693573375
6.536   0.547095879954   0.542693573375
6.632   0.547095879954   0.542693573375
6.728   0.547095879954   0.542693573375
6.824   0.547095879954   0.542693573375
6.92   0.547095879954   0.542693573375
7.016   0.547095879954   0.542693573375
7.112   0.547095879954   0.542693573375
7.208   0.547095879954   0.542693573375
7.304   0.547095879954   0.542693573375
7.4   0.547095879954   0.542693573375
7.496   0.547095879954   0.542693573375
7.592   0.547095879954   0.542693573375
7.688   0.547095879954   0.542693573375
7.784   0.547095879954   0.542693573375
7.88   0.547095879954   0.542693573375
7.976   0.547095879954   0.542693573375
8.072   0.547095879954   0.542693573375
8.168   0.547095879954   0.542693573375
8.264   0.547095879954   0.542693573375
8.36   0.547095879954   0.542693573375
8.456   0.547095879954   0.542693573375
8.552   0.547095879954   0.542693573375
8.648   0.547095879954   0.542693573375
8.744   0.547095879954   0.542693573375
8.84   0.547095879954   0.542693573375
8.936   0.547095879954   0.542693573375
9.032   0.547095879954   0.542693573375
9.128   0.547095879954   0.542693573375
9.224   0.547095879954   0.542693573375
9.32   0.547095879954   0.542693573375
9.416   0.547095879954   0.542693573375
9.512   0.547095879954   0.542693573375
9.608   0.547095879954   0.542693573375
9.704   0.547095879954   0.542693573375
