0.2   0.565735241716   0.449948030054
0.296   0.562835479051   0.48590387644
0.392   0.560531819295   0.509238967254
0.488   0.558809556361   0.52393683975
0.584   0.557623082605   0.532599490693
0.68   0.556883867148   0.537389066558
0.776   0.556469130135   0.539934068475
0.872   0.556257011888   0.541261261371
0.968   0.556154308566   0.541949027992
1.064   0.556106790935   0.542305506442
1.16   0.556085230344   0.542490821691
1.256   0.55607554438   0.542587431768
1.352   0.556071214391   0.542637931791
1.448   0.556069283327   0.542664378888
1.544   0.5560684231   0.542678246737
1.64   0.556068040102   0.542685524347
1.736   0.556067869624   0.542689345417
1.832   0.556067793751   0.542691352256
1.928   0.556067759985   0.542692406446
2.024   0.556067744958   0.542692960269
2.12   0.55606773827   0.542693251241
2.216   0.556067735294   0.542693404119
2.312   0.55606773397   0.542693484443
2.408   0.556067733381   0.542693526648
2.504   0.556067733118   0.542693548823
2.6   0.556067733002   0.542693560475
2.696   0.55606773295   0.542693566597
2.792   0.556067732927   0.542693569813
2.888   0.556067732916   0.542693571503
2.984   0.556067732912   0.542693572391
3.08   0.55606773291   0.542693572858
3.176   0.556067732909   0.542693573103
3.272   0.556067732908   0.542693573232
3.368   0.556067732908   0.5426935733
3.464   0.556067732908   0.542693573335
3.56   0.556067732908   0.542693573354
3.656   0.556067732908   0.542693573364
3.752   0.556067732908   0.542693573369
3.848   0.556067732908   0.542693573372
3.944   0.556067732908   0.542693573373
4.04   0.556067732908   0.542693573374
4.136   0.556067732908   0.542693573374
4.232   0.556067732908   0.542693573374
4.328   0.556067732908   0.542693573375
4.424   0.556067732908   0.542693573375
4.52   0.556067732908   0.542693573375
4.616   0.556067732908   0.542693573375
4.712   0.556067732908   0.542693573375
4.808   0.556067732908   0.542693573375
4.904   0.556067732908   0.542693573375
5.0   0.556067732908   0.542693573375
5.096   0.556067732908   0.542693573375
5.192   0.556067732908   0.542693573375
5.288   0.556067732908   0.542693573375
5.384   0.556067732908   0.542693573375
5.48   0.556067732908   0.542693573375
5.576   0.556067732908   0.542693573375
5.672   0.556067732908   0.542693573375
5.768   0.556067732908   0.542693573375
5.864   0.556067732908   0.542693573375
5.96   0.556067732908   0.542693573375
6.056   0.556067732908   0.542693573375
6.152   0.556067732908   0.542693573375
6.248   0.556067732908   0.542693573375
6.344   0.556067732908   0.542693573375
6.44   0.556067732908   0.542693573375
6.536   0.556067732908   0.542693573375
6.632   0.556067732908   0.542693573375
6.728   0.556067732908   0.542693573375
6.824   0.556067732908   0.542693573375
6.92   0.556067732908   0.542693573375
7.016   0.556067732908   0.542693573375
7.112   0.556067732908   0.542693573375
7.208   0.556067732908   0.542693573375
7.304   0.556067732908   0.542693573375
7.4   0.556067732908   0.542693573375
7.496   0.556067732908   0.542693573375
7.592   0.556067732908   0.542693573375
7.688   0.556067732908   0.542693573375
7.784   0.556067732908   0.542693573375
7.88   0.556067732908   0.542693573375
7.976   0.556067732908   0.542693573375
8.072   0.556067732908   0.542693573375
8.168   0.556067732908   0.542693573375
8.264   0.556067732908   0.542693573375
8.36   0.556067732908   0.542693573375
8.456   0.556067732908   0.542693573375
8.552   0.556067732908   0.542693573375
8.648   0.556067732908   0.542693573375
8.744   0.556067732908   0.542693573375
8.84   0.556067732908   0.542693573375
8.936   0.556067732908   0.542693573375
9.032   0.556067732908   0.542693573375
9.128   0.556067732908   0.542693573375
9.224   0.556067732908   0.542693573375
9.32   0.556067732908   0.542693573375
9.416   0.556067732908   0.542693573375
9.512   0.556067732908   0.542693573375
9.608   0.556067732908   0.542693573375
9.704   0.556067732908   0.542693573375
