0.2   0.563819205936   0.422796731233
0.296   0.559920320573   0.463472364151
0.392   0.556562682571   0.49057567734
0.488   0.553721998095   0.508776799781
0.584   0.551359801221   0.520744768784
0.68   0.549428015447   0.528412935084
0.776   0.547872999201   0.533271007502
0.872   0.546639644326   0.536369482097
0.968   0.545674637076   0.538379888503
1.064   0.544928832258   0.539710560667
1.16   0.544358714782   0.540607797849
1.256   0.543927048736   0.541222150547
1.352   0.543602887519   0.541648559475
1.448   0.543361143563   0.541947316176
1.544   0.543182288868   0.542157829443
1.64   0.543050044027   0.542308788285
1.736   0.542952851588   0.54241430034
1.832   0.542881652133   0.542491906156
1.928   0.542829630529   0.542546858629
2.024   0.542799139764   0.542589175678
2.12   0.54277320082   0.542764200857
2.216   0.542753597666   0.542750529062
2.312   0.542739139787   0.542737906387
2.408   0.542728518217   0.542727947828
2.504   0.542720692243   0.542720395237
2.6   0.542714889885   0.542714719241
2.696   0.542710551278   0.542710445041
2.792   0.542707274035   0.542707203465
2.888   0.542704770002   0.542704720617
2.984   0.542702832989   0.542702796949
3.08   0.542701315246   0.54270128804
3.176   0.542700110553   0.542700089443
3.272   0.542699142158   0.542699125407
3.368   0.542698354231   0.54269834069
3.464   0.542697705826   0.54269769471
3.56   0.542697166626   0.542697157382
3.656   0.542696713954   0.542696706182
3.752   0.542696330655   0.542696324061
3.848   0.542696003604   0.542695997964
3.944   0.542695722641   0.542695717783
4.04   0.542695479809   0.5426954756
4.136   0.54269526881   0.542695265145
4.232   0.542695084603   0.542695081396
4.328   0.542694923113   0.542694920296
4.424   0.542694781013   0.542694778531
4.52   0.542694655564   0.542694653369
4.616   0.542694544493   0.542694542546
4.712   0.542694445895   0.542694444165
4.808   0.542694358168   0.542694356627
4.904   0.542694279952   0.542694278577
5.0   0.542694210088   0.542694208859
5.096   0.542694147581   0.54269414648
5.192   0.542694091573   0.542694090586
5.288   0.542694041323   0.542694040437
5.384   0.542693996184   0.542693995388
5.48   0.542693955594   0.542693954878
5.576   0.542693919059   0.542693918413
5.672   0.542693886145   0.542693885563
5.768   0.54269385647   0.542693855945
5.864   0.542693829696   0.542693829223
5.96   0.542693805525   0.542693805097
6.056   0.54269378369   0.542693783304
6.152   0.542693763957   0.542693763608
6.248   0.542693746113   0.542693745798
6.344   0.542693729972   0.542693729687
6.44   0.542693715365   0.542693715107
6.536   0.542693702142   0.542693701908
6.632   0.542693690168   0.542693689956
6.728   0.542693679322   0.54269367913
6.824   0.542693669495   0.542693669321
6.92   0.542693660589   0.542693660431
7.016   0.542693652516   0.542693652373
7.112   0.542693645197   0.542693645068
7.208   0.542693638561   0.542693638443
7.304   0.542693632542   0.542693632435
7.4   0.542693627082   0.542693626985
7.496   0.542693622129   0.542693622042
7.592   0.542693617636   0.542693617556
7.688   0.542693613559   0.542693613486
7.784   0.542693609859   0.542693609793
7.88   0.542693606501   0.542693606441
7.976   0.542693603453   0.542693603399
8.072   0.542693600687   0.542693600638
8.168   0.542693598175   0.542693598131
8.264   0.542693595896   0.542693595855
8.36   0.542693593826   0.54269359379
8.456   0.542693591947   0.542693591914
8.552   0.542693590241   0.542693590211
8.648   0.542693588692   0.542693588665
8.744   0.542693587286   0.542693587261
8.84   0.542693586009   0.542693585986
8.936   0.542693584849   0.542693584828
9.032   0.542693583796   0.542693583777
9.128   0.54269358284   0.542693582823
9.224   0.542693581971   0.542693581956
9.32   0.542693581182   0.542693581168
9.416   0.542693580466   0.542693580453
9.512   0.542693579816   0.542693579804
9.608   0.542693579225   0.542693579214
9.704   0.542693578688   0.542693578679
