0.2   0.561620827565   0.375189066585
0.296   0.556895130857   0.421413485837
0.392   0.552935564439   0.452336040945
0.488   0.549752255946   0.473487830306
0.584   0.547321357902   0.487838976387
0.68   0.545575594338   0.497337109043
0.776   0.544404121496   0.503435591338
0.872   0.543668735986   0.507244700711
0.968   0.543233017872   0.50957516739
1.064   0.542986106323   0.510982295574
1.16   0.542850047295   0.51182579057
1.256   0.542776633947   0.512330083786
1.352   0.542737468201   0.512631170629
1.448   0.542716711421   0.512810975293
1.544   0.542705752543   0.512918412103
1.64   0.542699978996   0.512982646224
1.736   0.542696940911   0.513021070477
1.832   0.542695343308   0.513044064992
1.928   0.542694503503   0.513057830001
2.024   0.542694062136   0.513066071845
2.12   0.542693830197   0.513071007436
2.216   0.54269370832   0.513073963402
2.312   0.54269364428   0.513075733881
2.408   0.542693610631   0.513076794361
2.504   0.54269359295   0.513077429585
2.6   0.54269358366   0.513077810091
2.696   0.542693578779   0.513078038021
2.792   0.542693576214   0.513078174556
2.888   0.542693574867   0.513078256344
2.984   0.542693574159   0.513078305338
3.08   0.542693573787   0.513078334686
3.176   0.542693573591   0.513078352267
3.272   0.542693573488   0.513078362798
3.368   0.542693573434   0.513078369107
3.464   0.542693573406   0.513078372886
3.56   0.542693573391   0.51307837515
3.656   0.542693573383   0.513078376506
3.752   0.542693573379   0.513078377318
3.848   0.542693573377   0.513078377805
3.944   0.542693573376   0.513078378096
4.04   0.542693573375   0.513078378271
4.136   0.542693573375   0.513078378375
4.232   0.542693573375   0.513078378438
4.328   0.542693573375   0.513078378476
4.424   0.542693573375   0.513078378498
4.52   0.542693573375   0.513078378512
4.616   0.542693573375   0.51307837852
4.712   0.542693573375   0.513078378524
4.808   0.542693573375   0.513078378527
4.904   0.542693573375   0.513078378529
5.0   0.542693573375   0.51307837853
5.096   0.542693573375   0.513078378531
5.192   0.542693573375   0.513078378531
5.288   0.542693573375   0.513078378531
5.384   0.542693573375   0.513078378531
5.48   0.542693573375   0.513078378532
5.576   0.542693573375   0.513078378532
5.672   0.542693573375   0.513078378532
5.768   0.542693573375   0.513078378532
5.864   0.542693573375   0.513078378532
5.96   0.542693573375   0.513078378532
6.056   0.542693573375   0.513078378532
6.152   0.542693573375   0.513078378532
6.248   0.542693573375   0.513078378532
6.344   0.542693573375   0.513078378532
6.44   0.542693573375   0.513078378532
6.536   0.542693573375   0.513078378532
6.632   0.542693573375   0.513078378532
6.728   0.542693573375   0.513078378532
6.824   0.542693573375   0.513078378532
6.92   0.542693573375   0.513078378532
7.016   0.542693573375   0.513078378532
7.112   0.542693573375   0.513078378532
7.208   0.542693573375   0.513078378532
7.304   0.542693573375   0.513078378532
7.4   0.542693573375   0.513078378532
7.496   0.542693573375   0.513078378532
7.592   0.542693573375   0.513078378532
7.688   0.542693573375   0.513078378532
7.784   0.542693573375   0.513078378532
7.88   0.542693573375   0.513078378532
7.976   0.542693573375   0.513078378532
8.072   0.542693573375   0.513078378532
8.168   0.542693573375   0.513078378532
8.264   0.542693573375   0.513078378532
8.36   0.542693573375   0.513078378532
8.456   0.542693573375   0.513078378532
8.552   0.542693573375   0.513078378532
8.648   0.542693573375   0.513078378532
8.744   0.542693573375   0.513078378532
8.84   0.542693573375   0.513078378532
8.936   0.542693573375   0.513078378532
9.032   0.542693573375   0.513078378532
9.128   0.542693573375   0.513078378532
9.224   0.542693573375   0.513078378532
9.32   0.542693573375   0.513078378532
9.416   0.542693573375   0.513078378532
9.512   0.542693573375   0.513078378532
9.608   0.542693573375   0.513078378532
9.704   0.542693573375   0.513078378532
