0.2   0.561575677777   -0.378084978509
0.296   0.556840954787   -0.422955249935
0.392   0.552879922704   -0.453152281274
0.488   0.549701325706   -0.473880896104
0.584   0.547279343521   -0.487976686554
0.68   0.545544258269   -0.497320211891
0.776   0.544382865103   -0.503326194232
0.872   0.543655450182   -0.507080886711
0.968   0.543225219773   -0.509379865502
1.064   0.542981718362   -0.510769019809
1.16   0.54284765108   -0.511602353457
1.256   0.542775346797   -0.512100918877
1.352   0.542736783429   -0.512398792297
1.448   0.542716349118   -0.512576796386
1.544   0.542705561447   -0.512683225744
1.64   0.542699878376   -0.512746897372
1.736   0.542696887981   -0.512785008515
1.832   0.542695315479   -0.512807829441
1.928   0.542694488876   -0.512821498713
2.024   0.542694054449   -0.512829688099
2.12   0.542693826158   -0.512834595178
2.216   0.542693706198   -0.512837535802
2.312   0.542693643165   -0.512839298129
2.408   0.542693610045   -0.512840354347
2.504   0.542693592642   -0.51284098739
2.6   0.542693583499   -0.512841366813
2.696   0.542693578694   -0.512841594227
2.792   0.54269357617   -0.512841730533
2.888   0.542693574843   -0.512841812232
2.984   0.542693574146   -0.512841861201
3.08   0.54269357378   -0.512841890552
3.176   0.542693573588   -0.512841908144
3.272   0.542693573487   -0.512841918689
3.368   0.542693573433   -0.512841925009
3.464   0.542693573406   -0.512841928797
3.56   0.542693573391   -0.512841931068
3.656   0.542693573383   -0.512841932429
3.752   0.542693573379   -0.512841933244
3.848   0.542693573377   -0.512841933733
3.944   0.542693573376   -0.512841934026
4.04   0.542693573375   -0.512841934202
4.136   0.542693573375   -0.512841934307
4.232   0.542693573375   -0.51284193437
4.328   0.542693573375   -0.512841934408
4.424   0.542693573375   -0.512841934431
4.52   0.542693573375   -0.512841934445
4.616   0.542693573375   -0.512841934453
4.712   0.542693573375   -0.512841934458
4.808   0.542693573375   -0.512841934461
4.904   0.542693573375   -0.512841934462
5.0   0.542693573375   -0.512841934463
5.096   0.542693573375   -0.512841934464
5.192   0.542693573375   -0.512841934464
5.288   0.542693573375   -0.512841934465
5.384   0.542693573375   -0.512841934465
5.48   0.542693573375   -0.512841934465
5.576   0.542693573375   -0.512841934465
5.672   0.542693573375   -0.512841934465
5.768   0.542693573375   -0.512841934465
5.864   0.542693573375   -0.512841934465
5.96   0.542693573375   -0.512841934465
6.056   0.542693573375   -0.512841934465
6.152   0.542693573375   -0.512841934465
6.248   0.542693573375   -0.512841934465
6.344   0.542693573375   -0.512841934465
6.44   0.542693573375   -0.512841934465
6.536   0.542693573375   -0.512841934465
6.632   0.542693573375   -0.512841934465
6.728   0.542693573375   -0.512841934465
6.824   0.542693573375   -0.512841934465
6.92   0.542693573375   -0.512841934465
7.016   0.542693573375   -0.512841934465
7.112   0.542693573375   -0.512841934465
7.208   0.542693573375   -0.512841934465
7.304   0.542693573375   -0.512841934465
7.4   0.542693573375   -0.512841934465
7.496   0.542693573375   -0.512841934465
7.592   0.542693573375   -0.512841934465
7.688   0.542693573375   -0.512841934465
7.784   0.542693573375   -0.512841934465
7.88   0.542693573375   -0.512841934465
7.976   0.542693573375   -0.512841934465
8.072   0.542693573375   -0.512841934465
8.168   0.542693573375   -0.512841934465
8.264   0.542693573375   -0.512841934465
8.36   0.542693573375   -0.512841934465
8.456   0.542693573375   -0.512841934465
8.552   0.542693573375   -0.512841934465
8.648   0.542693573375   -0.512841934465
8.744   0.542693573375   -0.512841934465
8.84   0.542693573375   -0.512841934465
8.936   0.542693573375   -0.512841934465
9.032   0.542693573375   -0.512841934465
9.128   0.542693573375   -0.512841934465
9.224   0.542693573375   -0.512841934465
9.32   0.542693573375   -0.512841934465
9.416   0.542693573375   -0.512841934465
9.512   0.542693573375   -0.512841934465
9.608   0.542693573375   -0.512841934465
9.704   0.542693573375   -0.512841934465
