0.2   0.561901074452   0.382804420228
0.296   0.557259142368   0.428276702204
0.392   0.553338685536   0.458723189419
0.488   0.55014818401   0.479544745911
0.584   0.547669160179   0.493654460568
0.68   0.545849267078   0.502973173408
0.776   0.544597848296   0.508939205642
0.872   0.543793643061   0.512650280403
0.968   0.543307876015   0.514906910759
1.064   0.543028811999   0.516258056072
1.16   0.542873538852   0.517059711887
1.256   0.542789305195   0.517533176595
1.352   0.542744225014   0.517812365662
1.448   0.542720290895   0.517976904686
1.544   0.542707641839   0.518073904251
1.64   0.54270097416   0.518131113693
1.736   0.542697464512   0.51816487011
1.832   0.542695618628   0.518184795315
1.928   0.542694648223   0.518196559708
2.024   0.542694138193   0.518203507128
2.12   0.542693870164   0.518207610479
2.216   0.542693729322   0.518210034272
2.312   0.542693655315   0.518211466066
2.408   0.542693616429   0.518212311898
2.504   0.542693595997   0.518212811587
2.6   0.542693585261   0.518213106792
2.696   0.54269357962   0.518213281194
2.792   0.542693576656   0.518213384229
2.888   0.542693575099   0.518213445101
2.984   0.542693574281   0.518213481064
3.08   0.542693573851   0.518213502311
3.176   0.542693573625   0.518213514863
3.272   0.542693573506   0.518213522279
3.368   0.542693573444   0.51821352666
3.464   0.542693573411   0.518213529249
3.56   0.542693573394   0.518213530778
3.656   0.542693573385   0.518213531681
3.752   0.54269357338   0.518213532215
3.848   0.542693573377   0.51821353253
3.944   0.542693573376   0.518213532717
4.04   0.542693573375   0.518213532827
4.136   0.542693573375   0.518213532892
4.232   0.542693573375   0.51821353293
4.328   0.542693573375   0.518213532953
4.424   0.542693573375   0.518213532966
4.52   0.542693573375   0.518213532974
4.616   0.542693573375   0.518213532979
4.712   0.542693573375   0.518213532982
4.808   0.542693573375   0.518213532983
4.904   0.542693573375   0.518213532984
5.0   0.542693573375   0.518213532985
5.096   0.542693573375   0.518213532985
5.192   0.542693573375   0.518213532985
5.288   0.542693573375   0.518213532986
5.384   0.542693573375   0.518213532986
5.48   0.542693573375   0.518213532986
5.576   0.542693573375   0.518213532986
5.672   0.542693573375   0.518213532986
5.768   0.542693573375   0.518213532986
5.864   0.542693573375   0.518213532986
5.96   0.542693573375   0.518213532986
6.056   0.542693573375   0.518213532986
6.152   0.542693573375   0.518213532986
6.248   0.542693573375   0.518213532986
6.344   0.542693573375   0.518213532986
6.44   0.542693573375   0.518213532986
6.536   0.542693573375   0.518213532986
6.632   0.542693573375   0.518213532986
6.728   0.542693573375   0.518213532986
6.824   0.542693573375   0.518213532986
6.92   0.542693573375   0.518213532986
7.016   0.542693573375   0.518213532986
7.112   0.542693573375   0.518213532986
7.208   0.542693573375   0.518213532986
7.304   0.542693573375   0.518213532986
7.4   0.542693573375   0.518213532986
7.496   0.542693573375   0.518213532986
7.592   0.542693573375   0.518213532986
7.688   0.542693573375   0.518213532986
7.784   0.542693573375   0.518213532986
7.88   0.542693573375   0.518213532986
7.976   0.542693573375   0.518213532986
8.072   0.542693573375   0.518213532986
8.168   0.542693573375   0.518213532986
8.264   0.542693573375   0.518213532986
8.36   0.542693573375   0.518213532986
8.456   0.542693573375   0.518213532986
8.552   0.542693573375   0.518213532986
8.648   0.542693573375   0.518213532986
8.744   0.542693573375   0.518213532986
8.84   0.542693573375   0.518213532986
8.936   0.542693573375   0.518213532986
9.032   0.542693573375   0.518213532986
9.128   0.542693573375   0.518213532986
9.224   0.542693573375   0.518213532986
9.32   0.542693573375   0.518213532986
9.416   0.542693573375   0.518213532986
9.512   0.542693573375   0.518213532986
9.608   0.542693573375   0.518213532986
9.704   0.542693573375   0.518213532986
