0.2   0.563914673376   0.415215320074
0.296   0.560040862673   0.459468462815
0.392   0.556697648536   0.488445083947
0.488   0.553863506688   0.507684328182
0.584   0.551502478996   0.520222000025
0.68   0.549568579082   0.528189992593
0.776   0.54800977523   0.533201236947
0.872   0.546772102119   0.536378197895
0.968   0.545802988778   0.538429899459
1.064   0.545053726004   0.539782989104
1.16   0.544481025617   0.540692622533
1.256   0.544047757398   0.541313709706
1.352   0.543723030414   0.541743392008
1.448   0.543481815772   0.542043049118
1.544   0.543304645142   0.542252631873
1.64   0.543175433132   0.542401282023
1.736   0.543082782468   0.542502003919
1.832   0.543017783755   0.542573388755
1.928   0.542978720448   0.542620811185
2.024   0.542949551363   0.542650802961
2.12   0.54293057255   0.542669497477
2.216   0.542918975157   0.542680427753
2.312   0.542912210862   0.542686496343
2.408   0.542908405857   0.542689782618
2.504   0.542906320963   0.54269155512
2.6   0.542905198492   0.542686061974
2.696   0.542904600802   0.542693422057
2.792   0.542904284632   0.542694340015
2.888   0.542904118014   0.542700329074
2.984   0.542904030394   0.542693596289
3.08   0.54290398437   0.542694021196
3.176   0.542903960211   0.542697080727
3.272   0.542903947533   0.542693322135
3.368   0.542903940882   0.542691749984
3.464   0.542903937393   0.542693586021
3.56   0.542903935562   0.542693678784
3.656   0.542903934602   0.542694366344
3.752   0.542903934098   0.542699567775
3.848   0.542903933834   0.542691869987
3.944   0.542903933695   0.54269358651
4.04   0.542903933623   0.542693671751
4.136   0.542903933584   0.542694308143
4.232   0.542903933564   0.542699119855
4.328   0.542903933554   0.542692311966
4.424   0.542903933548   0.542693711066
4.52   0.542903933546   0.542694602197
4.616   0.542903933544   0.542693684001
4.712   0.542903933543   0.542694399564
4.808   0.542903933543   0.542699819191
4.904   0.542903933543   0.542691572235
5.0   0.542903933543   0.542693594054
5.096   0.542903933542   0.542693727563
5.192   0.542903933542   0.542694725773
5.288   0.542903933542   0.542693713593
5.384   0.542903933542   0.542694621104
5.48   0.542903933542   0.542693688284
5.576   0.542903933542   0.542694431611
5.672   0.542903933542   0.542700064848
5.768   0.542903933542   0.542691240794
5.864   0.542903933542   0.542693604712
5.96   0.542903933542   0.542693807081
6.056   0.542903933542   0.542695322535
6.152   0.542903933542   0.542693550399
6.248   0.542903933542   0.542693402199
6.344   0.542903933542   0.542692301467
6.44   0.542903933542   0.542693713253
6.536   0.542903933542   0.542694618562
6.632   0.542903933542   0.542693687703
6.728   0.542903933542   0.542694427264
6.824   0.542903933542   0.542700031514
6.92   0.542903933542   0.542691288252
7.016   0.542903933542   0.542693603025
7.112   0.542903933542   0.542693794487
7.208   0.542903933542   0.542695227913
7.304   0.542903933542   0.542693554183
7.4   0.542903933542   0.54269343038
7.496   0.542903933542   0.542692510318
7.592   0.542903933542   0.542693672783
7.688   0.542903933542   0.542694315634
7.784   0.542903933542   0.54269917698
7.88   0.542903933542   0.542692261479
7.976   0.542903933542   0.542693721698
8.072   0.542903933542   0.542694681825
8.168   0.542903933542   0.542693702634
8.264   0.542903933542   0.54269453903
8.36   0.542903933542   0.542693670329
8.456   0.542903933542   0.542694297279
8.552   0.542903933542   0.542699036751
8.648   0.542903933542   0.542692382653
8.744   0.542903933542   0.542693696789
8.84   0.542903933542   0.542694495269
8.936   0.542903933542   0.542700553539
9.032   0.542903933542   0.542693697155
9.128   0.542903933542   0.542694498007
9.224   0.542903933542   0.542700574577
9.32   0.542903933542   0.542693699658
9.416   0.542903933542   0.54269451675
9.512   0.542903933542   0.542700718656
9.608   0.542903933542   0.542693718051
9.704   0.542903933542   0.542694654502
