0.2   0.565468025501   0.442977637414
0.296   0.562405606402   0.481245713393
0.392   0.559916188556   0.50602624875
0.488   0.557987853245   0.521763474321
0.584   0.556588389743   0.531203096421
0.68   0.555654655802   0.536543818037
0.776   0.555089266504   0.539449459618
0.872   0.554777538317   0.540994668153
0.968   0.554618341865   0.541806138681
1.064   0.554540490999   0.542229890745
1.16   0.554503718485   0.542451075137
1.256   0.55448660697   0.542566570172
1.352   0.554478705377   0.54262698491
1.448   0.554475070678   0.542658633468
1.544   0.5544734019   0.542675230378
1.64   0.55447263643   0.542683940334
1.736   0.554472285466   0.542688513424
1.832   0.554472124585   0.542690915199
1.928   0.554472050846   0.542692176834
2.024   0.554472017049   0.542692839634
2.12   0.55447200156   0.542693187858
2.216   0.554471994461   0.542693370817
2.312   0.554471991207   0.542693466946
2.408   0.554471989716   0.542693517454
2.504   0.554471989033   0.542693543992
2.6   0.55447198872   0.542693557936
2.696   0.554471988576   0.542693565263
2.792   0.55447198851   0.542693569113
2.888   0.55447198848   0.542693571135
2.984   0.554471988466   0.542693572198
3.08   0.55447198846   0.542693572756
3.176   0.554471988457   0.54269357305
3.272   0.554471988456   0.542693573204
3.368   0.554471988455   0.542693573285
3.464   0.554471988455   0.542693573328
3.56   0.554471988455   0.54269357335
3.656   0.554471988455   0.542693573362
3.752   0.554471988455   0.542693573368
3.848   0.554471988455   0.542693573371
3.944   0.554471988455   0.542693573373
4.04   0.554471988455   0.542693573374
4.136   0.554471988455   0.542693573374
4.232   0.554471988455   0.542693573374
4.328   0.554471988455   0.542693573375
4.424   0.554471988455   0.542693573375
4.52   0.554471988455   0.542693573375
4.616   0.554471988455   0.542693573375
4.712   0.554471988455   0.542693573375
4.808   0.554471988455   0.542693573375
4.904   0.554471988455   0.542693573375
5.0   0.554471988455   0.542693573375
5.096   0.554471988455   0.542693573375
5.192   0.554471988455   0.542693573375
5.288   0.554471988455   0.542693573375
5.384   0.554471988455   0.542693573375
5.48   0.554471988455   0.542693573375
5.576   0.554471988455   0.542693573375
5.672   0.554471988455   0.542693573375
5.768   0.554471988455   0.542693573375
5.864   0.554471988455   0.542693573375
5.96   0.554471988455   0.542693573375
6.056   0.554471988455   0.542693573375
6.152   0.554471988455   0.542693573375
6.248   0.554471988455   0.542693573375
6.344   0.554471988455   0.542693573375
6.44   0.554471988455   0.542693573375
6.536   0.554471988455   0.542693573375
6.632   0.554471988455   0.542693573375
6.728   0.554471988455   0.542693573375
6.824   0.554471988455   0.542693573375
6.92   0.554471988455   0.542693573375
7.016   0.554471988455   0.542693573375
7.112   0.554471988455   0.542693573375
7.208   0.554471988455   0.542693573375
7.304   0.554471988455   0.542693573375
7.4   0.554471988455   0.542693573375
7.496   0.554471988455   0.542693573375
7.592   0.554471988455   0.542693573375
7.688   0.554471988455   0.542693573375
7.784   0.554471988455   0.542693573375
7.88   0.554471988455   0.542693573375
7.976   0.554471988455   0.542693573375
8.072   0.554471988455   0.542693573375
8.168   0.554471988455   0.542693573375
8.264   0.554471988455   0.542693573375
8.36   0.554471988455   0.542693573375
8.456   0.554471988455   0.542693573375
8.552   0.554471988455   0.542693573375
8.648   0.554471988455   0.542693573375
8.744   0.554471988455   0.542693573375
8.84   0.554471988455   0.542693573375
8.936   0.554471988455   0.542693573375
9.032   0.554471988455   0.542693573375
9.128   0.554471988455   0.542693573375
9.224   0.554471988455   0.542693573375
9.32   0.554471988455   0.542693573375
9.416   0.554471988455   0.542693573375
9.512   0.554471988455   0.542693573375
9.608   0.554471988455   0.542693573375
9.704   0.554471988455   0.542693573375
