0.2   0.562214810074   0.388266903318
0.296   0.557671447584   0.433815569637
0.392   0.553803893231   0.464213609776
0.488   0.550617093958   0.484939864209
0.584   0.548095292825   0.498939821017
0.68   0.546198056834   0.508156934304
0.776   0.544854764815   0.514043010459
0.872   0.543965305572   0.517695707291
0.968   0.543413562551   0.519908530768
1.064   0.543089827022   0.52122495149
1.16   0.542907720799   0.521998731877
1.256   0.542807862886   0.522450416439
1.352   0.542754157327   0.522713281694
1.448   0.542725563469   0.52286601446
1.544   0.542710427936   0.522954743926
1.64   0.542702442611   0.523006296261
1.736   0.54269823739   0.523036257481
1.832   0.542696025097   0.52305367506
1.928   0.542694861902   0.5230638028
2.024   0.542694250497   0.523069692731
2.12   0.542693929181   0.523073118515
2.216   0.542693760334   0.523075111234
2.312   0.542693671611   0.523076270429
2.408   0.542693624991   0.523076944775
2.504   0.542693600496   0.523077337076
2.6   0.542693587625   0.523077565302
2.696   0.542693580862   0.523077698075
2.792   0.542693577309   0.523077775319
2.888   0.542693575442   0.523077820257
2.984   0.542693574461   0.523077846401
3.08   0.542693573945   0.523077861611
3.176   0.542693573675   0.523077870459
3.272   0.542693573532   0.523077875607
3.368   0.542693573457   0.523077878602
3.464   0.542693573418   0.523077880345
3.56   0.542693573398   0.523077881358
3.656   0.542693573387   0.523077881948
3.752   0.542693573381   0.523077882291
3.848   0.542693573378   0.523077882491
3.944   0.542693573376   0.523077882607
4.04   0.542693573376   0.523077882674
4.136   0.542693573375   0.523077882714
4.232   0.542693573375   0.523077882737
4.328   0.542693573375   0.52307788275
4.424   0.542693573375   0.523077882758
4.52   0.542693573375   0.523077882762
4.616   0.542693573375   0.523077882765
4.712   0.542693573375   0.523077882766
4.808   0.542693573375   0.523077882767
4.904   0.542693573375   0.523077882768
5.0   0.542693573375   0.523077882768
5.096   0.542693573375   0.523077882768
5.192   0.542693573375   0.523077882768
5.288   0.542693573375   0.523077882768
5.384   0.542693573375   0.523077882768
5.48   0.542693573375   0.523077882768
5.576   0.542693573375   0.523077882768
5.672   0.542693573375   0.523077882768
5.768   0.542693573375   0.523077882768
5.864   0.542693573375   0.523077882768
5.96   0.542693573375   0.523077882768
6.056   0.542693573375   0.523077882768
6.152   0.542693573375   0.523077882768
6.248   0.542693573375   0.523077882768
6.344   0.542693573375   0.523077882768
6.44   0.542693573375   0.523077882768
6.536   0.542693573375   0.523077882768
6.632   0.542693573375   0.523077882768
6.728   0.542693573375   0.523077882768
6.824   0.542693573375   0.523077882768
6.92   0.542693573375   0.523077882768
7.016   0.542693573375   0.523077882768
7.112   0.542693573375   0.523077882768
7.208   0.542693573375   0.523077882768
7.304   0.542693573375   0.523077882768
7.4   0.542693573375   0.523077882768
7.496   0.542693573375   0.523077882768
7.592   0.542693573375   0.523077882768
7.688   0.542693573375   0.523077882768
7.784   0.542693573375   0.523077882768
7.88   0.542693573375   0.523077882768
7.976   0.542693573375   0.523077882768
8.072   0.542693573375   0.523077882768
8.168   0.542693573375   0.523077882768
8.264   0.542693573375   0.523077882768
8.36   0.542693573375   0.523077882768
8.456   0.542693573375   0.523077882768
8.552   0.542693573375   0.523077882768
8.648   0.542693573375   0.523077882768
8.744   0.542693573375   0.523077882768
8.84   0.542693573375   0.523077882768
8.936   0.542693573375   0.523077882768
9.032   0.542693573375   0.523077882768
9.128   0.542693573375   0.523077882768
9.224   0.542693573375   0.523077882768
9.32   0.542693573375   0.523077882768
9.416   0.542693573375   0.523077882768
9.512   0.542693573375   0.523077882768
9.608   0.542693573375   0.523077882768
9.704   0.542693573375   0.523077882768
