0.2   0.566307317396   0.44859765845
0.296   0.563713912391   0.486830559386
0.392   0.561741704343   0.510942040945
0.488   0.560365946369   0.525591363425
0.584   0.559507176996   0.53382996479
0.68   0.55903247145   0.538167424115
0.776   0.558796740918   0.540381524295
0.872   0.55868841206   0.541505466873
0.968   0.558640594258   0.54207896595
1.064   0.558620070038   0.542373998569
1.16   0.558611357167   0.542526768182
1.256   0.558607677641   0.542606280389
1.352   0.558606127485   0.542647818966
1.448   0.558605475132   0.542669567488
1.544   0.558605200738   0.542680970685
1.64   0.558605085348   0.54268695481
1.736   0.558605036828   0.542690096768
1.832   0.558605016427   0.542691746957
1.928   0.558605007849   0.542692613808
2.024   0.558605004242   0.542693069216
2.12   0.558605002726   0.542693308482
2.216   0.558605002088   0.542693434194
2.312   0.55860500182   0.542693500246
2.408   0.558605001707   0.542693534951
2.504   0.55860500166   0.542693553186
2.6   0.55860500164   0.542693562767
2.696   0.558605001632   0.542693567801
2.792   0.558605001628   0.542693570446
2.888   0.558605001627   0.542693571836
2.984   0.558605001626   0.542693572566
3.08   0.558605001626   0.54269357295
3.176   0.558605001626   0.542693573151
3.272   0.558605001626   0.542693573257
3.368   0.558605001626   0.542693573313
3.464   0.558605001626   0.542693573342
3.56   0.558605001626   0.542693573358
3.656   0.558605001626   0.542693573366
3.752   0.558605001626   0.54269357337
3.848   0.558605001626   0.542693573372
3.944   0.558605001626   0.542693573373
4.04   0.558605001626   0.542693573374
4.136   0.558605001626   0.542693573374
4.232   0.558605001626   0.542693573374
4.328   0.558605001626   0.542693573375
4.424   0.558605001626   0.542693573375
4.52   0.558605001626   0.542693573375
4.616   0.558605001626   0.542693573375
4.712   0.558605001626   0.542693573375
4.808   0.558605001626   0.542693573375
4.904   0.558605001626   0.542693573375
5.0   0.558605001626   0.542693573375
5.096   0.558605001626   0.542693573375
5.192   0.558605001626   0.542693573375
5.288   0.558605001626   0.542693573375
5.384   0.558605001626   0.542693573375
5.48   0.558605001626   0.542693573375
5.576   0.558605001626   0.542693573375
5.672   0.558605001626   0.542693573375
5.768   0.558605001626   0.542693573375
5.864   0.558605001626   0.542693573375
5.96   0.558605001626   0.542693573375
6.056   0.558605001626   0.542693573375
6.152   0.558605001626   0.542693573375
6.248   0.558605001626   0.542693573375
6.344   0.558605001626   0.542693573375
6.44   0.558605001626   0.542693573375
6.536   0.558605001626   0.542693573375
6.632   0.558605001626   0.542693573375
6.728   0.558605001626   0.542693573375
6.824   0.558605001626   0.542693573375
6.92   0.558605001626   0.542693573375
7.016   0.558605001626   0.542693573375
7.112   0.558605001626   0.542693573375
7.208   0.558605001626   0.542693573375
7.304   0.558605001626   0.542693573375
7.4   0.558605001626   0.542693573375
7.496   0.558605001626   0.542693573375
7.592   0.558605001626   0.542693573375
7.688   0.558605001626   0.542693573375
7.784   0.558605001626   0.542693573375
7.88   0.558605001626   0.542693573375
7.976   0.558605001626   0.542693573375
8.072   0.558605001626   0.542693573375
8.168   0.558605001626   0.542693573375
8.264   0.558605001626   0.542693573375
8.36   0.558605001626   0.542693573375
8.456   0.558605001626   0.542693573375
8.552   0.558605001626   0.542693573375
8.648   0.558605001626   0.542693573375
8.744   0.558605001626   0.542693573375
8.84   0.558605001626   0.542693573375
8.936   0.558605001626   0.542693573375
9.032   0.558605001626   0.542693573375
9.128   0.558605001626   0.542693573375
9.224   0.558605001626   0.542693573375
9.32   0.558605001626   0.542693573375
9.416   0.558605001626   0.542693573375
9.512   0.558605001626   0.542693573375
9.608   0.558605001626   0.542693573375
9.704   0.558605001626   0.542693573375
