0.2   0.56565210922   0.437468091662
0.296   0.562670728212   0.478860633872
0.392   0.560261812376   0.505158875352
0.488   0.55841617858   0.521595485016
0.584   0.557100289677   0.531285143095
0.68   0.556244028689   0.536666485067
0.776   0.555740774349   0.539544576106
0.872   0.555471466228   0.541054694314
0.968   0.555337443803   0.541840560225
1.064   0.555273351439   0.542248746879
1.16   0.555243616576   0.542461156996
1.256   0.55522999732   0.54257190917
1.352   0.555223799655   0.542629799551
1.448   0.555220988297   0.542660114301
1.544   0.555219714996   0.542676008798
1.64   0.555219138731   0.542684349381
1.736   0.555218878021   0.542688728346
1.832   0.555218760092   0.54269102812
1.928   0.555218706752   0.542692236164
2.024   0.555218682628   0.542692870806
2.12   0.555218671717   0.542693204237
2.216   0.555218666782   0.542693379422
2.312   0.55521866455   0.542693471467
2.408   0.555218663541   0.54269351983
2.504   0.555218663084   0.542693545241
2.6   0.555218662878   0.542693558592
2.696   0.555218662784   0.542693565608
2.792   0.555218662742   0.542693569294
2.888   0.555218662723   0.54269357123
2.984   0.555218662714   0.542693572248
3.08   0.555218662711   0.542693572783
3.176   0.555218662709   0.542693573064
3.272   0.555218662708   0.542693573211
3.368   0.555218662708   0.542693573289
3.464   0.555218662707   0.54269357333
3.56   0.555218662707   0.542693573351
3.656   0.555218662707   0.542693573362
3.752   0.555218662707   0.542693573368
3.848   0.555218662707   0.542693573371
3.944   0.555218662707   0.542693573373
4.04   0.555218662707   0.542693573374
4.136   0.555218662707   0.542693573374
4.232   0.555218662707   0.542693573374
4.328   0.555218662707   0.542693573375
4.424   0.555218662707   0.542693573375
4.52   0.555218662707   0.542693573375
4.616   0.555218662707   0.542693573375
4.712   0.555218662707   0.542693573375
4.808   0.555218662707   0.542693573375
4.904   0.555218662707   0.542693573375
5.0   0.555218662707   0.542693573375
5.096   0.555218662707   0.542693573375
5.192   0.555218662707   0.542693573375
5.288   0.555218662707   0.542693573375
5.384   0.555218662707   0.542693573375
5.48   0.555218662707   0.542693573375
5.576   0.555218662707   0.542693573375
5.672   0.555218662707   0.542693573375
5.768   0.555218662707   0.542693573375
5.864   0.555218662707   0.542693573375
5.96   0.555218662707   0.542693573375
6.056   0.555218662707   0.542693573375
6.152   0.555218662707   0.542693573375
6.248   0.555218662707   0.542693573375
6.344   0.555218662707   0.542693573375
6.44   0.555218662707   0.542693573375
6.536   0.555218662707   0.542693573375
6.632   0.555218662707   0.542693573375
6.728   0.555218662707   0.542693573375
6.824   0.555218662707   0.542693573375
6.92   0.555218662707   0.542693573375
7.016   0.555218662707   0.542693573375
7.112   0.555218662707   0.542693573375
7.208   0.555218662707   0.542693573375
7.304   0.555218662707   0.542693573375
7.4   0.555218662707   0.542693573375
7.496   0.555218662707   0.542693573375
7.592   0.555218662707   0.542693573375
7.688   0.555218662707   0.542693573375
7.784   0.555218662707   0.542693573375
7.88   0.555218662707   0.542693573375
7.976   0.555218662707   0.542693573375
8.072   0.555218662707   0.542693573375
8.168   0.555218662707   0.542693573375
8.264   0.555218662707   0.542693573375
8.36   0.555218662707   0.542693573375
8.456   0.555218662707   0.542693573375
8.552   0.555218662707   0.542693573375
8.648   0.555218662707   0.542693573375
8.744   0.555218662707   0.542693573375
8.84   0.555218662707   0.542693573375
8.936   0.555218662707   0.542693573375
9.032   0.555218662707   0.542693573375
9.128   0.555218662707   0.542693573375
9.224   0.555218662707   0.542693573375
9.32   0.555218662707   0.542693573375
9.416   0.555218662707   0.542693573375
9.512   0.555218662707   0.542693573375
9.608   0.555218662707   0.542693573375
9.704   0.555218662707   0.542693573375
