0.2   0.562806203435   0.406215579404
0.296   0.558482251172   0.448489248547
0.392   0.554765621252   0.476907700616
0.488   0.551646609838   0.496303808285
0.584   0.54910132199   0.509366393331
0.68   0.547094303846   0.517941049507
0.776   0.54557864038   0.523428756875
0.872   0.544493926634   0.52686501974
0.968   0.543764730876   0.528970993026
1.064   0.543305262282   0.530232477167
1.16   0.543032191519   0.530971794338
1.256   0.542877309653   0.531397444992
1.352   0.542791812083   0.531639868249
1.448   0.542745699374   0.531776818781
1.544   0.542721111161   0.531853917763
1.64   0.542708085813   0.531897245139
1.736   0.542701211094   0.53192157327
1.832   0.542697590028   0.531935228392
1.928   0.542695684863   0.531942891812
2.024   0.542694683105   0.531947192461
2.12   0.542694156543   0.53194960596
2.216   0.542693879812   0.531950960422
2.312   0.542693734393   0.531951720563
2.408   0.54269365798   0.531952147169
2.504   0.54269361783   0.531952386592
2.6   0.542693596733   0.531952520963
2.696   0.542693585648   0.531952596376
2.792   0.542693579823   0.5319526387
2.888   0.542693576763   0.531952662454
2.984   0.542693575155   0.531952675786
3.08   0.54269357431   0.531952683268
3.176   0.542693573866   0.531952687468
3.272   0.542693573633   0.531952689824
3.368   0.54269357351   0.531952691147
3.464   0.542693573446   0.531952691889
3.56   0.542693573412   0.531952692306
3.656   0.542693573394   0.53195269254
3.752   0.542693573385   0.531952692671
3.848   0.54269357338   0.531952692745
3.944   0.542693573378   0.531952692786
4.04   0.542693573376   0.531952692809
4.136   0.542693573375   0.531952692822
4.232   0.542693573375   0.53195269283
4.328   0.542693573375   0.531952692834
4.424   0.542693573375   0.531952692836
4.52   0.542693573375   0.531952692837
4.616   0.542693573375   0.531952692838
4.712   0.542693573375   0.531952692838
4.808   0.542693573375   0.531952692839
4.904   0.542693573375   0.531952692839
5.0   0.542693573375   0.531952692839
5.096   0.542693573375   0.531952692839
5.192   0.542693573375   0.531952692839
5.288   0.542693573375   0.531952692839
5.384   0.542693573375   0.531952692839
5.48   0.542693573375   0.531952692839
5.576   0.542693573375   0.531952692839
5.672   0.542693573375   0.531952692839
5.768   0.542693573375   0.531952692839
5.864   0.542693573375   0.531952692839
5.96   0.542693573375   0.531952692839
6.056   0.542693573375   0.531952692839
6.152   0.542693573375   0.531952692839
6.248   0.542693573375   0.531952692839
6.344   0.542693573375   0.531952692839
6.44   0.542693573375   0.531952692839
6.536   0.542693573375   0.531952692839
6.632   0.542693573375   0.531952692839
6.728   0.542693573375   0.531952692839
6.824   0.542693573375   0.531952692839
6.92   0.542693573375   0.531952692839
7.016   0.542693573375   0.531952692839
7.112   0.542693573375   0.531952692839
7.208   0.542693573375   0.531952692839
7.304   0.542693573375   0.531952692839
7.4   0.542693573375   0.531952692839
7.496   0.542693573375   0.531952692839
7.592   0.542693573375   0.531952692839
7.688   0.542693573375   0.531952692839
7.784   0.542693573375   0.531952692839
7.88   0.542693573375   0.531952692839
7.976   0.542693573375   0.531952692839
8.072   0.542693573375   0.531952692839
8.168   0.542693573375   0.531952692839
8.264   0.542693573375   0.531952692839
8.36   0.542693573375   0.531952692839
8.456   0.542693573375   0.531952692839
8.552   0.542693573375   0.531952692839
8.648   0.542693573375   0.531952692839
8.744   0.542693573375   0.531952692839
8.84   0.542693573375   0.531952692839
8.936   0.542693573375   0.531952692839
9.032   0.542693573375   0.531952692839
9.128   0.542693573375   0.531952692839
9.224   0.542693573375   0.531952692839
9.32   0.542693573375   0.531952692839
9.416   0.542693573375   0.531952692839
9.512   0.542693573375   0.531952692839
9.608   0.542693573375   0.531952692839
9.704   0.542693573375   0.531952692839
