0.2   0.563952812068   0.432744609101
0.296   0.560134867556   0.469955780795
0.392   0.556863254472   0.495077174068
0.488   0.554110419539   0.512036416854
0.584   0.551835436408   0.523188889716
0.68   0.549988781203   0.530315312203
0.776   0.548516492066   0.534811868751
0.872   0.547364285135   0.537662640287
0.968   0.546480718152   0.539493140572
1.064   0.54581926206   0.540681454647
1.16   0.545339065593   0.541454475225
1.256   0.545004453256   0.541952147602
1.352   0.544782816852   0.542264120991
1.448   0.544644548927   0.542452394977
1.544   0.544564134267   0.542561468016
1.64   0.544517896572   0.542622361997
1.736   0.544492813947   0.542655588312
1.832   0.544479493698   0.542673443958
1.928   0.544472501856   0.542682947314
2.024   0.544468855166   0.54268797618
2.12   0.544466959699   0.542690628573
2.216   0.544465976272   0.542692025025
2.312   0.544465466531   0.542692759535
2.408   0.54446520245   0.542693145679
2.504   0.544465065674   0.542693348629
2.6   0.544464994844   0.542693455281
2.696   0.544464958166   0.542693511323
2.792   0.544464939174   0.54269354077
2.888   0.544464929341   0.542693556243
2.984   0.544464924249   0.542693564373
3.08   0.544464921613   0.542693568645
3.176   0.544464920247   0.54269357089
3.272   0.544464919541   0.542693572069
3.368   0.544464919175   0.542693572689
3.464   0.544464918985   0.542693573014
3.56   0.544464918887   0.542693573185
3.656   0.544464918836   0.542693573275
3.752   0.54446491881   0.542693573322
3.848   0.544464918796   0.542693573347
3.944   0.544464918789   0.54269357336
4.04   0.544464918786   0.542693573367
4.136   0.544464918784   0.542693573371
4.232   0.544464918783   0.542693573373
4.328   0.544464918782   0.542693573374
4.424   0.544464918782   0.542693573374
4.52   0.544464918782   0.542693573374
4.616   0.544464918782   0.542693573374
4.712   0.544464918782   0.542693573375
4.808   0.544464918782   0.542693573375
4.904   0.544464918782   0.542693573375
5.0   0.544464918782   0.542693573375
5.096   0.544464918782   0.542693573375
5.192   0.544464918782   0.542693573375
5.288   0.544464918782   0.542693573375
5.384   0.544464918782   0.542693573375
5.48   0.544464918782   0.542693573375
5.576   0.544464918782   0.542693573375
5.672   0.544464918782   0.542693573375
5.768   0.544464918782   0.542693573375
5.864   0.544464918782   0.542693573375
5.96   0.544464918782   0.542693573375
6.056   0.544464918782   0.542693573375
6.152   0.544464918782   0.542693573375
6.248   0.544464918782   0.542693573375
6.344   0.544464918782   0.542693573375
6.44   0.544464918782   0.542693573375
6.536   0.544464918782   0.542693573375
6.632   0.544464918782   0.542693573375
6.728   0.544464918782   0.542693573375
6.824   0.544464918782   0.542693573375
6.92   0.544464918782   0.542693573375
7.016   0.544464918782   0.542693573375
7.112   0.544464918782   0.542693573375
7.208   0.544464918782   0.542693573375
7.304   0.544464918782   0.542693573375
7.4   0.544464918782   0.542693573375
7.496   0.544464918782   0.542693573375
7.592   0.544464918782   0.542693573375
7.688   0.544464918782   0.542693573375
7.784   0.544464918782   0.542693573375
7.88   0.544464918782   0.542693573375
7.976   0.544464918782   0.542693573375
8.072   0.544464918782   0.542693573375
8.168   0.544464918782   0.542693573375
8.264   0.544464918782   0.542693573375
8.36   0.544464918782   0.542693573375
8.456   0.544464918782   0.542693573375
8.552   0.544464918782   0.542693573375
8.648   0.544464918782   0.542693573375
8.744   0.544464918782   0.542693573375
8.84   0.544464918782   0.542693573375
8.936   0.544464918782   0.542693573375
9.032   0.544464918782   0.542693573375
9.128   0.544464918782   0.542693573375
9.224   0.544464918782   0.542693573375
9.32   0.544464918782   0.542693573375
9.416   0.544464918782   0.542693573375
9.512   0.544464918782   0.542693573375
9.608   0.544464918782   0.542693573375
9.704   0.544464918782   0.542693573375
