0.2   0.563435582242   0.426681030715
0.296   0.559387386702   0.464148518395
0.392   0.555904613795   0.489649105383
0.488   0.552961807504   0.507077170329
0.584   0.550519675885   0.518743641646
0.68   0.548529924776   0.526354598036
0.776   0.546939496875   0.531247935792
0.872   0.54569470264   0.534392107132
0.968   0.544744222699   0.536424145557
1.064   0.544040675575   0.537741230353
1.16   0.543540605103   0.538588816822
1.256   0.54320249298   0.539123512635
1.352   0.542986878628   0.539450151929
1.448   0.54285704725   0.539642563935
1.544   0.542782988456   0.539752287789
1.64   0.542741473265   0.539813306134
1.736   0.542719011072   0.539846741712
1.832   0.542707016926   0.539864895128
1.928   0.542700659193   0.539874697654
2.024   0.542697302749   0.539879974496
2.12   0.542695534667   0.539882810279
2.216   0.542694604393   0.539884332845
2.312   0.542694115242   0.539885149933
2.408   0.542693858127   0.539885588314
2.504   0.542693723003   0.539885823481
2.6   0.542693651997   0.539885949627
2.696   0.542693614686   0.53988601729
2.792   0.542693595081   0.539886053582
2.888   0.54269358478   0.539886073049
2.984   0.542693579367   0.53988608349
3.08   0.542693576523   0.539886089091
3.176   0.542693575029   0.539886092094
3.272   0.542693574244   0.539886093706
3.368   0.542693573831   0.53988609457
3.464   0.542693573615   0.539886095033
3.56   0.542693573501   0.539886095282
3.656   0.542693573441   0.539886095415
3.752   0.542693573409   0.539886095487
3.848   0.542693573393   0.539886095525
3.944   0.542693573384   0.539886095546
4.04   0.54269357338   0.539886095557
4.136   0.542693573377   0.539886095563
4.232   0.542693573376   0.539886095566
4.328   0.542693573375   0.539886095568
4.424   0.542693573375   0.539886095568
4.52   0.542693573375   0.539886095569
4.616   0.542693573375   0.539886095569
4.712   0.542693573375   0.539886095569
4.808   0.542693573375   0.539886095569
4.904   0.542693573375   0.539886095569
5.0   0.542693573375   0.539886095569
5.096   0.542693573375   0.539886095569
5.192   0.542693573375   0.539886095569
5.288   0.542693573375   0.53988609557
5.384   0.542693573375   0.53988609557
5.48   0.542693573375   0.53988609557
5.576   0.542693573375   0.53988609557
5.672   0.542693573375   0.53988609557
5.768   0.542693573375   0.53988609557
5.864   0.542693573375   0.53988609557
5.96   0.542693573375   0.53988609557
6.056   0.542693573375   0.53988609557
6.152   0.542693573375   0.53988609557
6.248   0.542693573375   0.53988609557
6.344   0.542693573375   0.53988609557
6.44   0.542693573375   0.53988609557
6.536   0.542693573375   0.53988609557
6.632   0.542693573375   0.53988609557
6.728   0.542693573375   0.53988609557
6.824   0.542693573375   0.53988609557
6.92   0.542693573375   0.53988609557
7.016   0.542693573375   0.53988609557
7.112   0.542693573375   0.53988609557
7.208   0.542693573375   0.53988609557
7.304   0.542693573375   0.53988609557
7.4   0.542693573375   0.53988609557
7.496   0.542693573375   0.53988609557
7.592   0.542693573375   0.53988609557
7.688   0.542693573375   0.53988609557
7.784   0.542693573375   0.53988609557
7.88   0.542693573375   0.53988609557
7.976   0.542693573375   0.53988609557
8.072   0.542693573375   0.53988609557
8.168   0.542693573375   0.53988609557
8.264   0.542693573375   0.53988609557
8.36   0.542693573375   0.53988609557
8.456   0.542693573375   0.53988609557
8.552   0.542693573375   0.53988609557
8.648   0.542693573375   0.53988609557
8.744   0.542693573375   0.53988609557
8.84   0.542693573375   0.53988609557
8.936   0.542693573375   0.53988609557
9.032   0.542693573375   0.53988609557
9.128   0.542693573375   0.53988609557
9.224   0.542693573375   0.53988609557
9.32   0.542693573375   0.53988609557
9.416   0.542693573375   0.53988609557
9.512   0.542693573375   0.53988609557
9.608   0.542693573375   0.53988609557
9.704   0.542693573375   0.53988609557
