0.2   0.566011286778   0.452204385197
0.296   0.563267282079   0.487923806203
0.392   0.561136032654   0.510926404418
0.488   0.559598107179   0.525211497227
0.584   0.558591099421   0.533456640342
0.68   0.558001946604   0.537910352262
0.776   0.557692379623   0.540229382184
0.872   0.557542962342   0.541421538684
0.968   0.557474153525   0.542034044808
1.064   0.557443556861   0.542350304082
1.16   0.557430145654   0.542514264576
1.256   0.55742430849   0.542599747422
1.352   0.557421776424   0.542644390741
1.448   0.557420679785   0.542667768025
1.544   0.557420205179   0.54268002587
1.64   0.557419999846   0.54268645861
1.736   0.557419911026   0.542689836128
1.832   0.557419872607   0.542691610034
1.928   0.55741985599   0.542692541873
2.024   0.557419848803   0.542693031421
2.12   0.557419845695   0.542693288624
2.216   0.55741984435   0.542693423761
2.312   0.557419843769   0.542693494764
2.408   0.557419843517   0.54269353207
2.504   0.557419843408   0.542693551672
2.6   0.557419843361   0.542693561972
2.696   0.557419843341   0.542693567383
2.792   0.557419843332   0.542693570227
2.888   0.557419843328   0.542693571721
2.984   0.557419843327   0.542693572506
3.08   0.557419843326   0.542693572918
3.176   0.557419843326   0.542693573135
3.272   0.557419843325   0.542693573249
3.368   0.557419843325   0.542693573308
3.464   0.557419843325   0.54269357334
3.56   0.557419843325   0.542693573356
3.656   0.557419843325   0.542693573365
3.752   0.557419843325   0.54269357337
3.848   0.557419843325   0.542693573372
3.944   0.557419843325   0.542693573373
4.04   0.557419843325   0.542693573374
4.136   0.557419843325   0.542693573374
4.232   0.557419843325   0.542693573374
4.328   0.557419843325   0.542693573375
4.424   0.557419843325   0.542693573375
4.52   0.557419843325   0.542693573375
4.616   0.557419843325   0.542693573375
4.712   0.557419843325   0.542693573375
4.808   0.557419843325   0.542693573375
4.904   0.557419843325   0.542693573375
5.0   0.557419843325   0.542693573375
5.096   0.557419843325   0.542693573375
5.192   0.557419843325   0.542693573375
5.288   0.557419843325   0.542693573375
5.384   0.557419843325   0.542693573375
5.48   0.557419843325   0.542693573375
5.576   0.557419843325   0.542693573375
5.672   0.557419843325   0.542693573375
5.768   0.557419843325   0.542693573375
5.864   0.557419843325   0.542693573375
5.96   0.557419843325   0.542693573375
6.056   0.557419843325   0.542693573375
6.152   0.557419843325   0.542693573375
6.248   0.557419843325   0.542693573375
6.344   0.557419843325   0.542693573375
6.44   0.557419843325   0.542693573375
6.536   0.557419843325   0.542693573375
6.632   0.557419843325   0.542693573375
6.728   0.557419843325   0.542693573375
6.824   0.557419843325   0.542693573375
6.92   0.557419843325   0.542693573375
7.016   0.557419843325   0.542693573375
7.112   0.557419843325   0.542693573375
7.208   0.557419843325   0.542693573375
7.304   0.557419843325   0.542693573375
7.4   0.557419843325   0.542693573375
7.496   0.557419843325   0.542693573375
7.592   0.557419843325   0.542693573375
7.688   0.557419843325   0.542693573375
7.784   0.557419843325   0.542693573375
7.88   0.557419843325   0.542693573375
7.976   0.557419843325   0.542693573375
8.072   0.557419843325   0.542693573375
8.168   0.557419843325   0.542693573375
8.264   0.557419843325   0.542693573375
8.36   0.557419843325   0.542693573375
8.456   0.557419843325   0.542693573375
8.552   0.557419843325   0.542693573375
8.648   0.557419843325   0.542693573375
8.744   0.557419843325   0.542693573375
8.84   0.557419843325   0.542693573375
8.936   0.557419843325   0.542693573375
9.032   0.557419843325   0.542693573375
9.128   0.557419843325   0.542693573375
9.224   0.557419843325   0.542693573375
9.32   0.557419843325   0.542693573375
9.416   0.557419843325   0.542693573375
9.512   0.557419843325   0.542693573375
9.608   0.557419843325   0.542693573375
9.704   0.557419843325   0.542693573375
