0.2   0.563709547656   0.407994607309
0.296   0.55973558887   0.454289573488
0.392   0.556296413318   0.484453273096
0.488   0.553373251517   0.504486797661
0.584   0.550932670593   0.517599655936
0.68   0.548930956339   0.52598583466
0.776   0.547318153878   0.531287873672
0.872   0.546042278279   0.534655660031
0.968   0.545052729184   0.536823185271
1.064   0.544302710887   0.538235647746
1.16   0.54375039722   0.539160572179
1.256   0.543358829535   0.539761797745
1.352   0.543094017638   0.54014440683
1.448   0.542924810583   0.540379553943
1.544   0.542823796415   0.540518930916
1.64   0.542764449912   0.540598326583
1.736   0.542731557104   0.540642464192
1.832   0.542713749616   0.540666601703
1.928   0.542704237386   0.540679663664
2.024   0.542699194396   0.540686687113
2.12   0.542696531854   0.540690449728
2.216   0.54269512926   0.540692461307
2.312   0.542694391279   0.540693535545
2.408   0.542694003237   0.540694108875
2.504   0.542693799268   0.54069441477
2.6   0.542693692075   0.54069457795
2.696   0.542693635746   0.540694664991
2.792   0.542693606147   0.540694711417
2.888   0.542693590594   0.540694736179
2.984   0.542693582422   0.540694749386
3.08   0.542693578129   0.54069475643
3.176   0.542693575873   0.540694760187
3.272   0.542693574687   0.540694762191
3.368   0.542693574064   0.54069476326
3.464   0.542693573737   0.54069476383
3.56   0.542693573565   0.540694764134
3.656   0.542693573475   0.540694764296
3.752   0.542693573427   0.540694764383
3.848   0.542693573402   0.540694764429
3.944   0.542693573389   0.540694764453
4.04   0.542693573382   0.540694764466
4.136   0.542693573379   0.540694764473
4.232   0.542693573377   0.540694764477
4.328   0.542693573376   0.540694764479
4.424   0.542693573375   0.54069476448
4.52   0.542693573375   0.540694764481
4.616   0.542693573375   0.540694764481
4.712   0.542693573375   0.540694764481
4.808   0.542693573375   0.540694764481
4.904   0.542693573375   0.540694764481
5.0   0.542693573375   0.540694764481
5.096   0.542693573375   0.540694764481
5.192   0.542693573375   0.540694764481
5.288   0.542693573375   0.540694764481
5.384   0.542693573375   0.540694764481
5.48   0.542693573375   0.540694764481
5.576   0.542693573375   0.540694764481
5.672   0.542693573375   0.540694764481
5.768   0.542693573375   0.540694764481
5.864   0.542693573375   0.540694764481
5.96   0.542693573375   0.540694764481
6.056   0.542693573375   0.540694764481
6.152   0.542693573375   0.540694764481
6.248   0.542693573375   0.540694764481
6.344   0.542693573375   0.540694764481
6.44   0.542693573375   0.540694764481
6.536   0.542693573375   0.540694764481
6.632   0.542693573375   0.540694764481
6.728   0.542693573375   0.540694764481
6.824   0.542693573375   0.540694764481
6.92   0.542693573375   0.540694764481
7.016   0.542693573375   0.540694764481
7.112   0.542693573375   0.540694764481
7.208   0.542693573375   0.540694764481
7.304   0.542693573375   0.540694764481
7.4   0.542693573375   0.540694764481
7.496   0.542693573375   0.540694764481
7.592   0.542693573375   0.540694764481
7.688   0.542693573375   0.540694764481
7.784   0.542693573375   0.540694764481
7.88   0.542693573375   0.540694764481
7.976   0.542693573375   0.540694764481
8.072   0.542693573375   0.540694764481
8.168   0.542693573375   0.540694764481
8.264   0.542693573375   0.540694764481
8.36   0.542693573375   0.540694764481
8.456   0.542693573375   0.540694764481
8.552   0.542693573375   0.540694764481
8.648   0.542693573375   0.540694764481
8.744   0.542693573375   0.540694764481
8.84   0.542693573375   0.540694764481
8.936   0.542693573375   0.540694764481
9.032   0.542693573375   0.540694764481
9.128   0.542693573375   0.540694764481
9.224   0.542693573375   0.540694764481
9.32   0.542693573375   0.540694764481
9.416   0.542693573375   0.540694764481
9.512   0.542693573375   0.540694764481
9.608   0.542693573375   0.540694764481
9.704   0.542693573375   0.540694764481
