0.2   0.562015061894   0.387521346977
0.296   0.557411057863   0.432043105786
0.392   0.553511685625   0.461942771768
0.488   0.550323258773   0.482418570375
0.584   0.547828045124   0.496299018215
0.68   0.545978529949   0.505464472108
0.776   0.544692175624   0.511329769092
0.872   0.543856097905   0.514975111506
0.968   0.543346019188   0.517187893446
1.064   0.543050859759   0.51850880197
1.16   0.542885756195   0.519289211252
1.256   0.542795923439   0.51974775815
1.352   0.542747762694   0.520016607357
1.448   0.542722167534   0.52017406371
1.544   0.542708633088   0.520266339846
1.64   0.542701496498   0.520320401448
1.736   0.542697739398   0.520352094008
1.832   0.542695763186   0.52037067917
1.928   0.542694724214   0.520381580646
2.024   0.542694178131   0.520387976301
2.12   0.542693891152   0.520391728982
2.216   0.54269374035   0.520393931084
2.312   0.54269366111   0.520395223373
2.408   0.542693619474   0.520395981774
2.504   0.542693597597   0.520396426866
2.6   0.542693586102   0.520396688087
2.696   0.542693580062   0.520396841397
2.792   0.542693576888   0.520396931375
2.888   0.542693575221   0.520396984184
2.984   0.542693574345   0.520397015178
3.08   0.542693573884   0.520397033368
3.176   0.542693573642   0.520397044044
3.272   0.542693573515   0.52039705031
3.368   0.542693573449   0.520397053987
3.464   0.542693573414   0.520397056146
3.56   0.542693573395   0.520397057413
3.656   0.542693573385   0.520397058156
3.752   0.54269357338   0.520397058592
3.848   0.542693573378   0.520397058849
3.944   0.542693573376   0.520397058999
4.04   0.542693573375   0.520397059087
4.136   0.542693573375   0.520397059139
4.232   0.542693573375   0.520397059169
4.328   0.542693573375   0.520397059187
4.424   0.542693573375   0.520397059198
4.52   0.542693573375   0.520397059204
4.616   0.542693573375   0.520397059207
4.712   0.542693573375   0.520397059209
4.808   0.542693573375   0.520397059211
4.904   0.542693573375   0.520397059211
5.0   0.542693573375   0.520397059212
5.096   0.542693573375   0.520397059212
5.192   0.542693573375   0.520397059212
5.288   0.542693573375   0.520397059212
5.384   0.542693573375   0.520397059212
5.48   0.542693573375   0.520397059212
5.576   0.542693573375   0.520397059212
5.672   0.542693573375   0.520397059212
5.768   0.542693573375   0.520397059212
5.864   0.542693573375   0.520397059212
5.96   0.542693573375   0.520397059212
6.056   0.542693573375   0.520397059212
6.152   0.542693573375   0.520397059212
6.248   0.542693573375   0.520397059212
6.344   0.542693573375   0.520397059212
6.44   0.542693573375   0.520397059212
6.536   0.542693573375   0.520397059212
6.632   0.542693573375   0.520397059212
6.728   0.542693573375   0.520397059212
6.824   0.542693573375   0.520397059212
6.92   0.542693573375   0.520397059212
7.016   0.542693573375   0.520397059212
7.112   0.542693573375   0.520397059212
7.208   0.542693573375   0.520397059212
7.304   0.542693573375   0.520397059212
7.4   0.542693573375   0.520397059212
7.496   0.542693573375   0.520397059212
7.592   0.542693573375   0.520397059212
7.688   0.542693573375   0.520397059212
7.784   0.542693573375   0.520397059212
7.88   0.542693573375   0.520397059212
7.976   0.542693573375   0.520397059212
8.072   0.542693573375   0.520397059212
8.168   0.542693573375   0.520397059212
8.264   0.542693573375   0.520397059212
8.36   0.542693573375   0.520397059212
8.456   0.542693573375   0.520397059212
8.552   0.542693573375   0.520397059212
8.648   0.542693573375   0.520397059212
8.744   0.542693573375   0.520397059212
8.84   0.542693573375   0.520397059212
8.936   0.542693573375   0.520397059212
9.032   0.542693573375   0.520397059212
9.128   0.542693573375   0.520397059212
9.224   0.542693573375   0.520397059212
9.32   0.542693573375   0.520397059212
9.416   0.542693573375   0.520397059212
9.512   0.542693573375   0.520397059212
9.608   0.542693573375   0.520397059212
9.704   0.542693573375   0.520397059212
