0.2   0.5641380792   0.431378276897
0.296   0.560398163582   0.469873619723
0.392   0.557197956439   0.495614259256
0.488   0.55451175112   0.512839563359
0.584   0.552300839409   0.524053557638
0.68   0.550518281905   0.531136121131
0.776   0.549113038495   0.535547118968
0.872   0.548033845792   0.53829981596
0.968   0.547231640836   0.540028096237
1.064   0.546660077999   0.541111605822
1.16   0.546274360125   0.541780388655
1.256   0.546029845514   0.54218133176
1.352   0.545884450413   0.542413011141
1.448   0.545802993709   0.542542616862
1.544   0.545758332142   0.542613168304
1.64   0.545734753623   0.542651007345
1.736   0.545722480504   0.542671117906
1.832   0.545716141093   0.542681749836
1.928   0.545712880174   0.542687354232
2.024   0.545711206492   0.542690303856
2.12   0.545710348465   0.542691854994
2.216   0.545709908857   0.542692670359
2.312   0.545709683698   0.54269309887
2.408   0.545709568394   0.542693324047
2.504   0.545709509352   0.542693442368
2.6   0.545709479121   0.542693504539
2.696   0.545709463642   0.542693537206
2.792   0.545709455717   0.542693554371
2.888   0.545709451659   0.542693563389
2.984   0.545709449582   0.542693568128
3.08   0.545709448518   0.542693570618
3.176   0.545709447973   0.542693571926
3.272   0.545709447694   0.542693572614
3.368   0.545709447552   0.542693572975
3.464   0.545709447478   0.542693573165
3.56   0.545709447441   0.542693573264
3.656   0.545709447422   0.542693573317
3.752   0.545709447412   0.542693573344
3.848   0.545709447407   0.542693573359
3.944   0.545709447404   0.542693573366
4.04   0.545709447403   0.54269357337
4.136   0.545709447402   0.542693573372
4.232   0.545709447402   0.542693573373
4.328   0.545709447402   0.542693573374
4.424   0.545709447402   0.542693573374
4.52   0.545709447402   0.542693573374
4.616   0.545709447402   0.542693573375
4.712   0.545709447402   0.542693573375
4.808   0.545709447402   0.542693573375
4.904   0.545709447402   0.542693573375
5.0   0.545709447402   0.542693573375
5.096   0.545709447402   0.542693573375
5.192   0.545709447402   0.542693573375
5.288   0.545709447402   0.542693573375
5.384   0.545709447402   0.542693573375
5.48   0.545709447402   0.542693573375
5.576   0.545709447402   0.542693573375
5.672   0.545709447402   0.542693573375
5.768   0.545709447402   0.542693573375
5.864   0.545709447402   0.542693573375
5.96   0.545709447402   0.542693573375
6.056   0.545709447402   0.542693573375
6.152   0.545709447402   0.542693573375
6.248   0.545709447402   0.542693573375
6.344   0.545709447402   0.542693573375
6.44   0.545709447402   0.542693573375
6.536   0.545709447402   0.542693573375
6.632   0.545709447402   0.542693573375
6.728   0.545709447402   0.542693573375
6.824   0.545709447402   0.542693573375
6.92   0.545709447402   0.542693573375
7.016   0.545709447402   0.542693573375
7.112   0.545709447402   0.542693573375
7.208   0.545709447402   0.542693573375
7.304   0.545709447402   0.542693573375
7.4   0.545709447402   0.542693573375
7.496   0.545709447402   0.542693573375
7.592   0.545709447402   0.542693573375
7.688   0.545709447402   0.542693573375
7.784   0.545709447402   0.542693573375
7.88   0.545709447402   0.542693573375
7.976   0.545709447402   0.542693573375
8.072   0.545709447402   0.542693573375
8.168   0.545709447402   0.542693573375
8.264   0.545709447402   0.542693573375
8.36   0.545709447402   0.542693573375
8.456   0.545709447402   0.542693573375
8.552   0.545709447402   0.542693573375
8.648   0.545709447402   0.542693573375
8.744   0.545709447402   0.542693573375
8.84   0.545709447402   0.542693573375
8.936   0.545709447402   0.542693573375
9.032   0.545709447402   0.542693573375
9.128   0.545709447402   0.542693573375
9.224   0.545709447402   0.542693573375
9.32   0.545709447402   0.542693573375
9.416   0.545709447402   0.542693573375
9.512   0.545709447402   0.542693573375
9.608   0.545709447402   0.542693573375
9.704   0.545709447402   0.542693573375
