0.2   0.567608423819   0.462262181144
0.296   0.565792093457   0.497146670373
0.392   0.564645502891   0.518393788238
0.488   0.564032675005   0.530425542538
0.584   0.563754497681   0.536628778233
0.68   0.563642973944   0.539675249013
0.776   0.563600923193   0.541168764045
0.872   0.563585709649   0.541912869653
0.968   0.563580277429   0.542290010301
1.064   0.563578348336   0.54248363232
1.16   0.563577664778   0.542583921117
1.256   0.563577422773   0.542636161861
1.352   0.563577337123   0.542663469816
1.448   0.563577306814   0.542677774939
1.544   0.563577296089   0.542685278092
1.64   0.563577292294   0.542689216487
1.736   0.563577290951   0.542691284642
1.832   0.563577290476   0.542692370956
1.928   0.563577290308   0.542692941632
2.024   0.563577290249   0.542693241451
2.12   0.563577290228   0.542693398976
2.216   0.56357729022   0.542693481741
2.312   0.563577290218   0.542693525228
2.408   0.563577290217   0.542693548077
2.504   0.563577290216   0.542693560083
2.6   0.563577290216   0.542693566391
2.696   0.563577290216   0.542693569705
2.792   0.563577290216   0.542693571447
2.888   0.563577290216   0.542693572362
2.984   0.563577290216   0.542693572842
3.08   0.563577290216   0.542693573095
3.176   0.563577290216   0.542693573228
3.272   0.563577290216   0.542693573297
3.368   0.563577290216   0.542693573334
3.464   0.563577290216   0.542693573353
3.56   0.563577290216   0.542693573363
3.656   0.563577290216   0.542693573369
3.752   0.563577290216   0.542693573372
3.848   0.563577290216   0.542693573373
3.944   0.563577290216   0.542693573374
4.04   0.563577290216   0.542693573374
4.136   0.563577290216   0.542693573374
4.232   0.563577290216   0.542693573375
4.328   0.563577290216   0.542693573375
4.424   0.563577290216   0.542693573375
4.52   0.563577290216   0.542693573375
4.616   0.563577290216   0.542693573375
4.712   0.563577290216   0.542693573375
4.808   0.563577290216   0.542693573375
4.904   0.563577290216   0.542693573375
5.0   0.563577290216   0.542693573375
5.096   0.563577290216   0.542693573375
5.192   0.563577290216   0.542693573375
5.288   0.563577290216   0.542693573375
5.384   0.563577290216   0.542693573375
5.48   0.563577290216   0.542693573375
5.576   0.563577290216   0.542693573375
5.672   0.563577290216   0.542693573375
5.768   0.563577290216   0.542693573375
5.864   0.563577290216   0.542693573375
5.96   0.563577290216   0.542693573375
6.056   0.563577290216   0.542693573375
6.152   0.563577290216   0.542693573375
6.248   0.563577290216   0.542693573375
6.344   0.563577290216   0.542693573375
6.44   0.563577290216   0.542693573375
6.536   0.563577290216   0.542693573375
6.632   0.563577290216   0.542693573375
6.728   0.563577290216   0.542693573375
6.824   0.563577290216   0.542693573375
6.92   0.563577290216   0.542693573375
7.016   0.563577290216   0.542693573375
7.112   0.563577290216   0.542693573375
7.208   0.563577290216   0.542693573375
7.304   0.563577290216   0.542693573375
7.4   0.563577290216   0.542693573375
7.496   0.563577290216   0.542693573375
7.592   0.563577290216   0.542693573375
7.688   0.563577290216   0.542693573375
7.784   0.563577290216   0.542693573375
7.88   0.563577290216   0.542693573375
7.976   0.563577290216   0.542693573375
8.072   0.563577290216   0.542693573375
8.168   0.563577290216   0.542693573375
8.264   0.563577290216   0.542693573375
8.36   0.563577290216   0.542693573375
8.456   0.563577290216   0.542693573375
8.552   0.563577290216   0.542693573375
8.648   0.563577290216   0.542693573375
8.744   0.563577290216   0.542693573375
8.84   0.563577290216   0.542693573375
8.936   0.563577290216   0.542693573375
9.032   0.563577290216   0.542693573375
9.128   0.563577290216   0.542693573375
9.224   0.563577290216   0.542693573375
9.32   0.563577290216   0.542693573375
9.416   0.563577290216   0.542693573375
9.512   0.563577290216   0.542693573375
9.608   0.563577290216   0.542693573375
9.704   0.563577290216   0.542693573375
