0.2   0.56128271912   0.368461779116
0.296   0.556467218615   0.414478252152
0.392   0.552475884748   0.445357823976
0.488   0.549316838184   0.46653128296
0.584   0.546953926719   0.480935238084
0.68   0.54529819286   0.490502479094
0.776   0.544215081636   0.496676215879
0.872   0.543550525092   0.50055921537
0.968   0.543163705898   0.502956718633
1.064   0.542947146829   0.504420577597
1.16   0.542828793208   0.505309277643
1.256   0.542765224593   0.505847793735
1.352   0.542731400805   0.506173878699
1.448   0.542713502021   0.506371420946
1.544   0.542704059982   0.506491172003
1.64   0.542699087863   0.506563813002
1.736   0.54269647216   0.506607901194
1.832   0.542695096862   0.506634671167
1.928   0.54269437397   0.506650930804
2.024   0.542693994063   0.506660808877
2.12   0.542693794426   0.50666681097
2.216   0.542693689524   0.506670458347
2.312   0.542693634404   0.506672674966
2.408   0.542693605441   0.506674022138
2.504   0.542693590224   0.506674840923
2.6   0.542693582228   0.506675338574
2.696   0.542693578026   0.506675641048
2.792   0.542693575819   0.506675824894
2.888   0.542693574659   0.506675936638
2.984   0.542693574049   0.506676004558
3.08   0.542693573729   0.50667604584
3.176   0.542693573561   0.506676070932
3.272   0.542693573473   0.506676086184
3.368   0.542693573426   0.506676095454
3.464   0.542693573402   0.506676101088
3.56   0.542693573389   0.506676104513
3.656   0.542693573382   0.506676106595
3.752   0.542693573379   0.50667610786
3.848   0.542693573377   0.506676108629
3.944   0.542693573376   0.506676109097
4.04   0.542693573375   0.506676109381
4.136   0.542693573375   0.506676109553
4.232   0.542693573375   0.506676109658
4.328   0.542693573375   0.506676109722
4.424   0.542693573375   0.506676109761
4.52   0.542693573375   0.506676109785
4.616   0.542693573375   0.506676109799
4.712   0.542693573375   0.506676109808
4.808   0.542693573375   0.506676109813
4.904   0.542693573375   0.506676109816
5.0   0.542693573375   0.506676109818
5.096   0.542693573375   0.506676109819
5.192   0.542693573375   0.50667610982
5.288   0.542693573375   0.50667610982
5.384   0.542693573375   0.506676109821
5.48   0.542693573375   0.506676109821
5.576   0.542693573375   0.506676109821
5.672   0.542693573375   0.506676109821
5.768   0.542693573375   0.506676109821
5.864   0.542693573375   0.506676109821
5.96   0.542693573375   0.506676109821
6.056   0.542693573375   0.506676109821
6.152   0.542693573375   0.506676109821
6.248   0.542693573375   0.506676109821
6.344   0.542693573375   0.506676109821
6.44   0.542693573375   0.506676109821
6.536   0.542693573375   0.506676109821
6.632   0.542693573375   0.506676109821
6.728   0.542693573375   0.506676109821
6.824   0.542693573375   0.506676109821
6.92   0.542693573375   0.506676109821
7.016   0.542693573375   0.506676109821
7.112   0.542693573375   0.506676109821
7.208   0.542693573375   0.506676109821
7.304   0.542693573375   0.506676109821
7.4   0.542693573375   0.506676109821
7.496   0.542693573375   0.506676109821
7.592   0.542693573375   0.506676109821
7.688   0.542693573375   0.506676109821
7.784   0.542693573375   0.506676109821
7.88   0.542693573375   0.506676109821
7.976   0.542693573375   0.506676109821
8.072   0.542693573375   0.506676109821
8.168   0.542693573375   0.506676109821
8.264   0.542693573375   0.506676109821
8.36   0.542693573375   0.506676109821
8.456   0.542693573375   0.506676109821
8.552   0.542693573375   0.506676109821
8.648   0.542693573375   0.506676109821
8.744   0.542693573375   0.506676109821
8.84   0.542693573375   0.506676109821
8.936   0.542693573375   0.506676109821
9.032   0.542693573375   0.506676109821
9.128   0.542693573375   0.506676109821
9.224   0.542693573375   0.506676109821
9.32   0.542693573375   0.506676109821
9.416   0.542693573375   0.506676109821
9.512   0.542693573375   0.506676109821
9.608   0.542693573375   0.506676109821
9.704   0.542693573375   0.506676109821
