0.2   0.566981455353   0.446094265201
0.296   0.564760882365   0.487475983755
0.392   0.563187507181   0.512608754655
0.488   0.562201642981   0.527185030546
0.584   0.561666307354   0.534937648379
0.68   0.561411535628   0.538821107167
0.776   0.561301485701   0.540738584671
0.872   0.561256237357   0.541694378673
0.968   0.561238244661   0.542177889348
1.064   0.561231175854   0.542425644079
1.16   0.561228413647   0.542553754037
1.256   0.561227336808   0.542620407739
1.352   0.561226917424   0.542655222543
1.448   0.56122675416   0.542673451027
1.544   0.561226690613   0.542683009084
1.64   0.561226665881   0.542688025167
1.736   0.561226656255   0.542690658953
1.832   0.561226652509   0.54269204228
1.928   0.561226651051   0.54269276896
2.024   0.561226650484   0.542693150731
2.12   0.561226650263   0.542693351311
2.216   0.561226650177   0.542693456697
2.312   0.561226650144   0.542693512069
2.408   0.561226650131   0.542693541163
2.504   0.561226650126   0.54269355645
2.6   0.561226650124   0.542693564482
2.696   0.561226650123   0.542693568702
2.792   0.561226650123   0.54269357092
2.888   0.561226650123   0.542693572085
2.984   0.561226650123   0.542693572697
3.08   0.561226650123   0.542693573019
3.176   0.561226650123   0.542693573188
3.272   0.561226650123   0.542693573276
3.368   0.561226650123   0.542693573323
3.464   0.561226650123   0.542693573348
3.56   0.561226650123   0.54269357336
3.656   0.561226650123   0.542693573367
3.752   0.561226650123   0.542693573371
3.848   0.561226650123   0.542693573373
3.944   0.561226650123   0.542693573374
4.04   0.561226650123   0.542693573374
4.136   0.561226650123   0.542693573374
4.232   0.561226650123   0.542693573374
4.328   0.561226650123   0.542693573375
4.424   0.561226650123   0.542693573375
4.52   0.561226650123   0.542693573375
4.616   0.561226650123   0.542693573375
4.712   0.561226650123   0.542693573375
4.808   0.561226650123   0.542693573375
4.904   0.561226650123   0.542693573375
5.0   0.561226650123   0.542693573375
5.096   0.561226650123   0.542693573375
5.192   0.561226650123   0.542693573375
5.288   0.561226650123   0.542693573375
5.384   0.561226650123   0.542693573375
5.48   0.561226650123   0.542693573375
5.576   0.561226650123   0.542693573375
5.672   0.561226650123   0.542693573375
5.768   0.561226650123   0.542693573375
5.864   0.561226650123   0.542693573375
5.96   0.561226650123   0.542693573375
6.056   0.561226650123   0.542693573375
6.152   0.561226650123   0.542693573375
6.248   0.561226650123   0.542693573375
6.344   0.561226650123   0.542693573375
6.44   0.561226650123   0.542693573375
6.536   0.561226650123   0.542693573375
6.632   0.561226650123   0.542693573375
6.728   0.561226650123   0.542693573375
6.824   0.561226650123   0.542693573375
6.92   0.561226650123   0.542693573375
7.016   0.561226650123   0.542693573375
7.112   0.561226650123   0.542693573375
7.208   0.561226650123   0.542693573375
7.304   0.561226650123   0.542693573375
7.4   0.561226650123   0.542693573375
7.496   0.561226650123   0.542693573375
7.592   0.561226650123   0.542693573375
7.688   0.561226650123   0.542693573375
7.784   0.561226650123   0.542693573375
7.88   0.561226650123   0.542693573375
7.976   0.561226650123   0.542693573375
8.072   0.561226650123   0.542693573375
8.168   0.561226650123   0.542693573375
8.264   0.561226650123   0.542693573375
8.36   0.561226650123   0.542693573375
8.456   0.561226650123   0.542693573375
8.552   0.561226650123   0.542693573375
8.648   0.561226650123   0.542693573375
8.744   0.561226650123   0.542693573375
8.84   0.561226650123   0.542693573375
8.936   0.561226650123   0.542693573375
9.032   0.561226650123   0.542693573375
9.128   0.561226650123   0.542693573375
9.224   0.561226650123   0.542693573375
9.32   0.561226650123   0.542693573375
9.416   0.561226650123   0.542693573375
9.512   0.561226650123   0.542693573375
9.608   0.561226650123   0.542693573375
9.704   0.561226650123   0.542693573375
