0.2   0.561359275162   0.372481675369
0.296   0.556565383848   0.417700955243
0.392   0.552582113217   0.448132257137
0.488   0.549417599524   0.469029745413
0.584   0.547038623319   0.483254516526
0.68   0.545361659298   0.492700972409
0.776   0.544257958337   0.49879092275
0.872   0.543577130228   0.502614549863
0.968   0.543179215319   0.504969534475
1.064   0.54295582992   0.506402995263
1.16   0.542833519248   0.50727018608
1.256   0.542767758117   0.507793704811
1.352   0.542732747065   0.508109470086
1.448   0.542714213827   0.5083000001
1.544   0.542704435281   0.508415036763
1.64   0.542699285432   0.508484536509
1.736   0.542696576077   0.508526547501
1.832   0.542695151494   0.508551952811
1.928   0.542694402684   0.50856732094
2.024   0.542694009153   0.508576619473
2.12   0.542693802355   0.508582246456
2.216   0.542693693691   0.508585651977
2.312   0.542693636593   0.50858771319
2.408   0.542693606592   0.508588960813
2.504   0.542693590828   0.508589716007
2.6   0.542693582545   0.508590173139
2.696   0.542693578193   0.508590449854
2.792   0.542693575906   0.508590617358
2.888   0.542693574705   0.508590718755
2.984   0.542693574074   0.508590780134
3.08   0.542693573742   0.508590817289
3.176   0.542693573568   0.50859083978
3.272   0.542693573476   0.508590853396
3.368   0.542693573428   0.508590861637
3.464   0.542693573403   0.508590866626
3.56   0.542693573389   0.508590869647
3.656   0.542693573382   0.508590871475
3.752   0.542693573379   0.508590872581
3.848   0.542693573377   0.508590873251
3.944   0.542693573376   0.508590873657
4.04   0.542693573375   0.508590873902
4.136   0.542693573375   0.508590874051
4.232   0.542693573375   0.508590874141
4.328   0.542693573375   0.508590874195
4.424   0.542693573375   0.508590874228
4.52   0.542693573375   0.508590874248
4.616   0.542693573375   0.50859087426
4.712   0.542693573375   0.508590874268
4.808   0.542693573375   0.508590874272
4.904   0.542693573375   0.508590874275
5.0   0.542693573375   0.508590874276
5.096   0.542693573375   0.508590874277
5.192   0.542693573375   0.508590874278
5.288   0.542693573375   0.508590874278
5.384   0.542693573375   0.508590874279
5.48   0.542693573375   0.508590874279
5.576   0.542693573375   0.508590874279
5.672   0.542693573375   0.508590874279
5.768   0.542693573375   0.508590874279
5.864   0.542693573375   0.508590874279
5.96   0.542693573375   0.508590874279
6.056   0.542693573375   0.508590874279
6.152   0.542693573375   0.508590874279
6.248   0.542693573375   0.508590874279
6.344   0.542693573375   0.508590874279
6.44   0.542693573375   0.508590874279
6.536   0.542693573375   0.508590874279
6.632   0.542693573375   0.508590874279
6.728   0.542693573375   0.508590874279
6.824   0.542693573375   0.508590874279
6.92   0.542693573375   0.508590874279
7.016   0.542693573375   0.508590874279
7.112   0.542693573375   0.508590874279
7.208   0.542693573375   0.508590874279
7.304   0.542693573375   0.508590874279
7.4   0.542693573375   0.508590874279
7.496   0.542693573375   0.508590874279
7.592   0.542693573375   0.508590874279
7.688   0.542693573375   0.508590874279
7.784   0.542693573375   0.508590874279
7.88   0.542693573375   0.508590874279
7.976   0.542693573375   0.508590874279
8.072   0.542693573375   0.508590874279
8.168   0.542693573375   0.508590874279
8.264   0.542693573375   0.508590874279
8.36   0.542693573375   0.508590874279
8.456   0.542693573375   0.508590874279
8.552   0.542693573375   0.508590874279
8.648   0.542693573375   0.508590874279
8.744   0.542693573375   0.508590874279
8.84   0.542693573375   0.508590874279
8.936   0.542693573375   0.508590874279
9.032   0.542693573375   0.508590874279
9.128   0.542693573375   0.508590874279
9.224   0.542693573375   0.508590874279
9.32   0.542693573375   0.508590874279
9.416   0.542693573375   0.508590874279
9.512   0.542693573375   0.508590874279
9.608   0.542693573375   0.508590874279
9.704   0.542693573375   0.508590874279
