0.2   0.561472620548   0.380550451845
0.296   0.556713985201   0.423827596845
0.392   0.55274639364   0.453169719807
0.488   0.549576694266   0.473402172574
0.584   0.54717503691   0.487202147835
0.68   0.545465738771   0.496370477559
0.776   0.544329333692   0.50227544271
0.872   0.543621916054   0.505974210349
0.968   0.543205520892   0.50824383481
1.064   0.542970630277   0.509618589365
1.16   0.542841596363   0.510445484662
1.256   0.542772094712   0.510941560305
1.352   0.542735053415   0.511238793354
1.448   0.542715433836   0.511416923914
1.544   0.542705078696   0.511523733562
1.64   0.542699624192   0.511587814857
1.736   0.542696754271   0.511626280183
1.832   0.54269524518   0.51164937846
1.928   0.542694451926   0.511663252987
2.024   0.542694035031   0.511671588823
2.12   0.542693815954   0.511676597751
2.216   0.542693700836   0.511679607877
2.312   0.542693640348   0.511681416944
2.408   0.542693608565   0.511682504232
2.504   0.542693591865   0.511683157736
2.6   0.54269358309   0.511683550525
2.696   0.542693578479   0.511683786615
2.792   0.542693576057   0.51168392852
2.888   0.542693574784   0.511684013814
2.984   0.542693574115   0.511684065082
3.08   0.542693573764   0.511684095898
3.176   0.542693573579   0.511684114421
3.272   0.542693573482   0.511684125554
3.368   0.542693573431   0.511684132246
3.464   0.542693573404   0.511684136268
3.56   0.54269357339   0.511684138686
3.656   0.542693573383   0.511684140139
3.752   0.542693573379   0.511684141013
3.848   0.542693573377   0.511684141538
3.944   0.542693573376   0.511684141853
4.04   0.542693573375   0.511684142043
4.136   0.542693573375   0.511684142157
4.232   0.542693573375   0.511684142226
4.328   0.542693573375   0.511684142267
4.424   0.542693573375   0.511684142291
4.52   0.542693573375   0.511684142306
4.616   0.542693573375   0.511684142315
4.712   0.542693573375   0.511684142321
4.808   0.542693573375   0.511684142324
4.904   0.542693573375   0.511684142326
5.0   0.542693573375   0.511684142327
5.096   0.542693573375   0.511684142328
5.192   0.542693573375   0.511684142328
5.288   0.542693573375   0.511684142328
5.384   0.542693573375   0.511684142329
5.48   0.542693573375   0.511684142329
5.576   0.542693573375   0.511684142329
5.672   0.542693573375   0.511684142329
5.768   0.542693573375   0.511684142329
5.864   0.542693573375   0.511684142329
5.96   0.542693573375   0.511684142329
6.056   0.542693573375   0.511684142329
6.152   0.542693573375   0.511684142329
6.248   0.542693573375   0.511684142329
6.344   0.542693573375   0.511684142329
6.44   0.542693573375   0.511684142329
6.536   0.542693573375   0.511684142329
6.632   0.542693573375   0.511684142329
6.728   0.542693573375   0.511684142329
6.824   0.542693573375   0.511684142329
6.92   0.542693573375   0.511684142329
7.016   0.542693573375   0.511684142329
7.112   0.542693573375   0.511684142329
7.208   0.542693573375   0.511684142329
7.304   0.542693573375   0.511684142329
7.4   0.542693573375   0.511684142329
7.496   0.542693573375   0.511684142329
7.592   0.542693573375   0.511684142329
7.688   0.542693573375   0.511684142329
7.784   0.542693573375   0.511684142329
7.88   0.542693573375   0.511684142329
7.976   0.542693573375   0.511684142329
8.072   0.542693573375   0.511684142329
8.168   0.542693573375   0.511684142329
8.264   0.542693573375   0.511684142329
8.36   0.542693573375   0.511684142329
8.456   0.542693573375   0.511684142329
8.552   0.542693573375   0.511684142329
8.648   0.542693573375   0.511684142329
8.744   0.542693573375   0.511684142329
8.84   0.542693573375   0.511684142329
8.936   0.542693573375   0.511684142329
9.032   0.542693573375   0.511684142329
9.128   0.542693573375   0.511684142329
9.224   0.542693573375   0.511684142329
9.32   0.542693573375   0.511684142329
9.416   0.542693573375   0.511684142329
9.512   0.542693573375   0.511684142329
9.608   0.542693573375   0.511684142329
9.704   0.542693573375   0.511684142329
