0.2   0.568395055503   0.4632185743
0.296   0.56702215743   0.499304484556
0.392   0.566283252913   0.520445424803
0.488   0.565961233227   0.53182195445
0.584   0.565842908344   0.537414920566
0.68   0.565802941633   0.540085115673
0.776   0.565790199946   0.541378512245
0.872   0.565786198205   0.54202045472
0.968   0.565784948485   0.542345514444
1.064   0.565784559007   0.542512440601
1.16   0.565784437713   0.542598939764
1.256   0.565784399948   0.542644014921
1.352   0.565784388191   0.542667583944
1.448   0.565784384531   0.542679932847
1.544   0.565784383392   0.542686410757
1.64   0.565784383037   0.542689811268
1.736   0.565784382927   0.54269159705
1.832   0.565784382892   0.542692535072
1.928   0.565784382882   0.542693027854
2.024   0.565784382878   0.542693286752
2.12   0.565784382877   0.542693422777
2.216   0.565784382877   0.542693494247
2.312   0.565784382877   0.542693531799
2.408   0.565784382877   0.54269355153
2.504   0.565784382877   0.542693561897
2.6   0.565784382877   0.542693567344
2.696   0.565784382877   0.542693570206
2.792   0.565784382877   0.54269357171
2.888   0.565784382877   0.5426935725
2.984   0.565784382877   0.542693572915
3.08   0.565784382877   0.542693573133
3.176   0.565784382877   0.542693573248
3.272   0.565784382877   0.542693573308
3.368   0.565784382877   0.54269357334
3.464   0.565784382877   0.542693573356
3.56   0.565784382877   0.542693573365
3.656   0.565784382877   0.54269357337
3.752   0.565784382877   0.542693573372
3.848   0.565784382877   0.542693573373
3.944   0.565784382877   0.542693573374
4.04   0.565784382877   0.542693573374
4.136   0.565784382877   0.542693573374
4.232   0.565784382877   0.542693573375
4.328   0.565784382877   0.542693573375
4.424   0.565784382877   0.542693573375
4.52   0.565784382877   0.542693573375
4.616   0.565784382877   0.542693573375
4.712   0.565784382877   0.542693573375
4.808   0.565784382877   0.542693573375
4.904   0.565784382877   0.542693573375
5.0   0.565784382877   0.542693573375
5.096   0.565784382877   0.542693573375
5.192   0.565784382877   0.542693573375
5.288   0.565784382877   0.542693573375
5.384   0.565784382877   0.542693573375
5.48   0.565784382877   0.542693573375
5.576   0.565784382877   0.542693573375
5.672   0.565784382877   0.542693573375
5.768   0.565784382877   0.542693573375
5.864   0.565784382877   0.542693573375
5.96   0.565784382877   0.542693573375
6.056   0.565784382877   0.542693573375
6.152   0.565784382877   0.542693573375
6.248   0.565784382877   0.542693573375
6.344   0.565784382877   0.542693573375
6.44   0.565784382877   0.542693573375
6.536   0.565784382877   0.542693573375
6.632   0.565784382877   0.542693573375
6.728   0.565784382877   0.542693573375
6.824   0.565784382877   0.542693573375
6.92   0.565784382877   0.542693573375
7.016   0.565784382877   0.542693573375
7.112   0.565784382877   0.542693573375
7.208   0.565784382877   0.542693573375
7.304   0.565784382877   0.542693573375
7.4   0.565784382877   0.542693573375
7.496   0.565784382877   0.542693573375
7.592   0.565784382877   0.542693573375
7.688   0.565784382877   0.542693573375
7.784   0.565784382877   0.542693573375
7.88   0.565784382877   0.542693573375
7.976   0.565784382877   0.542693573375
8.072   0.565784382877   0.542693573375
8.168   0.565784382877   0.542693573375
8.264   0.565784382877   0.542693573375
8.36   0.565784382877   0.542693573375
8.456   0.565784382877   0.542693573375
8.552   0.565784382877   0.542693573375
8.648   0.565784382877   0.542693573375
8.744   0.565784382877   0.542693573375
8.84   0.565784382877   0.542693573375
8.936   0.565784382877   0.542693573375
9.032   0.565784382877   0.542693573375
9.128   0.565784382877   0.542693573375
9.224   0.565784382877   0.542693573375
9.32   0.565784382877   0.542693573375
9.416   0.565784382877   0.542693573375
9.512   0.565784382877   0.542693573375
9.608   0.565784382877   0.542693573375
9.704   0.565784382877   0.542693573375
