0.2   0.563230445509   0.412162222006
0.296   0.55907258318   0.454337128974
0.392   0.555484898269   0.482532904454
0.488   0.552450224964   0.501645801322
0.584   0.549937480267   0.514408869517
0.68   0.547906145667   0.522726488298
0.776   0.546309855054   0.528048677011
0.872   0.545098969785   0.531422086363
0.968   0.544220797772   0.533543176584
1.064   0.543618218387   0.534857471384
1.16   0.543229468528   0.535653277707
1.256   0.542993453997   0.536121854111
1.352   0.542857614069   0.536390737024
1.448   0.542781619727   0.536542235877
1.544   0.542740390809   0.536626356099
1.64   0.542718335107   0.536672801835
1.736   0.54270663077   0.536698331632
1.832   0.542700447512   0.536712334101
1.928   0.542697189062   0.536720005281
2.024   0.542695474246   0.536724205406
2.12   0.542694572455   0.536726504372
2.216   0.542694098408   0.536727762539
2.312   0.542693849268   0.536728451052
2.408   0.542693718344   0.536728827818
2.504   0.542693649548   0.536729033988
2.6   0.542693613399   0.536729146805
2.696   0.542693594405   0.536729208538
2.792   0.542693584425   0.536729242319
2.888   0.542693579181   0.536729260804
2.984   0.542693576425   0.536729270919
3.08   0.542693574978   0.536729276453
3.176   0.542693574217   0.536729279482
3.272   0.542693573817   0.53672928114
3.368   0.542693573607   0.536729282046
3.464   0.542693573497   0.536729282543
3.56   0.542693573439   0.536729282814
3.656   0.542693573408   0.536729282963
3.752   0.542693573392   0.536729283044
3.848   0.542693573384   0.536729283089
3.944   0.54269357338   0.536729283113
4.04   0.542693573377   0.536729283126
4.136   0.542693573376   0.536729283134
4.232   0.542693573375   0.536729283138
4.328   0.542693573375   0.53672928314
4.424   0.542693573375   0.536729283141
4.52   0.542693573375   0.536729283142
4.616   0.542693573375   0.536729283142
4.712   0.542693573375   0.536729283142
4.808   0.542693573375   0.536729283142
4.904   0.542693573375   0.536729283142
5.0   0.542693573375   0.536729283142
5.096   0.542693573375   0.536729283142
5.192   0.542693573375   0.536729283142
5.288   0.542693573375   0.536729283142
5.384   0.542693573375   0.536729283142
5.48   0.542693573375   0.536729283142
5.576   0.542693573375   0.536729283142
5.672   0.542693573375   0.536729283142
5.768   0.542693573375   0.536729283142
5.864   0.542693573375   0.536729283142
5.96   0.542693573375   0.536729283142
6.056   0.542693573375   0.536729283142
6.152   0.542693573375   0.536729283142
6.248   0.542693573375   0.536729283142
6.344   0.542693573375   0.536729283142
6.44   0.542693573375   0.536729283142
6.536   0.542693573375   0.536729283142
6.632   0.542693573375   0.536729283142
6.728   0.542693573375   0.536729283142
6.824   0.542693573375   0.536729283142
6.92   0.542693573375   0.536729283142
7.016   0.542693573375   0.536729283142
7.112   0.542693573375   0.536729283142
7.208   0.542693573375   0.536729283142
7.304   0.542693573375   0.536729283142
7.4   0.542693573375   0.536729283142
7.496   0.542693573375   0.536729283142
7.592   0.542693573375   0.536729283142
7.688   0.542693573375   0.536729283142
7.784   0.542693573375   0.536729283142
7.88   0.542693573375   0.536729283142
7.976   0.542693573375   0.536729283142
8.072   0.542693573375   0.536729283142
8.168   0.542693573375   0.536729283142
8.264   0.542693573375   0.536729283142
8.36   0.542693573375   0.536729283142
8.456   0.542693573375   0.536729283142
8.552   0.542693573375   0.536729283142
8.648   0.542693573375   0.536729283142
8.744   0.542693573375   0.536729283142
8.84   0.542693573375   0.536729283142
8.936   0.542693573375   0.536729283142
9.032   0.542693573375   0.536729283142
9.128   0.542693573375   0.536729283142
9.224   0.542693573375   0.536729283142
9.32   0.542693573375   0.536729283142
9.416   0.542693573375   0.536729283142
9.512   0.542693573375   0.536729283142
9.608   0.542693573375   0.536729283142
9.704   0.542693573375   0.536729283142
