0.2   0.567218464484   0.449052564415
0.296   0.565141672864   0.489606279188
0.392   0.563721723903   0.514098235359
0.488   0.562876349001   0.528122749473
0.584   0.562444443561   0.535464493415
0.68   0.562251398065   0.539098103178
0.776   0.562171458288   0.540880913777
0.872   0.562140220751   0.541767298962
0.968   0.562128263116   0.542215513986
1.064   0.562123727864   0.542445142673
1.16   0.562122014585   0.54256390724
1.256   0.562121368441   0.542625712275
1.352   0.562121124923   0.542657999978
1.448   0.562121033171   0.542674907304
1.544   0.562120998606   0.5426837733
1.64   0.562120985585   0.542688426415
1.736   0.562120980679   0.542690869692
1.832   0.562120978832   0.542692152982
1.928   0.562120978136   0.542692827117
2.024   0.562120977873   0.542693181286
2.12   0.562120977775   0.542693367365
2.216   0.562120977737   0.542693465132
2.312   0.562120977723   0.542693516501
2.408   0.562120977718   0.542693543492
2.504   0.562120977716   0.542693557673
2.6   0.562120977715   0.542693565125
2.696   0.562120977715   0.54269356904
2.792   0.562120977715   0.542693571097
2.888   0.562120977715   0.542693572178
2.984   0.562120977715   0.542693572746
3.08   0.562120977715   0.542693573044
3.176   0.562120977715   0.542693573201
3.272   0.562120977715   0.542693573283
3.368   0.562120977715   0.542693573327
3.464   0.562120977715   0.542693573349
3.56   0.562120977715   0.542693573361
3.656   0.562120977715   0.542693573368
3.752   0.562120977715   0.542693573371
3.848   0.562120977715   0.542693573373
3.944   0.562120977715   0.542693573374
4.04   0.562120977715   0.542693573374
4.136   0.562120977715   0.542693573374
4.232   0.562120977715   0.542693573375
4.328   0.562120977715   0.542693573375
4.424   0.562120977715   0.542693573375
4.52   0.562120977715   0.542693573375
4.616   0.562120977715   0.542693573375
4.712   0.562120977715   0.542693573375
4.808   0.562120977715   0.542693573375
4.904   0.562120977715   0.542693573375
5.0   0.562120977715   0.542693573375
5.096   0.562120977715   0.542693573375
5.192   0.562120977715   0.542693573375
5.288   0.562120977715   0.542693573375
5.384   0.562120977715   0.542693573375
5.48   0.562120977715   0.542693573375
5.576   0.562120977715   0.542693573375
5.672   0.562120977715   0.542693573375
5.768   0.562120977715   0.542693573375
5.864   0.562120977715   0.542693573375
5.96   0.562120977715   0.542693573375
6.056   0.562120977715   0.542693573375
6.152   0.562120977715   0.542693573375
6.248   0.562120977715   0.542693573375
6.344   0.562120977715   0.542693573375
6.44   0.562120977715   0.542693573375
6.536   0.562120977715   0.542693573375
6.632   0.562120977715   0.542693573375
6.728   0.562120977715   0.542693573375
6.824   0.562120977715   0.542693573375
6.92   0.562120977715   0.542693573375
7.016   0.562120977715   0.542693573375
7.112   0.562120977715   0.542693573375
7.208   0.562120977715   0.542693573375
7.304   0.562120977715   0.542693573375
7.4   0.562120977715   0.542693573375
7.496   0.562120977715   0.542693573375
7.592   0.562120977715   0.542693573375
7.688   0.562120977715   0.542693573375
7.784   0.562120977715   0.542693573375
7.88   0.562120977715   0.542693573375
7.976   0.562120977715   0.542693573375
8.072   0.562120977715   0.542693573375
8.168   0.562120977715   0.542693573375
8.264   0.562120977715   0.542693573375
8.36   0.562120977715   0.542693573375
8.456   0.562120977715   0.542693573375
8.552   0.562120977715   0.542693573375
8.648   0.562120977715   0.542693573375
8.744   0.562120977715   0.542693573375
8.84   0.562120977715   0.542693573375
8.936   0.562120977715   0.542693573375
9.032   0.562120977715   0.542693573375
9.128   0.562120977715   0.542693573375
9.224   0.562120977715   0.542693573375
9.32   0.562120977715   0.542693573375
9.416   0.562120977715   0.542693573375
9.512   0.562120977715   0.542693573375
9.608   0.562120977715   0.542693573375
9.704   0.562120977715   0.542693573375
