0.2   0.562942105598   0.408173043956
0.296   0.558669889266   0.450421195287
0.392   0.554991833263   0.478774474638
0.488   0.551895696273   0.498087196451
0.584   0.549355345661   0.51106224459
0.68   0.547334250912   0.519562814249
0.776   0.545786996046   0.525003967319
0.872   0.54465863705   0.528423113552
0.968   0.54388270155   0.530532356225
1.064   0.543382222501   0.531805199591
1.16   0.543078704461   0.532555381173
1.256   0.542904030182   0.532988176155
1.352   0.54280653679   0.533234447118
1.448   0.542753646448   0.533373007185
1.544   0.542725349258   0.533450573697
1.64   0.542710330814   0.533493876821
1.736   0.542702395911   0.533518017558
1.832   0.542698214058   0.533531466335
1.928   0.542696013172   0.533538956266
2.024   0.542694855728   0.533543127019
2.12   0.542694247279   0.533545449379
2.216   0.542693927497   0.533546742499
2.312   0.542693759451   0.533547462525
2.408   0.542693671147   0.533547863446
2.504   0.542693624748   0.533548086687
2.6   0.542693600368   0.533548210991
2.696   0.542693587558   0.533548280207
2.792   0.542693580827   0.533548318748
2.888   0.54269357729   0.533548340209
2.984   0.542693575432   0.533548352159
3.08   0.542693574456   0.533548358813
3.176   0.542693573943   0.533548362518
3.272   0.542693573673   0.533548364581
3.368   0.542693573531   0.53354836573
3.464   0.542693573457   0.533548366369
3.56   0.542693573418   0.533548366725
3.656   0.542693573397   0.533548366924
3.752   0.542693573387   0.533548367034
3.848   0.542693573381   0.533548367096
3.944   0.542693573378   0.53354836713
4.04   0.542693573376   0.533548367149
4.136   0.542693573376   0.53354836716
4.232   0.542693573375   0.533548367165
4.328   0.542693573375   0.533548367169
4.424   0.542693573375   0.533548367171
4.52   0.542693573375   0.533548367172
4.616   0.542693573375   0.533548367172
4.712   0.542693573375   0.533548367173
4.808   0.542693573375   0.533548367173
4.904   0.542693573375   0.533548367173
5.0   0.542693573375   0.533548367173
5.096   0.542693573375   0.533548367173
5.192   0.542693573375   0.533548367173
5.288   0.542693573375   0.533548367173
5.384   0.542693573375   0.533548367173
5.48   0.542693573375   0.533548367173
5.576   0.542693573375   0.533548367173
5.672   0.542693573375   0.533548367173
5.768   0.542693573375   0.533548367173
5.864   0.542693573375   0.533548367173
5.96   0.542693573375   0.533548367173
6.056   0.542693573375   0.533548367173
6.152   0.542693573375   0.533548367173
6.248   0.542693573375   0.533548367173
6.344   0.542693573375   0.533548367173
6.44   0.542693573375   0.533548367173
6.536   0.542693573375   0.533548367173
6.632   0.542693573375   0.533548367173
6.728   0.542693573375   0.533548367173
6.824   0.542693573375   0.533548367173
6.92   0.542693573375   0.533548367173
7.016   0.542693573375   0.533548367173
7.112   0.542693573375   0.533548367173
7.208   0.542693573375   0.533548367173
7.304   0.542693573375   0.533548367173
7.4   0.542693573375   0.533548367173
7.496   0.542693573375   0.533548367173
7.592   0.542693573375   0.533548367173
7.688   0.542693573375   0.533548367173
7.784   0.542693573375   0.533548367173
7.88   0.542693573375   0.533548367173
7.976   0.542693573375   0.533548367173
8.072   0.542693573375   0.533548367173
8.168   0.542693573375   0.533548367173
8.264   0.542693573375   0.533548367173
8.36   0.542693573375   0.533548367173
8.456   0.542693573375   0.533548367173
8.552   0.542693573375   0.533548367173
8.648   0.542693573375   0.533548367173
8.744   0.542693573375   0.533548367173
8.84   0.542693573375   0.533548367173
8.936   0.542693573375   0.533548367173
9.032   0.542693573375   0.533548367173
9.128   0.542693573375   0.533548367173
9.224   0.542693573375   0.533548367173
9.32   0.542693573375   0.533548367173
9.416   0.542693573375   0.533548367173
9.512   0.542693573375   0.533548367173
9.608   0.542693573375   0.533548367173
9.704   0.542693573375   0.533548367173
