0.2   0.562109094245   0.384091968254
0.296   0.557528997833   0.430501826908
0.392   0.55363925055   0.461394964415
0.488   0.550447208397   0.482436327375
0.584   0.547937331544   0.496647045247
0.68   0.546065900217   0.506005097127
0.776   0.54475544895   0.511982001566
0.872   0.543897869899   0.515691506292
0.968   0.543371543032   0.517940412718
1.064   0.543065270494   0.519280923469
1.16   0.542893949666   0.520071481823
1.256   0.542800365742   0.520535009988
1.352   0.542750138461   0.520806158935
1.448   0.542723428192   0.520964572537
1.544   0.542709299089   0.521057188194
1.64   0.542701847482   0.521111310578
1.736   0.542697924117   0.521142959398
1.832   0.542695860329   0.521161472418
1.928   0.542694775281   0.521172304367
2.024   0.54269420497   0.521178643306
2.12   0.542693905256   0.52118235339
2.216   0.542693747762   0.521184525041
2.312   0.542693665005   0.521185796267
2.408   0.54269362152   0.521186540438
2.504   0.542693598672   0.521186976084
2.6   0.542693586667   0.521187231121
2.696   0.542693580359   0.521187380426
2.792   0.542693577044   0.521187467835
2.888   0.542693575303   0.521187519006
2.984   0.542693574388   0.521187548964
3.08   0.542693573907   0.521187566503
3.176   0.542693573654   0.52118757677
3.272   0.542693573522   0.521187582781
3.368   0.542693573452   0.521187586301
3.464   0.542693573415   0.521187588361
3.56   0.542693573396   0.521187589567
3.656   0.542693573386   0.521187590273
3.752   0.542693573381   0.521187590686
3.848   0.542693573378   0.521187590928
3.944   0.542693573376   0.52118759107
4.04   0.542693573376   0.521187591153
4.136   0.542693573375   0.521187591202
4.232   0.542693573375   0.52118759123
4.328   0.542693573375   0.521187591247
4.424   0.542693573375   0.521187591256
4.52   0.542693573375   0.521187591262
4.616   0.542693573375   0.521187591266
4.712   0.542693573375   0.521187591267
4.808   0.542693573375   0.521187591269
4.904   0.542693573375   0.521187591269
5.0   0.542693573375   0.52118759127
5.096   0.542693573375   0.52118759127
5.192   0.542693573375   0.52118759127
5.288   0.542693573375   0.52118759127
5.384   0.542693573375   0.52118759127
5.48   0.542693573375   0.52118759127
5.576   0.542693573375   0.52118759127
5.672   0.542693573375   0.52118759127
5.768   0.542693573375   0.52118759127
5.864   0.542693573375   0.52118759127
5.96   0.542693573375   0.52118759127
6.056   0.542693573375   0.52118759127
6.152   0.542693573375   0.52118759127
6.248   0.542693573375   0.52118759127
6.344   0.542693573375   0.52118759127
6.44   0.542693573375   0.52118759127
6.536   0.542693573375   0.52118759127
6.632   0.542693573375   0.52118759127
6.728   0.542693573375   0.52118759127
6.824   0.542693573375   0.52118759127
6.92   0.542693573375   0.52118759127
7.016   0.542693573375   0.52118759127
7.112   0.542693573375   0.52118759127
7.208   0.542693573375   0.52118759127
7.304   0.542693573375   0.52118759127
7.4   0.542693573375   0.52118759127
7.496   0.542693573375   0.52118759127
7.592   0.542693573375   0.52118759127
7.688   0.542693573375   0.52118759127
7.784   0.542693573375   0.52118759127
7.88   0.542693573375   0.52118759127
7.976   0.542693573375   0.52118759127
8.072   0.542693573375   0.52118759127
8.168   0.542693573375   0.52118759127
8.264   0.542693573375   0.52118759127
8.36   0.542693573375   0.52118759127
8.456   0.542693573375   0.52118759127
8.552   0.542693573375   0.52118759127
8.648   0.542693573375   0.52118759127
8.744   0.542693573375   0.52118759127
8.84   0.542693573375   0.52118759127
8.936   0.542693573375   0.52118759127
9.032   0.542693573375   0.52118759127
9.128   0.542693573375   0.52118759127
9.224   0.542693573375   0.52118759127
9.32   0.542693573375   0.52118759127
9.416   0.542693573375   0.52118759127
9.512   0.542693573375   0.52118759127
9.608   0.542693573375   0.52118759127
9.704   0.542693573375   0.52118759127
