0.2   0.56345663014   0.430581901993
0.296   0.559426005868   0.466640577861
0.392   0.555962869947   0.491334837252
0.488   0.553039764698   0.508268900772
0.584   0.550615526522   0.519625318909
0.68   0.548640167321   0.527043623633
0.776   0.547059119567   0.531821005193
0.872   0.545817393313   0.534899284781
0.968   0.544862714007   0.536898664898
1.064   0.544147461973   0.538205819384
1.16   0.543629160644   0.539058745277
1.256   0.543269616457   0.539607573938
1.352   0.543032963354   0.539950836489
1.448   0.5428860375   0.540157704399
1.544   0.542800337658   0.54027789517
1.64   0.542751182575   0.540345475916
1.736   0.542724292535   0.540382731231
1.832   0.542709844883   0.540403006611
1.928   0.542702160293   0.540413953738
2.024   0.542698095783   0.540419836848
2.12   0.542695952565   0.540422990215
2.216   0.542694824309   0.54042467801
2.312   0.542694230888   0.540425580684
2.408   0.542693918918   0.540426063259
2.504   0.542693754952   0.540426321191
2.6   0.542693668786   0.540426459038
2.696   0.542693623508   0.540426532703
2.792   0.542693599717   0.540426572069
2.888   0.542693587216   0.540426593105
2.984   0.542693580647   0.540426604346
3.08   0.542693577196   0.540426610352
3.176   0.542693575382   0.540426613562
3.272   0.54269357443   0.540426615278
3.368   0.542693573929   0.540426616194
3.464   0.542693573666   0.540426616684
3.56   0.542693573528   0.540426616946
3.656   0.542693573455   0.540426617085
3.752   0.542693573417   0.54042661716
3.848   0.542693573397   0.5404266172
3.944   0.542693573386   0.540426617221
4.04   0.542693573381   0.540426617233
4.136   0.542693573378   0.540426617239
4.232   0.542693573376   0.540426617242
4.328   0.542693573376   0.540426617244
4.424   0.542693573375   0.540426617245
4.52   0.542693573375   0.540426617245
4.616   0.542693573375   0.540426617246
4.712   0.542693573375   0.540426617246
4.808   0.542693573375   0.540426617246
4.904   0.542693573375   0.540426617246
5.0   0.542693573375   0.540426617246
5.096   0.542693573375   0.540426617246
5.192   0.542693573375   0.540426617246
5.288   0.542693573375   0.540426617246
5.384   0.542693573375   0.540426617246
5.48   0.542693573375   0.540426617246
5.576   0.542693573375   0.540426617246
5.672   0.542693573375   0.540426617246
5.768   0.542693573375   0.540426617246
5.864   0.542693573375   0.540426617246
5.96   0.542693573375   0.540426617246
6.056   0.542693573375   0.540426617246
6.152   0.542693573375   0.540426617246
6.248   0.542693573375   0.540426617246
6.344   0.542693573375   0.540426617246
6.44   0.542693573375   0.540426617246
6.536   0.542693573375   0.540426617246
6.632   0.542693573375   0.540426617246
6.728   0.542693573375   0.540426617246
6.824   0.542693573375   0.540426617246
6.92   0.542693573375   0.540426617246
7.016   0.542693573375   0.540426617246
7.112   0.542693573375   0.540426617246
7.208   0.542693573375   0.540426617246
7.304   0.542693573375   0.540426617246
7.4   0.542693573375   0.540426617246
7.496   0.542693573375   0.540426617246
7.592   0.542693573375   0.540426617246
7.688   0.542693573375   0.540426617246
7.784   0.542693573375   0.540426617246
7.88   0.542693573375   0.540426617246
7.976   0.542693573375   0.540426617246
8.072   0.542693573375   0.540426617246
8.168   0.542693573375   0.540426617246
8.264   0.542693573375   0.540426617246
8.36   0.542693573375   0.540426617246
8.456   0.542693573375   0.540426617246
8.552   0.542693573375   0.540426617246
8.648   0.542693573375   0.540426617246
8.744   0.542693573375   0.540426617246
8.84   0.542693573375   0.540426617246
8.936   0.542693573375   0.540426617246
9.032   0.542693573375   0.540426617246
9.128   0.542693573375   0.540426617246
9.224   0.542693573375   0.540426617246
9.32   0.542693573375   0.540426617246
9.416   0.542693573375   0.540426617246
9.512   0.542693573375   0.540426617246
9.608   0.542693573375   0.540426617246
9.704   0.542693573375   0.540426617246
