0.2   0.564445715765   0.419030766691
0.296   0.560817347701   0.464061072687
0.392   0.557710469441   0.493126963495
0.488   0.555105761325   0.512083695295
0.584   0.552971048218   0.524131101049
0.68   0.551265718516   0.531549704972
0.776   0.549944300167   0.536048752438
0.872   0.548959079605   0.538774802509
0.968   0.548260297924   0.540424618591
1.064   0.547794642369   0.541410596783
1.16   0.54750511098   0.541985338175
1.256   0.547336742216   0.542309911707
1.352   0.547244256445   0.542488710714
1.448   0.547194760913   0.542584976907
1.544   0.547169088195   0.542636247495
1.64   0.547155938005   0.54266338133
1.736   0.547149247773   0.542677690994
1.832   0.547145856399   0.542685223561
1.928   0.547144140542   0.542689184947
2.024   0.547143273273   0.542691267271
2.12   0.547142835145   0.542692361608
2.216   0.54714261387   0.542692936659
2.312   0.547142502132   0.542693238821
2.408   0.547142445711   0.542693397589
2.504   0.547142417223   0.542693481012
2.6   0.547142402839   0.542693524844
2.696   0.547142395577   0.542693547875
2.792   0.54714239191   0.542693559977
2.888   0.547142390058   0.542693566335
2.984   0.547142389123   0.542693569676
3.08   0.547142388652   0.542693571431
3.176   0.547142388413   0.542693572353
3.272   0.547142388293   0.542693572838
3.368   0.547142388232   0.542693573093
3.464   0.547142388201   0.542693573227
3.56   0.547142388186   0.542693573297
3.656   0.547142388178   0.542693573334
3.752   0.547142388174   0.542693573353
3.848   0.547142388172   0.542693573363
3.944   0.547142388171   0.542693573369
4.04   0.547142388171   0.542693573372
4.136   0.54714238817   0.542693573373
4.232   0.54714238817   0.542693573374
4.328   0.54714238817   0.542693573374
4.424   0.54714238817   0.542693573374
4.52   0.54714238817   0.542693573375
4.616   0.54714238817   0.542693573375
4.712   0.54714238817   0.542693573375
4.808   0.54714238817   0.542693573375
4.904   0.54714238817   0.542693573375
5.0   0.54714238817   0.542693573375
5.096   0.54714238817   0.542693573375
5.192   0.54714238817   0.542693573375
5.288   0.54714238817   0.542693573375
5.384   0.54714238817   0.542693573375
5.48   0.54714238817   0.542693573375
5.576   0.54714238817   0.542693573375
5.672   0.54714238817   0.542693573375
5.768   0.54714238817   0.542693573375
5.864   0.54714238817   0.542693573375
5.96   0.54714238817   0.542693573375
6.056   0.54714238817   0.542693573375
6.152   0.54714238817   0.542693573375
6.248   0.54714238817   0.542693573375
6.344   0.54714238817   0.542693573375
6.44   0.54714238817   0.542693573375
6.536   0.54714238817   0.542693573375
6.632   0.54714238817   0.542693573375
6.728   0.54714238817   0.542693573375
6.824   0.54714238817   0.542693573375
6.92   0.54714238817   0.542693573375
7.016   0.54714238817   0.542693573375
7.112   0.54714238817   0.542693573375
7.208   0.54714238817   0.542693573375
7.304   0.54714238817   0.542693573375
7.4   0.54714238817   0.542693573375
7.496   0.54714238817   0.542693573375
7.592   0.54714238817   0.542693573375
7.688   0.54714238817   0.542693573375
7.784   0.54714238817   0.542693573375
7.88   0.54714238817   0.542693573375
7.976   0.54714238817   0.542693573375
8.072   0.54714238817   0.542693573375
8.168   0.54714238817   0.542693573375
8.264   0.54714238817   0.542693573375
8.36   0.54714238817   0.542693573375
8.456   0.54714238817   0.542693573375
8.552   0.54714238817   0.542693573375
8.648   0.54714238817   0.542693573375
8.744   0.54714238817   0.542693573375
8.84   0.54714238817   0.542693573375
8.936   0.54714238817   0.542693573375
9.032   0.54714238817   0.542693573375
9.128   0.54714238817   0.542693573375
9.224   0.54714238817   0.542693573375
9.32   0.54714238817   0.542693573375
9.416   0.54714238817   0.542693573375
9.512   0.54714238817   0.542693573375
9.608   0.54714238817   0.542693573375
9.704   0.54714238817   0.542693573375
