0.2   0.571847102905   0.480953701578
0.296   0.57179464232   0.516374971852
0.392   0.571788053183   0.530394226253
0.488   0.571787479855   0.536922791393
0.584   0.571787430041   0.539898244192
0.68   0.571787425667   0.541299132771
0.776   0.571787425282   0.541983711179
0.872   0.571787425248   0.542327580334
0.968   0.571787425245   0.542503400924
1.064   0.571787425245   0.542594298996
1.16   0.571787425245   0.542641607774
1.256   0.571787425245   0.542666328164
1.352   0.571787425245   0.542679275624
1.448   0.571787425245   0.542686066183
1.544   0.571787425245   0.542689630436
1.64   0.571787425245   0.542691502098
1.736   0.571787425245   0.5426924852
1.832   0.571787425245   0.542693001655
1.928   0.571787425245   0.542693272987
2.024   0.571787425245   0.542693415545
2.12   0.571787425245   0.542693490447
2.216   0.571787425245   0.542693529802
2.312   0.571787425245   0.542693550481
2.408   0.571787425245   0.542693561345
2.504   0.571787425245   0.542693567054
2.6   0.571787425245   0.542693570054
2.696   0.571787425245   0.54269357163
2.792   0.571787425245   0.542693572458
2.888   0.571787425245   0.542693572893
2.984   0.571787425245   0.542693573122
3.08   0.571787425245   0.542693573242
3.176   0.571787425245   0.542693573305
3.272   0.571787425245   0.542693573338
3.368   0.571787425245   0.542693573355
3.464   0.571787425245   0.542693573365
3.56   0.571787425245   0.542693573369
3.656   0.571787425245   0.542693573372
3.752   0.571787425245   0.542693573373
3.848   0.571787425245   0.542693573374
3.944   0.571787425245   0.542693573374
4.04   0.571787425245   0.542693573374
4.136   0.571787425245   0.542693573375
4.232   0.571787425245   0.542693573375
4.328   0.571787425245   0.542693573375
4.424   0.571787425245   0.542693573375
4.52   0.571787425245   0.542693573375
4.616   0.571787425245   0.542693573375
4.712   0.571787425245   0.542693573375
4.808   0.571787425245   0.542693573375
4.904   0.571787425245   0.542693573375
5.0   0.571787425245   0.542693573375
5.096   0.571787425245   0.542693573375
5.192   0.571787425245   0.542693573375
5.288   0.571787425245   0.542693573375
5.384   0.571787425245   0.542693573375
5.48   0.571787425245   0.542693573375
5.576   0.571787425245   0.542693573375
5.672   0.571787425245   0.542693573375
5.768   0.571787425245   0.542693573375
5.864   0.571787425245   0.542693573375
5.96   0.571787425245   0.542693573375
6.056   0.571787425245   0.542693573375
6.152   0.571787425245   0.542693573375
6.248   0.571787425245   0.542693573375
6.344   0.571787425245   0.542693573375
6.44   0.571787425245   0.542693573375
6.536   0.571787425245   0.542693573375
6.632   0.571787425245   0.542693573375
6.728   0.571787425245   0.542693573375
6.824   0.571787425245   0.542693573375
6.92   0.571787425245   0.542693573375
7.016   0.571787425245   0.542693573375
7.112   0.571787425245   0.542693573375
7.208   0.571787425245   0.542693573375
7.304   0.571787425245   0.542693573375
7.4   0.571787425245   0.542693573375
7.496   0.571787425245   0.542693573375
7.592   0.571787425245   0.542693573375
7.688   0.571787425245   0.542693573375
7.784   0.571787425245   0.542693573375
7.88   0.571787425245   0.542693573375
7.976   0.571787425245   0.542693573375
8.072   0.571787425245   0.542693573375
8.168   0.571787425245   0.542693573375
8.264   0.571787425245   0.542693573375
8.36   0.571787425245   0.542693573375
8.456   0.571787425245   0.542693573375
8.552   0.571787425245   0.542693573375
8.648   0.571787425245   0.542693573375
8.744   0.571787425245   0.542693573375
8.84   0.571787425245   0.542693573375
8.936   0.571787425245   0.542693573375
9.032   0.571787425245   0.542693573375
9.128   0.571787425245   0.542693573375
9.224   0.571787425245   0.542693573375
9.32   0.571787425245   0.542693573375
9.416   0.571787425245   0.542693573375
9.512   0.571787425245   0.542693573375
9.608   0.571787425245   0.542693573375
9.704   0.571787425245   0.542693573375
