0.2   0.56658627008   0.453655919905
0.296   0.564163962484   0.490258674051
0.392   0.562383066476   0.513279287415
0.488   0.561202035693   0.527091318684
0.584   0.560512188371   0.534711992819
0.68   0.560157462545   0.538651667925
0.776   0.559993139828   0.540637650657
0.872   0.559921300026   0.541638931908
0.968   0.559891207796   0.542148329522
1.064   0.559878809352   0.542410070807
1.16   0.559873740556   0.542545576277
1.256   0.559871675625   0.542616116763
1.352   0.559870835736   0.542652970799
1.448   0.559870494357   0.542672269028
1.544   0.559870355644   0.542682388434
1.64   0.559870299287   0.542687699198
1.736   0.559870276392   0.542690487725
1.832   0.559870267091   0.542691952326
1.928   0.559870263312   0.5426927217
2.024   0.559870261777   0.5426931259
2.12   0.559870261154   0.542693338265
2.216   0.5598702609   0.542693449843
2.312   0.559870260797   0.542693508468
2.408   0.559870260756   0.542693539271
2.504   0.559870260739   0.542693555455
2.6   0.559870260732   0.542693563959
2.696   0.559870260729   0.542693568428
2.792   0.559870260728   0.542693570775
2.888   0.559870260727   0.542693572009
2.984   0.559870260727   0.542693572657
3.08   0.559870260727   0.542693572998
3.176   0.559870260727   0.542693573177
3.272   0.559870260727   0.542693573271
3.368   0.559870260727   0.54269357332
3.464   0.559870260727   0.542693573346
3.56   0.559870260727   0.54269357336
3.656   0.559870260727   0.542693573367
3.752   0.559870260727   0.54269357337
3.848   0.559870260727   0.542693573372
3.944   0.559870260727   0.542693573374
4.04   0.559870260727   0.542693573374
4.136   0.559870260727   0.542693573374
4.232   0.559870260727   0.542693573374
4.328   0.559870260727   0.542693573375
4.424   0.559870260727   0.542693573375
4.52   0.559870260727   0.542693573375
4.616   0.559870260727   0.542693573375
4.712   0.559870260727   0.542693573375
4.808   0.559870260727   0.542693573375
4.904   0.559870260727   0.542693573375
5.0   0.559870260727   0.542693573375
5.096   0.559870260727   0.542693573375
5.192   0.559870260727   0.542693573375
5.288   0.559870260727   0.542693573375
5.384   0.559870260727   0.542693573375
5.48   0.559870260727   0.542693573375
5.576   0.559870260727   0.542693573375
5.672   0.559870260727   0.542693573375
5.768   0.559870260727   0.542693573375
5.864   0.559870260727   0.542693573375
5.96   0.559870260727   0.542693573375
6.056   0.559870260727   0.542693573375
6.152   0.559870260727   0.542693573375
6.248   0.559870260727   0.542693573375
6.344   0.559870260727   0.542693573375
6.44   0.559870260727   0.542693573375
6.536   0.559870260727   0.542693573375
6.632   0.559870260727   0.542693573375
6.728   0.559870260727   0.542693573375
6.824   0.559870260727   0.542693573375
6.92   0.559870260727   0.542693573375
7.016   0.559870260727   0.542693573375
7.112   0.559870260727   0.542693573375
7.208   0.559870260727   0.542693573375
7.304   0.559870260727   0.542693573375
7.4   0.559870260727   0.542693573375
7.496   0.559870260727   0.542693573375
7.592   0.559870260727   0.542693573375
7.688   0.559870260727   0.542693573375
7.784   0.559870260727   0.542693573375
7.88   0.559870260727   0.542693573375
7.976   0.559870260727   0.542693573375
8.072   0.559870260727   0.542693573375
8.168   0.559870260727   0.542693573375
8.264   0.559870260727   0.542693573375
8.36   0.559870260727   0.542693573375
8.456   0.559870260727   0.542693573375
8.552   0.559870260727   0.542693573375
8.648   0.559870260727   0.542693573375
8.744   0.559870260727   0.542693573375
8.84   0.559870260727   0.542693573375
8.936   0.559870260727   0.542693573375
9.032   0.559870260727   0.542693573375
9.128   0.559870260727   0.542693573375
9.224   0.559870260727   0.542693573375
9.32   0.559870260727   0.542693573375
9.416   0.559870260727   0.542693573375
9.512   0.559870260727   0.542693573375
9.608   0.559870260727   0.542693573375
9.704   0.559870260727   0.542693573375
