0.2   0.563772509667   0.427218540202
0.296   0.559863864566   0.465908440139
0.392   0.556502698254   0.491941576133
0.488   0.553662928642   0.509534573381
0.584   0.55130449738   0.521158684161
0.68   0.549378024952   0.528638536618
0.776   0.547828889891   0.533395459692
0.872   0.54660131442   0.536438984421
0.968   0.545641580368   0.538418503991
1.064   0.544900343413   0.539731063058
1.16   0.544334033517   0.54061723014
1.256   0.543905450556   0.541224571162
1.352   0.5435837329   0.541646390143
1.448   0.543343898123   0.54194206335
1.544   0.543166524942   0.542150479452
1.64   0.543035434298   0.54230015606
1.736   0.542939156408   0.54240425093
1.832   0.542868708311   0.542481059445
1.928   0.542817341484   0.542535288859
2.024   0.542787325131   0.542576904862
2.12   0.542761881066   0.542753895776
2.216   0.542742780789   0.542740105638
2.312   0.542728844678   0.542727797261
2.408   0.542718771914   0.542718304936
2.504   0.542711523673   0.542711292076
2.6   0.542706323923   0.542706198894
2.696   0.542702604286   0.542702532203
2.792   0.542699951272   0.542699907595
2.888   0.542698064899   0.542698037437
2.984   0.542696727931   0.54269671019
3.08   0.542695783388   0.542695771701
3.176   0.542695118151   0.542695110343
3.272   0.542694650984   0.542694645715
3.368   0.542694323779   0.542694320199
3.464   0.542694095142   0.542694092698
3.56   0.542693935708   0.542693934033
3.656   0.542693824726   0.542693823575
3.752   0.542693747586   0.542693746794
3.848   0.542693694034   0.542693693489
3.944   0.542693656896   0.54269365652
4.04   0.542693631162   0.542693630903
4.136   0.542693613342   0.542693613163
4.232   0.54269360101   0.542693600886
4.328   0.542693592478   0.542693592393
4.424   0.542693586578   0.542693586519
4.52   0.542693582499   0.542693582458
4.616   0.542693579679   0.542693579651
4.712   0.54269357773   0.542693577711
4.808   0.542693576384   0.54269357637
4.904   0.542693575453   0.542693575444
5.0   0.542693574811   0.542693574804
5.096   0.542693574367   0.542693574362
5.192   0.54269357406   0.542693574057
5.288   0.542693573848   0.542693573846
5.384   0.542693573702   0.5426935737
5.48   0.5426935736   0.542693573599
5.576   0.542693573531   0.54269357353
5.672   0.542693573482   0.542693573482
5.768   0.542693573449   0.542693573449
5.864   0.542693573426   0.542693573426
5.96   0.54269357341   0.54269357341
6.056   0.542693573399   0.542693573399
6.152   0.542693573392   0.542693573392
6.248   0.542693573386   0.542693573386
6.344   0.542693573383   0.542693573383
6.44   0.54269357338   0.54269357338
6.536   0.542693573379   0.542693573378
6.632   0.542693573377   0.542693573377
6.728   0.542693573376   0.542693573376
6.824   0.542693573376   0.542693573376
6.92   0.542693573376   0.542693573376
7.016   0.542693573375   0.542693573375
7.112   0.542693573375   0.542693573375
7.208   0.542693573375   0.542693573375
7.304   0.542693573375   0.542693573375
7.4   0.542693573375   0.542693573375
7.496   0.542693573375   0.542693573375
7.592   0.542693573375   0.542693573375
7.688   0.542693573375   0.542693573375
7.784   0.542693573375   0.542693573375
7.88   0.542693573375   0.542693573375
7.976   0.542693573375   0.542693573375
8.072   0.542693573375   0.542693573375
8.168   0.542693573375   0.542693573375
8.264   0.542693573375   0.542693573375
8.36   0.542693573375   0.542693573375
8.456   0.542693573375   0.542693573375
8.552   0.542693573375   0.542693573375
8.648   0.542693573375   0.542693573375
8.744   0.542693573375   0.542693573375
8.84   0.542693573375   0.542693573375
8.936   0.542693573375   0.542693573375
9.032   0.542693573375   0.542693573375
9.128   0.542693573375   0.542693573375
9.224   0.542693573375   0.542693573375
9.32   0.542693573375   0.542693573375
9.416   0.542693573375   0.542693573375
9.512   0.542693573375   0.542693573375
9.608   0.542693573375   0.542693573375
9.704   0.542693573375   0.542693573375
