0.2   0.568788334963   0.468157494492
0.296   0.567639010056   0.502431589
0.392   0.567083563441   0.522312848337
0.488   0.566869901912   0.532815696744
0.584   0.566799989337   0.537907194436
0.68   0.566778625077   0.540326473574
0.776   0.566772378141   0.541498605091
0.872   0.566770569058   0.54208121756
0.968   0.566770046901   0.542376676652
1.064   0.56676989636   0.542528570944
1.16   0.566769852973   0.542607337621
1.256   0.566769840471   0.542648403478
1.352   0.566769836868   0.542669882456
1.448   0.56676983583   0.542681138305
1.544   0.566769835531   0.54268704346
1.64   0.566769835445   0.542690143505
1.736   0.56676983542   0.542691771556
1.832   0.566769835413   0.542692626745
1.928   0.566769835411   0.542693076016
2.024   0.56676983541   0.542693312056
2.12   0.56676983541   0.542693436072
2.216   0.56676983541   0.542693501233
2.312   0.56676983541   0.542693535469
2.408   0.56676983541   0.542693553458
2.504   0.56676983541   0.54269356291
2.6   0.56676983541   0.542693567876
2.696   0.56676983541   0.542693570486
2.792   0.56676983541   0.542693571857
2.888   0.56676983541   0.542693572577
2.984   0.56676983541   0.542693572956
3.08   0.56676983541   0.542693573154
3.176   0.56676983541   0.542693573259
3.272   0.56676983541   0.542693573314
3.368   0.56676983541   0.542693573343
3.464   0.56676983541   0.542693573358
3.56   0.56676983541   0.542693573366
3.656   0.56676983541   0.54269357337
3.752   0.56676983541   0.542693573372
3.848   0.56676983541   0.542693573373
3.944   0.56676983541   0.542693573374
4.04   0.56676983541   0.542693573374
4.136   0.56676983541   0.542693573374
4.232   0.56676983541   0.542693573375
4.328   0.56676983541   0.542693573375
4.424   0.56676983541   0.542693573375
4.52   0.56676983541   0.542693573375
4.616   0.56676983541   0.542693573375
4.712   0.56676983541   0.542693573375
4.808   0.56676983541   0.542693573375
4.904   0.56676983541   0.542693573375
5.0   0.56676983541   0.542693573375
5.096   0.56676983541   0.542693573375
5.192   0.56676983541   0.542693573375
5.288   0.56676983541   0.542693573375
5.384   0.56676983541   0.542693573375
5.48   0.56676983541   0.542693573375
5.576   0.56676983541   0.542693573375
5.672   0.56676983541   0.542693573375
5.768   0.56676983541   0.542693573375
5.864   0.56676983541   0.542693573375
5.96   0.56676983541   0.542693573375
6.056   0.56676983541   0.542693573375
6.152   0.56676983541   0.542693573375
6.248   0.56676983541   0.542693573375
6.344   0.56676983541   0.542693573375
6.44   0.56676983541   0.542693573375
6.536   0.56676983541   0.542693573375
6.632   0.56676983541   0.542693573375
6.728   0.56676983541   0.542693573375
6.824   0.56676983541   0.542693573375
6.92   0.56676983541   0.542693573375
7.016   0.56676983541   0.542693573375
7.112   0.56676983541   0.542693573375
7.208   0.56676983541   0.542693573375
7.304   0.56676983541   0.542693573375
7.4   0.56676983541   0.542693573375
7.496   0.56676983541   0.542693573375
7.592   0.56676983541   0.542693573375
7.688   0.56676983541   0.542693573375
7.784   0.56676983541   0.542693573375
7.88   0.56676983541   0.542693573375
7.976   0.56676983541   0.542693573375
8.072   0.56676983541   0.542693573375
8.168   0.56676983541   0.542693573375
8.264   0.56676983541   0.542693573375
8.36   0.56676983541   0.542693573375
8.456   0.56676983541   0.542693573375
8.552   0.56676983541   0.542693573375
8.648   0.56676983541   0.542693573375
8.744   0.56676983541   0.542693573375
8.84   0.56676983541   0.542693573375
8.936   0.56676983541   0.542693573375
9.032   0.56676983541   0.542693573375
9.128   0.56676983541   0.542693573375
9.224   0.56676983541   0.542693573375
9.32   0.56676983541   0.542693573375
9.416   0.56676983541   0.542693573375
9.512   0.56676983541   0.542693573375
9.608   0.56676983541   0.542693573375
9.704   0.56676983541   0.542693573375
