0.2   0.562995116284   0.424777313135
0.296   0.55877359488   0.461027028655
0.392   0.555150252019   0.486004052979
0.488   0.552103451948   0.50327772459
0.584   0.549598316908   0.514991916276
0.68   0.547591295809   0.522724485649
0.776   0.546033324473   0.527719009757
0.872   0.544871344471   0.53089750005
0.968   0.544047407385   0.532891024424
1.064   0.543496775844   0.534116137064
1.16   0.543151310913   0.534849732061
1.256   0.542946585167   0.535277354379
1.352   0.54283078417   0.53552115178
1.448   0.542766874995   0.535658071577
1.544   0.542732446253   0.535734206057
1.64   0.542714102573   0.535776327007
1.736   0.542704390021   0.535799564872
1.832   0.542699265336   0.535812365944
1.928   0.542696566541   0.53581941228
2.024   0.542695146767   0.535823289442
2.12   0.542694400279   0.535825422406
2.216   0.542694007911   0.535826595721
2.312   0.542693801709   0.53582724112
2.408   0.542693693353   0.535827596124
2.504   0.542693636416   0.535827791395
2.6   0.542693606499   0.535827898803
2.696   0.542693590779   0.535827957883
2.792   0.54269358252   0.535827990379
2.888   0.54269357818   0.535828008254
2.984   0.542693575899   0.535828018086
3.08   0.542693574701   0.535828023494
3.176   0.542693574072   0.535828026469
3.272   0.542693573741   0.535828028105
3.368   0.542693573567   0.535828029005
3.464   0.542693573476   0.5358280295
3.56   0.542693573428   0.535828029773
3.656   0.542693573403   0.535828029922
3.752   0.542693573389   0.535828030005
3.848   0.542693573382   0.53582803005
3.944   0.542693573379   0.535828030075
4.04   0.542693573377   0.535828030089
4.136   0.542693573376   0.535828030096
4.232   0.542693573375   0.5358280301
4.328   0.542693573375   0.535828030103
4.424   0.542693573375   0.535828030104
4.52   0.542693573375   0.535828030105
4.616   0.542693573375   0.535828030105
4.712   0.542693573375   0.535828030105
4.808   0.542693573375   0.535828030105
4.904   0.542693573375   0.535828030105
5.0   0.542693573375   0.535828030105
5.096   0.542693573375   0.535828030105
5.192   0.542693573375   0.535828030105
5.288   0.542693573375   0.535828030105
5.384   0.542693573375   0.535828030105
5.48   0.542693573375   0.535828030105
5.576   0.542693573375   0.535828030105
5.672   0.542693573375   0.535828030105
5.768   0.542693573375   0.535828030105
5.864   0.542693573375   0.535828030105
5.96   0.542693573375   0.535828030105
6.056   0.542693573375   0.535828030105
6.152   0.542693573375   0.535828030105
6.248   0.542693573375   0.535828030105
6.344   0.542693573375   0.535828030105
6.44   0.542693573375   0.535828030105
6.536   0.542693573375   0.535828030105
6.632   0.542693573375   0.535828030105
6.728   0.542693573375   0.535828030105
6.824   0.542693573375   0.535828030105
6.92   0.542693573375   0.535828030105
7.016   0.542693573375   0.535828030105
7.112   0.542693573375   0.535828030105
7.208   0.542693573375   0.535828030105
7.304   0.542693573375   0.535828030105
7.4   0.542693573375   0.535828030105
7.496   0.542693573375   0.535828030105
7.592   0.542693573375   0.535828030105
7.688   0.542693573375   0.535828030105
7.784   0.542693573375   0.535828030105
7.88   0.542693573375   0.535828030105
7.976   0.542693573375   0.535828030105
8.072   0.542693573375   0.535828030105
8.168   0.542693573375   0.535828030105
8.264   0.542693573375   0.535828030105
8.36   0.542693573375   0.535828030105
8.456   0.542693573375   0.535828030105
8.552   0.542693573375   0.535828030105
8.648   0.542693573375   0.535828030105
8.744   0.542693573375   0.535828030105
8.84   0.542693573375   0.535828030105
8.936   0.542693573375   0.535828030105
9.032   0.542693573375   0.535828030105
9.128   0.542693573375   0.535828030105
9.224   0.542693573375   0.535828030105
9.32   0.542693573375   0.535828030105
9.416   0.542693573375   0.535828030105
9.512   0.542693573375   0.535828030105
9.608   0.542693573375   0.535828030105
9.704   0.542693573375   0.535828030105
