0.2   0.565523158188   0.451377938007
0.296   0.562516542281   0.486081136819
0.392   0.560099503433   0.508878568509
0.488   0.558256939333   0.523434148949
0.584   0.556949685698   0.532163464285
0.68   0.556102828655   0.537084927641
0.776   0.555606773159   0.539747535929
0.872   0.555341784473   0.541155277409
0.968   0.555209931079   0.541891321211
1.064   0.555146818199   0.542274725958
1.16   0.555117488641   0.542474574112
1.256   0.55510402801   0.542578884847
1.352   0.555097889239   0.542633441488
1.448   0.555095098352   0.542662020639
1.544   0.555093831447   0.542677008213
1.64   0.555093256765   0.542684873823
1.736   0.555092996174   0.542689003697
1.832   0.555092878028   0.542691172736
1.928   0.555092824468   0.542692312131
2.024   0.555092800188   0.542692910716
2.12   0.555092789182   0.542693225205
2.216   0.555092784192   0.542693390439
2.312   0.555092781931   0.542693477256
2.408   0.555092780905   0.542693522871
2.504   0.555092780441   0.542693546839
2.6   0.55509278023   0.542693559432
2.696   0.555092780134   0.542693566049
2.792   0.555092780091   0.542693569525
2.888   0.555092780071   0.542693571352
2.984   0.555092780063   0.542693572312
3.08   0.555092780059   0.542693572816
3.176   0.555092780057   0.542693573081
3.272   0.555092780056   0.542693573221
3.368   0.555092780055   0.542693573294
3.464   0.555092780055   0.542693573332
3.56   0.555092780055   0.542693573352
3.656   0.555092780055   0.542693573363
3.752   0.555092780055   0.542693573368
3.848   0.555092780055   0.542693573371
3.944   0.555092780055   0.542693573373
4.04   0.555092780055   0.542693573374
4.136   0.555092780055   0.542693573374
4.232   0.555092780055   0.542693573374
4.328   0.555092780055   0.542693573375
4.424   0.555092780055   0.542693573375
4.52   0.555092780055   0.542693573375
4.616   0.555092780055   0.542693573375
4.712   0.555092780055   0.542693573375
4.808   0.555092780055   0.542693573375
4.904   0.555092780055   0.542693573375
5.0   0.555092780055   0.542693573375
5.096   0.555092780055   0.542693573375
5.192   0.555092780055   0.542693573375
5.288   0.555092780055   0.542693573375
5.384   0.555092780055   0.542693573375
5.48   0.555092780055   0.542693573375
5.576   0.555092780055   0.542693573375
5.672   0.555092780055   0.542693573375
5.768   0.555092780055   0.542693573375
5.864   0.555092780055   0.542693573375
5.96   0.555092780055   0.542693573375
6.056   0.555092780055   0.542693573375
6.152   0.555092780055   0.542693573375
6.248   0.555092780055   0.542693573375
6.344   0.555092780055   0.542693573375
6.44   0.555092780055   0.542693573375
6.536   0.555092780055   0.542693573375
6.632   0.555092780055   0.542693573375
6.728   0.555092780055   0.542693573375
6.824   0.555092780055   0.542693573375
6.92   0.555092780055   0.542693573375
7.016   0.555092780055   0.542693573375
7.112   0.555092780055   0.542693573375
7.208   0.555092780055   0.542693573375
7.304   0.555092780055   0.542693573375
7.4   0.555092780055   0.542693573375
7.496   0.555092780055   0.542693573375
7.592   0.555092780055   0.542693573375
7.688   0.555092780055   0.542693573375
7.784   0.555092780055   0.542693573375
7.88   0.555092780055   0.542693573375
7.976   0.555092780055   0.542693573375
8.072   0.555092780055   0.542693573375
8.168   0.555092780055   0.542693573375
8.264   0.555092780055   0.542693573375
8.36   0.555092780055   0.542693573375
8.456   0.555092780055   0.542693573375
8.552   0.555092780055   0.542693573375
8.648   0.555092780055   0.542693573375
8.744   0.555092780055   0.542693573375
8.84   0.555092780055   0.542693573375
8.936   0.555092780055   0.542693573375
9.032   0.555092780055   0.542693573375
9.128   0.555092780055   0.542693573375
9.224   0.555092780055   0.542693573375
9.32   0.555092780055   0.542693573375
9.416   0.555092780055   0.542693573375
9.512   0.555092780055   0.542693573375
9.608   0.555092780055   0.542693573375
9.704   0.555092780055   0.542693573375
