0.2   0.561172599447   0.365054571847
0.296   0.556328955406   0.411366208209
0.392   0.552329265332   0.44242526468
0.488   0.549180440153   0.463718044881
0.584   0.546841338629   0.478207404126
0.68   0.545215166946   0.487840345718
0.776   0.544159712385   0.494067190509
0.872   0.543516490663   0.497993734402
0.968   0.543143989498   0.500426366995
1.064   0.542936153015   0.501917669948
1.16   0.542822822543   0.502827069565
1.256   0.542762027841   0.503380697765
1.352   0.542729703302   0.503717547349
1.448   0.542712604848   0.503922602651
1.544   0.542703587047   0.504047514754
1.64   0.542698838924   0.504123656767
1.736   0.542696341232   0.504170095833
1.832   0.542695028031   0.504198431168
1.928   0.542694337793   0.504215725786
2.024   0.542693975052   0.504226284053
2.12   0.542693784436   0.504232730848
2.216   0.542693684275   0.504236667646
2.312   0.542693631646   0.504239071872
2.408   0.542693603992   0.504240540221
2.504   0.542693589462   0.504241437027
2.6   0.542693581827   0.50424198477
2.696   0.542693577816   0.504242319321
2.792   0.542693575708   0.50424252366
2.888   0.542693574601   0.504242648468
2.984   0.542693574019   0.5042427247
3.08   0.542693573713   0.504242771262
3.176   0.542693573553   0.504242799702
3.272   0.542693573468   0.504242817073
3.368   0.542693573424   0.504242827683
3.464   0.5426935734   0.504242834164
3.56   0.542693573388   0.504242838122
3.656   0.542693573382   0.50424284054
3.752   0.542693573378   0.504242842017
3.848   0.542693573377   0.504242842919
3.944   0.542693573376   0.50424284347
4.04   0.542693573375   0.504242843806
4.136   0.542693573375   0.504242844012
4.232   0.542693573375   0.504242844137
4.328   0.542693573375   0.504242844214
4.424   0.542693573375   0.504242844261
4.52   0.542693573375   0.504242844289
4.616   0.542693573375   0.504242844307
4.712   0.542693573375   0.504242844318
4.808   0.542693573375   0.504242844324
4.904   0.542693573375   0.504242844328
5.0   0.542693573375   0.50424284433
5.096   0.542693573375   0.504242844332
5.192   0.542693573375   0.504242844333
5.288   0.542693573375   0.504242844333
5.384   0.542693573375   0.504242844334
5.48   0.542693573375   0.504242844334
5.576   0.542693573375   0.504242844334
5.672   0.542693573375   0.504242844334
5.768   0.542693573375   0.504242844334
5.864   0.542693573375   0.504242844334
5.96   0.542693573375   0.504242844334
6.056   0.542693573375   0.504242844334
6.152   0.542693573375   0.504242844334
6.248   0.542693573375   0.504242844334
6.344   0.542693573375   0.504242844334
6.44   0.542693573375   0.504242844334
6.536   0.542693573375   0.504242844334
6.632   0.542693573375   0.504242844334
6.728   0.542693573375   0.504242844334
6.824   0.542693573375   0.504242844334
6.92   0.542693573375   0.504242844334
7.016   0.542693573375   0.504242844334
7.112   0.542693573375   0.504242844334
7.208   0.542693573375   0.504242844334
7.304   0.542693573375   0.504242844334
7.4   0.542693573375   0.504242844334
7.496   0.542693573375   0.504242844334
7.592   0.542693573375   0.504242844334
7.688   0.542693573375   0.504242844334
7.784   0.542693573375   0.504242844334
7.88   0.542693573375   0.504242844334
7.976   0.542693573375   0.504242844334
8.072   0.542693573375   0.504242844334
8.168   0.542693573375   0.504242844334
8.264   0.542693573375   0.504242844334
8.36   0.542693573375   0.504242844334
8.456   0.542693573375   0.504242844334
8.552   0.542693573375   0.504242844334
8.648   0.542693573375   0.504242844334
8.744   0.542693573375   0.504242844334
8.84   0.542693573375   0.504242844334
8.936   0.542693573375   0.504242844334
9.032   0.542693573375   0.504242844334
9.128   0.542693573375   0.504242844334
9.224   0.542693573375   0.504242844334
9.32   0.542693573375   0.504242844334
9.416   0.542693573375   0.504242844334
9.512   0.542693573375   0.504242844334
9.608   0.542693573375   0.504242844334
9.704   0.542693573375   0.504242844334
