0.2   0.566662324071   0.44358712891
0.296   0.564253217069   0.485281176824
0.392   0.562475513555   0.510869515177
0.488   0.561292536314   0.52598756338
0.584   0.560599720081   0.534221262128
0.68   0.560243022404   0.538429493019
0.776   0.560077839659   0.54053302409
0.872   0.560005719304   0.541587815989
0.968   0.559975571474   0.54212267077
1.064   0.559963178783   0.542396962155
1.16   0.559958124557   0.542538803037
1.256   0.559956070607   0.542612592854
1.352   0.559955237244   0.542651129855
1.448   0.559954899354   0.542671304952
1.544   0.559954762397   0.542681882844
1.64   0.559954706891   0.542687433834
1.736   0.559954684397   0.542690348381
1.832   0.559954675282   0.542691879136
1.928   0.559954671588   0.542692683251
2.024   0.559954670091   0.5426931057
2.12   0.559954669484   0.542693327652
2.216   0.559954669238   0.542693444266
2.312   0.559954669139   0.542693505538
2.408   0.559954669098   0.542693537731
2.504   0.559954669082   0.542693554647
2.6   0.559954669075   0.542693563534
2.696   0.559954669073   0.542693568204
2.792   0.559954669071   0.542693570658
2.888   0.559954669071   0.542693571947
2.984   0.559954669071   0.542693572625
3.08   0.559954669071   0.542693572981
3.176   0.559954669071   0.542693573168
3.272   0.559954669071   0.542693573266
3.368   0.559954669071   0.542693573317
3.464   0.559954669071   0.542693573345
3.56   0.559954669071   0.542693573359
3.656   0.559954669071   0.542693573366
3.752   0.559954669071   0.54269357337
3.848   0.559954669071   0.542693573372
3.944   0.559954669071   0.542693573373
4.04   0.559954669071   0.542693573374
4.136   0.559954669071   0.542693573374
4.232   0.559954669071   0.542693573374
4.328   0.559954669071   0.542693573375
4.424   0.559954669071   0.542693573375
4.52   0.559954669071   0.542693573375
4.616   0.559954669071   0.542693573375
4.712   0.559954669071   0.542693573375
4.808   0.559954669071   0.542693573375
4.904   0.559954669071   0.542693573375
5.0   0.559954669071   0.542693573375
5.096   0.559954669071   0.542693573375
5.192   0.559954669071   0.542693573375
5.288   0.559954669071   0.542693573375
5.384   0.559954669071   0.542693573375
5.48   0.559954669071   0.542693573375
5.576   0.559954669071   0.542693573375
5.672   0.559954669071   0.542693573375
5.768   0.559954669071   0.542693573375
5.864   0.559954669071   0.542693573375
5.96   0.559954669071   0.542693573375
6.056   0.559954669071   0.542693573375
6.152   0.559954669071   0.542693573375
6.248   0.559954669071   0.542693573375
6.344   0.559954669071   0.542693573375
6.44   0.559954669071   0.542693573375
6.536   0.559954669071   0.542693573375
6.632   0.559954669071   0.542693573375
6.728   0.559954669071   0.542693573375
6.824   0.559954669071   0.542693573375
6.92   0.559954669071   0.542693573375
7.016   0.559954669071   0.542693573375
7.112   0.559954669071   0.542693573375
7.208   0.559954669071   0.542693573375
7.304   0.559954669071   0.542693573375
7.4   0.559954669071   0.542693573375
7.496   0.559954669071   0.542693573375
7.592   0.559954669071   0.542693573375
7.688   0.559954669071   0.542693573375
7.784   0.559954669071   0.542693573375
7.88   0.559954669071   0.542693573375
7.976   0.559954669071   0.542693573375
8.072   0.559954669071   0.542693573375
8.168   0.559954669071   0.542693573375
8.264   0.559954669071   0.542693573375
8.36   0.559954669071   0.542693573375
8.456   0.559954669071   0.542693573375
8.552   0.559954669071   0.542693573375
8.648   0.559954669071   0.542693573375
8.744   0.559954669071   0.542693573375
8.84   0.559954669071   0.542693573375
8.936   0.559954669071   0.542693573375
9.032   0.559954669071   0.542693573375
9.128   0.559954669071   0.542693573375
9.224   0.559954669071   0.542693573375
9.32   0.559954669071   0.542693573375
9.416   0.559954669071   0.542693573375
9.512   0.559954669071   0.542693573375
9.608   0.559954669071   0.542693573375
9.704   0.559954669071   0.542693573375
