0.2   0.56659274814   0.452256178455
0.296   0.5641696109   0.489543557556
0.392   0.562386168586   0.512919889435
0.488   0.561201880892   0.526919225692
0.584   0.560509131374   0.534631967284
0.68   0.560152444517   0.538614117073
0.776   0.559987052552   0.540619544927
0.872   0.559914695087   0.541629962243
0.968   0.559884373082   0.542143791748
1.064   0.559871876075   0.542407742845
1.16   0.559866765686   0.542544370704
1.256   0.559864683338   0.542615488781
1.352   0.559863836184   0.542652642519
1.448   0.559863491781   0.542672097053
1.544   0.559863351809   0.542682298229
1.64   0.55986329493   0.542687651848
1.736   0.559863271817   0.54269046286
1.832   0.559863262426   0.542691939266
1.928   0.55986325861   0.542692714839
2.024   0.55986325706   0.542693122296
2.12   0.55986325643   0.542693336371
2.216   0.559863256174   0.542693448847
2.312   0.55986325607   0.542693507945
2.408   0.559863256027   0.542693538996
2.504   0.55986325601   0.542693555311
2.6   0.559863256003   0.542693563884
2.696   0.559863256   0.542693568388
2.792   0.559863255999   0.542693570754
2.888   0.559863255999   0.542693571998
2.984   0.559863255998   0.542693572651
3.08   0.559863255998   0.542693572995
3.176   0.559863255998   0.542693573175
3.272   0.559863255998   0.54269357327
3.368   0.559863255998   0.54269357332
3.464   0.559863255998   0.542693573346
3.56   0.559863255998   0.542693573359
3.656   0.559863255998   0.542693573367
3.752   0.559863255998   0.54269357337
3.848   0.559863255998   0.542693573372
3.944   0.559863255998   0.542693573373
4.04   0.559863255998   0.542693573374
4.136   0.559863255998   0.542693573374
4.232   0.559863255998   0.542693573374
4.328   0.559863255998   0.542693573375
4.424   0.559863255998   0.542693573375
4.52   0.559863255998   0.542693573375
4.616   0.559863255998   0.542693573375
4.712   0.559863255998   0.542693573375
4.808   0.559863255998   0.542693573375
4.904   0.559863255998   0.542693573375
5.0   0.559863255998   0.542693573375
5.096   0.559863255998   0.542693573375
5.192   0.559863255998   0.542693573375
5.288   0.559863255998   0.542693573375
5.384   0.559863255998   0.542693573375
5.48   0.559863255998   0.542693573375
5.576   0.559863255998   0.542693573375
5.672   0.559863255998   0.542693573375
5.768   0.559863255998   0.542693573375
5.864   0.559863255998   0.542693573375
5.96   0.559863255998   0.542693573375
6.056   0.559863255998   0.542693573375
6.152   0.559863255998   0.542693573375
6.248   0.559863255998   0.542693573375
6.344   0.559863255998   0.542693573375
6.44   0.559863255998   0.542693573375
6.536   0.559863255998   0.542693573375
6.632   0.559863255998   0.542693573375
6.728   0.559863255998   0.542693573375
6.824   0.559863255998   0.542693573375
6.92   0.559863255998   0.542693573375
7.016   0.559863255998   0.542693573375
7.112   0.559863255998   0.542693573375
7.208   0.559863255998   0.542693573375
7.304   0.559863255998   0.542693573375
7.4   0.559863255998   0.542693573375
7.496   0.559863255998   0.542693573375
7.592   0.559863255998   0.542693573375
7.688   0.559863255998   0.542693573375
7.784   0.559863255998   0.542693573375
7.88   0.559863255998   0.542693573375
7.976   0.559863255998   0.542693573375
8.072   0.559863255998   0.542693573375
8.168   0.559863255998   0.542693573375
8.264   0.559863255998   0.542693573375
8.36   0.559863255998   0.542693573375
8.456   0.559863255998   0.542693573375
8.552   0.559863255998   0.542693573375
8.648   0.559863255998   0.542693573375
8.744   0.559863255998   0.542693573375
8.84   0.559863255998   0.542693573375
8.936   0.559863255998   0.542693573375
9.032   0.559863255998   0.542693573375
9.128   0.559863255998   0.542693573375
9.224   0.559863255998   0.542693573375
9.32   0.559863255998   0.542693573375
9.416   0.559863255998   0.542693573375
9.512   0.559863255998   0.542693573375
9.608   0.559863255998   0.542693573375
9.704   0.559863255998   0.542693573375
