0.2   0.569787511151   0.477529008162
0.296   0.569140771284   0.508480166913
0.392   0.568919093474   0.525879740233
0.488   0.568859643332   0.534667198521
0.584   0.568845099059   0.53881167338
0.68   0.568841762774   0.540768316166
0.776   0.568841003277   0.541718520807
0.872   0.568840830748   0.542192665282
0.968   0.568840791579   0.542433912781
1.064   0.568840782689   0.542558225263
1.16   0.568840780671   0.542622788867
1.256   0.568840780213   0.54265648165
1.352   0.568840780109   0.5426741146
1.448   0.568840780085   0.542683358243
1.544   0.56884078008   0.542688208748
1.64   0.568840780079   0.542690755442
1.736   0.568840780078   0.542692092986
1.832   0.568840780078   0.542692795603
1.928   0.568840780078   0.542693164731
2.024   0.568840780078   0.542693358667
2.12   0.568840780078   0.542693460562
2.216   0.568840780078   0.5426935141
2.312   0.568840780078   0.54269354223
2.408   0.568840780078   0.54269355701
2.504   0.568840780078   0.542693564776
2.6   0.568840780078   0.542693568857
2.696   0.568840780078   0.542693571001
2.792   0.568840780078   0.542693572127
2.888   0.568840780078   0.542693572719
2.984   0.568840780078   0.54269357303
3.08   0.568840780078   0.542693573194
3.176   0.568840780078   0.54269357328
3.272   0.568840780078   0.542693573325
3.368   0.568840780078   0.542693573348
3.464   0.568840780078   0.542693573361
3.56   0.568840780078   0.542693573367
3.656   0.568840780078   0.542693573371
3.752   0.568840780078   0.542693573373
3.848   0.568840780078   0.542693573374
3.944   0.568840780078   0.542693573374
4.04   0.568840780078   0.542693573374
4.136   0.568840780078   0.542693573375
4.232   0.568840780078   0.542693573375
4.328   0.568840780078   0.542693573375
4.424   0.568840780078   0.542693573375
4.52   0.568840780078   0.542693573375
4.616   0.568840780078   0.542693573375
4.712   0.568840780078   0.542693573375
4.808   0.568840780078   0.542693573375
4.904   0.568840780078   0.542693573375
5.0   0.568840780078   0.542693573375
5.096   0.568840780078   0.542693573375
5.192   0.568840780078   0.542693573375
5.288   0.568840780078   0.542693573375
5.384   0.568840780078   0.542693573375
5.48   0.568840780078   0.542693573375
5.576   0.568840780078   0.542693573375
5.672   0.568840780078   0.542693573375
5.768   0.568840780078   0.542693573375
5.864   0.568840780078   0.542693573375
5.96   0.568840780078   0.542693573375
6.056   0.568840780078   0.542693573375
6.152   0.568840780078   0.542693573375
6.248   0.568840780078   0.542693573375
6.344   0.568840780078   0.542693573375
6.44   0.568840780078   0.542693573375
6.536   0.568840780078   0.542693573375
6.632   0.568840780078   0.542693573375
6.728   0.568840780078   0.542693573375
6.824   0.568840780078   0.542693573375
6.92   0.568840780078   0.542693573375
7.016   0.568840780078   0.542693573375
7.112   0.568840780078   0.542693573375
7.208   0.568840780078   0.542693573375
7.304   0.568840780078   0.542693573375
7.4   0.568840780078   0.542693573375
7.496   0.568840780078   0.542693573375
7.592   0.568840780078   0.542693573375
7.688   0.568840780078   0.542693573375
7.784   0.568840780078   0.542693573375
7.88   0.568840780078   0.542693573375
7.976   0.568840780078   0.542693573375
8.072   0.568840780078   0.542693573375
8.168   0.568840780078   0.542693573375
8.264   0.568840780078   0.542693573375
8.36   0.568840780078   0.542693573375
8.456   0.568840780078   0.542693573375
8.552   0.568840780078   0.542693573375
8.648   0.568840780078   0.542693573375
8.744   0.568840780078   0.542693573375
8.84   0.568840780078   0.542693573375
8.936   0.568840780078   0.542693573375
9.032   0.568840780078   0.542693573375
9.128   0.568840780078   0.542693573375
9.224   0.568840780078   0.542693573375
9.32   0.568840780078   0.542693573375
9.416   0.568840780078   0.542693573375
9.512   0.568840780078   0.542693573375
9.608   0.568840780078   0.542693573375
9.704   0.568840780078   0.542693573375
