0.2   0.564084870574   0.410819018055
0.296   0.560276802712   0.45777006198
0.392   0.556989584684   0.488059126023
0.488   0.554203381263   0.507947689062
0.584   0.551883978656   0.520770790362
0.68   0.549987115226   0.528830550382
0.776   0.548462455963   0.533845920646
0.872   0.547257748224   0.536994364139
0.968   0.546322225202   0.539007118612
1.064   0.545609131448   0.54031738796
1.16   0.545077234883   0.54118072095
1.256   0.544691487106   0.541750640003
1.352   0.544421392107   0.542122869828
1.448   0.544241243584   0.542359272984
1.544   0.544127671785   0.542505168851
1.64   0.544061272543   0.542589202303
1.736   0.544022318182   0.542636984739
1.832   0.544000983825   0.542663262377
1.928   0.543989575526   0.542677466811
2.024   0.543983553204   0.542685056819
2.12   0.543980396472   0.542689083064
2.216   0.543978748084   0.542691209676
2.312   0.543977889065   0.542692330206
2.408   0.543977441887   0.542692919842
2.504   0.543977209231   0.542693229897
2.6   0.543977088221   0.542693392876
2.696   0.543977025292   0.542693478528
2.792   0.543976992568   0.542693523538
2.888   0.543976975553   0.542693547188
2.984   0.543976966706   0.542693559615
3.08   0.543976962105   0.542693566145
3.176   0.543976959714   0.542693569576
3.272   0.54397695847   0.542693571379
3.368   0.543976957823   0.542693572326
3.464   0.543976957487   0.542693572824
3.56   0.543976957312   0.542693573085
3.656   0.543976957221   0.542693573223
3.752   0.543976957174   0.542693573295
3.848   0.543976957149   0.542693573333
3.944   0.543976957137   0.542693573353
4.04   0.54397695713   0.542693573363
4.136   0.543976957127   0.542693573369
4.232   0.543976957125   0.542693573371
4.328   0.543976957124   0.542693573373
4.424   0.543976957123   0.542693573374
4.52   0.543976957123   0.542693573374
4.616   0.543976957123   0.542693573374
4.712   0.543976957123   0.542693573375
4.808   0.543976957123   0.542693573375
4.904   0.543976957123   0.542693573375
5.0   0.543976957123   0.542693573375
5.096   0.543976957123   0.542693573375
5.192   0.543976957123   0.542693573375
5.288   0.543976957123   0.542693573375
5.384   0.543976957123   0.542693573375
5.48   0.543976957123   0.542693573375
5.576   0.543976957123   0.542693573375
5.672   0.543976957123   0.542693573375
5.768   0.543976957123   0.542693573375
5.864   0.543976957123   0.542693573375
5.96   0.543976957123   0.542693573375
6.056   0.543976957123   0.542693573375
6.152   0.543976957123   0.542693573375
6.248   0.543976957123   0.542693573375
6.344   0.543976957123   0.542693573375
6.44   0.543976957123   0.542693573375
6.536   0.543976957123   0.542693573375
6.632   0.543976957123   0.542693573375
6.728   0.543976957123   0.542693573375
6.824   0.543976957123   0.542693573375
6.92   0.543976957123   0.542693573375
7.016   0.543976957123   0.542693573375
7.112   0.543976957123   0.542693573375
7.208   0.543976957123   0.542693573375
7.304   0.543976957123   0.542693573375
7.4   0.543976957123   0.542693573375
7.496   0.543976957123   0.542693573375
7.592   0.543976957123   0.542693573375
7.688   0.543976957123   0.542693573375
7.784   0.543976957123   0.542693573375
7.88   0.543976957123   0.542693573375
7.976   0.543976957123   0.542693573375
8.072   0.543976957123   0.542693573375
8.168   0.543976957123   0.542693573375
8.264   0.543976957123   0.542693573375
8.36   0.543976957123   0.542693573375
8.456   0.543976957123   0.542693573375
8.552   0.543976957123   0.542693573375
8.648   0.543976957123   0.542693573375
8.744   0.543976957123   0.542693573375
8.84   0.543976957123   0.542693573375
8.936   0.543976957123   0.542693573375
9.032   0.543976957123   0.542693573375
9.128   0.543976957123   0.542693573375
9.224   0.543976957123   0.542693573375
9.32   0.543976957123   0.542693573375
9.416   0.543976957123   0.542693573375
9.512   0.543976957123   0.542693573375
9.608   0.543976957123   0.542693573375
9.704   0.543976957123   0.542693573375
