0.2   0.566047552742   0.445048521663
0.296   0.56330059713   0.484182997539
0.392   0.561156633804   0.508981336331
0.488   0.559600076823   0.524237476503
0.584   0.558573383129   0.532982824487
0.68   0.557968034619   0.537680100383
0.776   0.557647749063   0.540115859197
0.872   0.557492357396   0.541364623934
0.968   0.557420525687   0.542005078507
1.064   0.557388505801   0.542335415062
1.16   0.557374444459   0.542506597824
1.256   0.557368314774   0.542595727586
1.352   0.557365652082   0.542642289428
1.448   0.557364497337   0.542666667308
1.544   0.557363996937   0.542679448562
1.64   0.55736378017   0.542686155593
1.736   0.557363686284   0.54268967701
1.832   0.557363645623   0.542691526458
1.928   0.557363628014   0.542692497968
2.024   0.557363620388   0.542693008355
2.12   0.557363617085   0.542693276505
2.216   0.557363615655   0.542693417393
2.312   0.557363615036   0.542693491418
2.408   0.557363614768   0.542693530312
2.504   0.557363614651   0.542693550749
2.6   0.557363614601   0.542693561486
2.696   0.557363614579   0.542693567128
2.792   0.55736361457   0.542693570093
2.888   0.557363614566   0.54269357165
2.984   0.557363614564   0.542693572469
3.08   0.557363614563   0.542693572899
3.176   0.557363614563   0.542693573124
3.272   0.557363614563   0.542693573243
3.368   0.557363614563   0.542693573306
3.464   0.557363614563   0.542693573338
3.56   0.557363614563   0.542693573356
3.656   0.557363614563   0.542693573365
3.752   0.557363614563   0.542693573369
3.848   0.557363614563   0.542693573372
3.944   0.557363614563   0.542693573373
4.04   0.557363614563   0.542693573374
4.136   0.557363614563   0.542693573374
4.232   0.557363614563   0.542693573374
4.328   0.557363614563   0.542693573375
4.424   0.557363614563   0.542693573375
4.52   0.557363614563   0.542693573375
4.616   0.557363614563   0.542693573375
4.712   0.557363614563   0.542693573375
4.808   0.557363614563   0.542693573375
4.904   0.557363614563   0.542693573375
5.0   0.557363614563   0.542693573375
5.096   0.557363614563   0.542693573375
5.192   0.557363614563   0.542693573375
5.288   0.557363614563   0.542693573375
5.384   0.557363614563   0.542693573375
5.48   0.557363614563   0.542693573375
5.576   0.557363614563   0.542693573375
5.672   0.557363614563   0.542693573375
5.768   0.557363614563   0.542693573375
5.864   0.557363614563   0.542693573375
5.96   0.557363614563   0.542693573375
6.056   0.557363614563   0.542693573375
6.152   0.557363614563   0.542693573375
6.248   0.557363614563   0.542693573375
6.344   0.557363614563   0.542693573375
6.44   0.557363614563   0.542693573375
6.536   0.557363614563   0.542693573375
6.632   0.557363614563   0.542693573375
6.728   0.557363614563   0.542693573375
6.824   0.557363614563   0.542693573375
6.92   0.557363614563   0.542693573375
7.016   0.557363614563   0.542693573375
7.112   0.557363614563   0.542693573375
7.208   0.557363614563   0.542693573375
7.304   0.557363614563   0.542693573375
7.4   0.557363614563   0.542693573375
7.496   0.557363614563   0.542693573375
7.592   0.557363614563   0.542693573375
7.688   0.557363614563   0.542693573375
7.784   0.557363614563   0.542693573375
7.88   0.557363614563   0.542693573375
7.976   0.557363614563   0.542693573375
8.072   0.557363614563   0.542693573375
8.168   0.557363614563   0.542693573375
8.264   0.557363614563   0.542693573375
8.36   0.557363614563   0.542693573375
8.456   0.557363614563   0.542693573375
8.552   0.557363614563   0.542693573375
8.648   0.557363614563   0.542693573375
8.744   0.557363614563   0.542693573375
8.84   0.557363614563   0.542693573375
8.936   0.557363614563   0.542693573375
9.032   0.557363614563   0.542693573375
9.128   0.557363614563   0.542693573375
9.224   0.557363614563   0.542693573375
9.32   0.557363614563   0.542693573375
9.416   0.557363614563   0.542693573375
9.512   0.557363614563   0.542693573375
9.608   0.557363614563   0.542693573375
9.704   0.557363614563   0.542693573375
