0.2   0.561821372516   0.395611705326
0.296   0.557171625802   0.436032581736
0.392   0.55325676834   0.463708048422
0.488   0.550079751244   0.482887994001
0.584   0.547617191665   0.495994908451
0.68   0.545813029838   0.504699339797
0.776   0.544574429951   0.510292521402
0.872   0.543779448129   0.513779291195
0.968   0.543299689606   0.515901624396
1.064   0.543024255342   0.51717230799
1.16   0.542871060797   0.51792551076
1.256   0.542787976807   0.518370010825
1.352   0.542743519006   0.518631607475
1.448   0.542719917534   0.518785482837
1.544   0.542707444955   0.518876024093
1.64   0.542700870503   0.518929306079
1.736   0.542697409986   0.518960675832
1.832   0.542695589961   0.51897915062
1.928   0.542694633155   0.518990033777
2.024   0.542694130274   0.518996446003
2.12   0.542693866004   0.519000224491
2.216   0.542693727136   0.51900245121
2.312   0.542693654167   0.519003763526
2.408   0.542693615826   0.519004536969
2.504   0.54269359568   0.519004992827
2.6   0.542693585094   0.519005261509
2.696   0.542693579533   0.519005419871
2.792   0.54269357661   0.51900551321
2.888   0.542693575075   0.519005568226
2.984   0.542693574268   0.519005600652
3.08   0.542693573844   0.519005619765
3.176   0.542693573621   0.519005631031
3.272   0.542693573504   0.51900563767
3.368   0.542693573443   0.519005641584
3.464   0.54269357341   0.519005643891
3.56   0.542693573393   0.519005645251
3.656   0.542693573385   0.519005646052
3.752   0.54269357338   0.519005646524
3.848   0.542693573377   0.519005646803
3.944   0.542693573376   0.519005646967
4.04   0.542693573375   0.519005647064
4.136   0.542693573375   0.519005647121
4.232   0.542693573375   0.519005647154
4.328   0.542693573375   0.519005647174
4.424   0.542693573375   0.519005647186
4.52   0.542693573375   0.519005647192
4.616   0.542693573375   0.519005647197
4.712   0.542693573375   0.519005647199
4.808   0.542693573375   0.5190056472
4.904   0.542693573375   0.519005647201
5.0   0.542693573375   0.519005647202
5.096   0.542693573375   0.519005647202
5.192   0.542693573375   0.519005647202
5.288   0.542693573375   0.519005647202
5.384   0.542693573375   0.519005647202
5.48   0.542693573375   0.519005647202
5.576   0.542693573375   0.519005647202
5.672   0.542693573375   0.519005647202
5.768   0.542693573375   0.519005647202
5.864   0.542693573375   0.519005647202
5.96   0.542693573375   0.519005647202
6.056   0.542693573375   0.519005647202
6.152   0.542693573375   0.519005647202
6.248   0.542693573375   0.519005647202
6.344   0.542693573375   0.519005647202
6.44   0.542693573375   0.519005647202
6.536   0.542693573375   0.519005647202
6.632   0.542693573375   0.519005647202
6.728   0.542693573375   0.519005647202
6.824   0.542693573375   0.519005647202
6.92   0.542693573375   0.519005647202
7.016   0.542693573375   0.519005647202
7.112   0.542693573375   0.519005647202
7.208   0.542693573375   0.519005647202
7.304   0.542693573375   0.519005647202
7.4   0.542693573375   0.519005647202
7.496   0.542693573375   0.519005647202
7.592   0.542693573375   0.519005647202
7.688   0.542693573375   0.519005647202
7.784   0.542693573375   0.519005647202
7.88   0.542693573375   0.519005647202
7.976   0.542693573375   0.519005647202
8.072   0.542693573375   0.519005647202
8.168   0.542693573375   0.519005647202
8.264   0.542693573375   0.519005647202
8.36   0.542693573375   0.519005647202
8.456   0.542693573375   0.519005647202
8.552   0.542693573375   0.519005647202
8.648   0.542693573375   0.519005647202
8.744   0.542693573375   0.519005647202
8.84   0.542693573375   0.519005647202
8.936   0.542693573375   0.519005647202
9.032   0.542693573375   0.519005647202
9.128   0.542693573375   0.519005647202
9.224   0.542693573375   0.519005647202
9.32   0.542693573375   0.519005647202
9.416   0.542693573375   0.519005647202
9.512   0.542693573375   0.519005647202
9.608   0.542693573375   0.519005647202
9.704   0.542693573375   0.519005647202
