0.2   0.566035500131   0.453957667611
0.296   0.563310622795   0.488943590483
0.392   0.561202642079   0.511529990465
0.488   0.559690388873   0.525560741527
0.584   0.558708002506   0.533651065031
0.68   0.558138530321   0.538015028793
0.776   0.557841996557   0.540284517408
0.872   0.557699957227   0.541450265615
0.968   0.557634961933   0.542048982489
1.064   0.557606206497   0.542358069696
1.16   0.55759365789   0.542518333647
1.256   0.55758821837   0.542601863826
1.352   0.557585867966   0.542645499
1.448   0.557584853873   0.542668349098
1.544   0.557584416638   0.542680330785
1.64   0.557584228181   0.542686618696
1.736   0.557584146963   0.542689920203
1.832   0.557584111964   0.542691654198
1.928   0.557584096882   0.542692565074
2.024   0.557584090383   0.542693043611
2.12   0.557584087582   0.542693295029
2.216   0.557584086375   0.542693427126
2.312   0.557584085855   0.542693496532
2.408   0.557584085631   0.542693532999
2.504   0.557584085535   0.54269355216
2.6   0.557584085493   0.542693562228
2.696   0.557584085475   0.542693567518
2.792   0.557584085468   0.542693570297
2.888   0.557584085464   0.542693571758
2.984   0.557584085463   0.542693572525
3.08   0.557584085462   0.542693572928
3.176   0.557584085462   0.54269357314
3.272   0.557584085462   0.542693573251
3.368   0.557584085462   0.54269357331
3.464   0.557584085462   0.542693573341
3.56   0.557584085462   0.542693573357
3.656   0.557584085462   0.542693573365
3.752   0.557584085462   0.54269357337
3.848   0.557584085462   0.542693573372
3.944   0.557584085462   0.542693573373
4.04   0.557584085462   0.542693573374
4.136   0.557584085462   0.542693573374
4.232   0.557584085462   0.542693573374
4.328   0.557584085462   0.542693573375
4.424   0.557584085462   0.542693573375
4.52   0.557584085462   0.542693573375
4.616   0.557584085462   0.542693573375
4.712   0.557584085462   0.542693573375
4.808   0.557584085462   0.542693573375
4.904   0.557584085462   0.542693573375
5.0   0.557584085462   0.542693573375
5.096   0.557584085462   0.542693573375
5.192   0.557584085462   0.542693573375
5.288   0.557584085462   0.542693573375
5.384   0.557584085462   0.542693573375
5.48   0.557584085462   0.542693573375
5.576   0.557584085462   0.542693573375
5.672   0.557584085462   0.542693573375
5.768   0.557584085462   0.542693573375
5.864   0.557584085462   0.542693573375
5.96   0.557584085462   0.542693573375
6.056   0.557584085462   0.542693573375
6.152   0.557584085462   0.542693573375
6.248   0.557584085462   0.542693573375
6.344   0.557584085462   0.542693573375
6.44   0.557584085462   0.542693573375
6.536   0.557584085462   0.542693573375
6.632   0.557584085462   0.542693573375
6.728   0.557584085462   0.542693573375
6.824   0.557584085462   0.542693573375
6.92   0.557584085462   0.542693573375
7.016   0.557584085462   0.542693573375
7.112   0.557584085462   0.542693573375
7.208   0.557584085462   0.542693573375
7.304   0.557584085462   0.542693573375
7.4   0.557584085462   0.542693573375
7.496   0.557584085462   0.542693573375
7.592   0.557584085462   0.542693573375
7.688   0.557584085462   0.542693573375
7.784   0.557584085462   0.542693573375
7.88   0.557584085462   0.542693573375
7.976   0.557584085462   0.542693573375
8.072   0.557584085462   0.542693573375
8.168   0.557584085462   0.542693573375
8.264   0.557584085462   0.542693573375
8.36   0.557584085462   0.542693573375
8.456   0.557584085462   0.542693573375
8.552   0.557584085462   0.542693573375
8.648   0.557584085462   0.542693573375
8.744   0.557584085462   0.542693573375
8.84   0.557584085462   0.542693573375
8.936   0.557584085462   0.542693573375
9.032   0.557584085462   0.542693573375
9.128   0.557584085462   0.542693573375
9.224   0.557584085462   0.542693573375
9.32   0.557584085462   0.542693573375
9.416   0.557584085462   0.542693573375
9.512   0.557584085462   0.542693573375
9.608   0.557584085462   0.542693573375
9.704   0.557584085462   0.542693573375
