0.2   0.566641121168   0.449815487404
0.296   0.564237689112   0.48840781925
0.392   0.56247266057   0.512425092582
0.488   0.561305149192   0.526727089123
0.584   0.560625954066   0.534563225722
0.68   0.560278446737   0.538589360455
0.776   0.560118286864   0.540609940067
0.872   0.560048607272   0.541625872762
0.968   0.560019547841   0.542141909438
1.064   0.560007624238   0.54240682745
1.16   0.560002768875   0.542543910526
1.256   0.560000798555   0.542615252897
1.352   0.560000000217   0.542652520263
1.448   0.559999676963   0.542672033297
1.544   0.559999546112   0.542682264867
1.64   0.559999493152   0.542687634358
1.736   0.559999471718   0.542690453682
1.832   0.559999463043   0.542691934446
1.928   0.559999459532   0.542692712307
2.024   0.559999458112   0.542693120966
2.12   0.559999457537   0.542693335672
2.216   0.559999457304   0.54269344848
2.312   0.55999945721   0.542693507752
2.408   0.559999457172   0.542693538895
2.504   0.559999457156   0.542693555258
2.6   0.55999945715   0.542693563856
2.696   0.559999457147   0.542693568373
2.792   0.559999457146   0.542693570747
2.888   0.559999457146   0.542693571994
2.984   0.559999457146   0.542693572649
3.08   0.559999457146   0.542693572993
3.176   0.559999457146   0.542693573174
3.272   0.559999457146   0.542693573269
3.368   0.559999457146   0.542693573319
3.464   0.559999457146   0.542693573346
3.56   0.559999457146   0.542693573359
3.656   0.559999457146   0.542693573367
3.752   0.559999457146   0.54269357337
3.848   0.559999457146   0.542693573372
3.944   0.559999457146   0.542693573373
4.04   0.559999457146   0.542693573374
4.136   0.559999457146   0.542693573374
4.232   0.559999457146   0.542693573374
4.328   0.559999457146   0.542693573375
4.424   0.559999457146   0.542693573375
4.52   0.559999457146   0.542693573375
4.616   0.559999457146   0.542693573375
4.712   0.559999457146   0.542693573375
4.808   0.559999457146   0.542693573375
4.904   0.559999457146   0.542693573375
5.0   0.559999457146   0.542693573375
5.096   0.559999457146   0.542693573375
5.192   0.559999457146   0.542693573375
5.288   0.559999457146   0.542693573375
5.384   0.559999457146   0.542693573375
5.48   0.559999457146   0.542693573375
5.576   0.559999457146   0.542693573375
5.672   0.559999457146   0.542693573375
5.768   0.559999457146   0.542693573375
5.864   0.559999457146   0.542693573375
5.96   0.559999457146   0.542693573375
6.056   0.559999457146   0.542693573375
6.152   0.559999457146   0.542693573375
6.248   0.559999457146   0.542693573375
6.344   0.559999457146   0.542693573375
6.44   0.559999457146   0.542693573375
6.536   0.559999457146   0.542693573375
6.632   0.559999457146   0.542693573375
6.728   0.559999457146   0.542693573375
6.824   0.559999457146   0.542693573375
6.92   0.559999457146   0.542693573375
7.016   0.559999457146   0.542693573375
7.112   0.559999457146   0.542693573375
7.208   0.559999457146   0.542693573375
7.304   0.559999457146   0.542693573375
7.4   0.559999457146   0.542693573375
7.496   0.559999457146   0.542693573375
7.592   0.559999457146   0.542693573375
7.688   0.559999457146   0.542693573375
7.784   0.559999457146   0.542693573375
7.88   0.559999457146   0.542693573375
7.976   0.559999457146   0.542693573375
8.072   0.559999457146   0.542693573375
8.168   0.559999457146   0.542693573375
8.264   0.559999457146   0.542693573375
8.36   0.559999457146   0.542693573375
8.456   0.559999457146   0.542693573375
8.552   0.559999457146   0.542693573375
8.648   0.559999457146   0.542693573375
8.744   0.559999457146   0.542693573375
8.84   0.559999457146   0.542693573375
8.936   0.559999457146   0.542693573375
9.032   0.559999457146   0.542693573375
9.128   0.559999457146   0.542693573375
9.224   0.559999457146   0.542693573375
9.32   0.559999457146   0.542693573375
9.416   0.559999457146   0.542693573375
9.512   0.559999457146   0.542693573375
9.608   0.559999457146   0.542693573375
9.704   0.559999457146   0.542693573375
