0.2   0.565625326574   0.43344847805
0.296   0.56261919245   0.476621680779
0.392   0.560178603708   0.503864377178
0.488   0.55829562205   0.520848348139
0.584   0.556939706431   0.530861046287
0.68   0.556045913191   0.536430015104
0.776   0.555512926541   0.539415332675
0.872   0.55522375315   0.5409854331
0.968   0.555078207071   0.541803953991
1.064   0.555007952074   0.542229520019
1.16   0.554975124315   0.542451092116
1.256   0.554959996254   0.542566638337
1.352   0.554953073753   0.542627037147
1.448   0.554949917122   0.542658665444
1.544   0.554948480166   0.542675248425
1.64   0.554947826578   0.542683950159
1.736   0.554947529416   0.54268851868
1.832   0.554947394333   0.542690917986
1.928   0.554947332934   0.542692178306
2.024   0.554947305026   0.542692840409
2.12   0.554947292343   0.542693188266
2.216   0.554947286578   0.542693371031
2.312   0.554947283958   0.542693467058
2.408   0.554947282767   0.542693517513
2.504   0.554947282225   0.542693544023
2.6   0.554947281979   0.542693557953
2.696   0.554947281868   0.542693565272
2.792   0.554947281817   0.542693569117
2.888   0.554947281794   0.542693571138
2.984   0.554947281783   0.542693572199
3.08   0.554947281778   0.542693572757
3.176   0.554947281776   0.54269357305
3.272   0.554947281775   0.542693573204
3.368   0.554947281775   0.542693573285
3.464   0.554947281775   0.542693573328
3.56   0.554947281775   0.54269357335
3.656   0.554947281775   0.542693573362
3.752   0.554947281774   0.542693573368
3.848   0.554947281774   0.542693573371
3.944   0.554947281774   0.542693573373
4.04   0.554947281774   0.542693573374
4.136   0.554947281774   0.542693573374
4.232   0.554947281774   0.542693573374
4.328   0.554947281774   0.542693573375
4.424   0.554947281774   0.542693573375
4.52   0.554947281774   0.542693573375
4.616   0.554947281774   0.542693573375
4.712   0.554947281774   0.542693573375
4.808   0.554947281774   0.542693573375
4.904   0.554947281774   0.542693573375
5.0   0.554947281774   0.542693573375
5.096   0.554947281774   0.542693573375
5.192   0.554947281774   0.542693573375
5.288   0.554947281774   0.542693573375
5.384   0.554947281774   0.542693573375
5.48   0.554947281774   0.542693573375
5.576   0.554947281774   0.542693573375
5.672   0.554947281774   0.542693573375
5.768   0.554947281774   0.542693573375
5.864   0.554947281774   0.542693573375
5.96   0.554947281774   0.542693573375
6.056   0.554947281774   0.542693573375
6.152   0.554947281774   0.542693573375
6.248   0.554947281774   0.542693573375
6.344   0.554947281774   0.542693573375
6.44   0.554947281774   0.542693573375
6.536   0.554947281774   0.542693573375
6.632   0.554947281774   0.542693573375
6.728   0.554947281774   0.542693573375
6.824   0.554947281774   0.542693573375
6.92   0.554947281774   0.542693573375
7.016   0.554947281774   0.542693573375
7.112   0.554947281774   0.542693573375
7.208   0.554947281774   0.542693573375
7.304   0.554947281774   0.542693573375
7.4   0.554947281774   0.542693573375
7.496   0.554947281774   0.542693573375
7.592   0.554947281774   0.542693573375
7.688   0.554947281774   0.542693573375
7.784   0.554947281774   0.542693573375
7.88   0.554947281774   0.542693573375
7.976   0.554947281774   0.542693573375
8.072   0.554947281774   0.542693573375
8.168   0.554947281774   0.542693573375
8.264   0.554947281774   0.542693573375
8.36   0.554947281774   0.542693573375
8.456   0.554947281774   0.542693573375
8.552   0.554947281774   0.542693573375
8.648   0.554947281774   0.542693573375
8.744   0.554947281774   0.542693573375
8.84   0.554947281774   0.542693573375
8.936   0.554947281774   0.542693573375
9.032   0.554947281774   0.542693573375
9.128   0.554947281774   0.542693573375
9.224   0.554947281774   0.542693573375
9.32   0.554947281774   0.542693573375
9.416   0.554947281774   0.542693573375
9.512   0.554947281774   0.542693573375
9.608   0.554947281774   0.542693573375
9.704   0.554947281774   0.542693573375
