0.2   0.563411577014   0.402137468395
0.296   0.559307132749   0.449318050633
0.392   0.555753012145   0.480100043946
0.488   0.552734623044   0.500636809409
0.584   0.550223011477   0.514182446273
0.68   0.548179226708   0.522918219271
0.776   0.546558130299   0.528464783941
0.872   0.545311705105   0.531969109915
0.968   0.544390424454   0.534178503472
1.064   0.54374263333   0.535559537381
1.16   0.543313019761   0.536406210473
1.256   0.543045269766   0.53691126069
1.352   0.542888042038   0.537203866996
1.448   0.542798577958   0.537369661994
1.544   0.542749602152   0.537461903494
1.64   0.542723264816   0.537512742221
1.736   0.542709247105   0.537540606413
1.832   0.542701829699   0.537555830616
1.928   0.542697917432   0.537564134516
2.024   0.542695857555   0.537568659725
2.12   0.542694774028   0.537571124587
2.216   0.542694204368   0.537572466868
2.312   0.542693904956   0.537573197741
2.408   0.542693747608   0.537573595679
2.504   0.542693664925   0.537573812337
2.6   0.542693621479   0.537573930295
2.696   0.54269359865   0.537573994516
2.792   0.542693586655   0.537574029481
2.888   0.542693580353   0.537574048517
2.984   0.542693577041   0.537574058881
3.08   0.542693575301   0.537574064524
3.176   0.542693574387   0.537574067596
3.272   0.542693573907   0.537574069268
3.368   0.542693573654   0.537574070179
3.464   0.542693573521   0.537574070674
3.56   0.542693573452   0.537574070944
3.656   0.542693573415   0.537574071091
3.752   0.542693573396   0.537574071171
3.848   0.542693573386   0.537574071215
3.944   0.542693573381   0.537574071239
4.04   0.542693573378   0.537574071251
4.136   0.542693573376   0.537574071258
4.232   0.542693573376   0.537574071262
4.328   0.542693573375   0.537574071264
4.424   0.542693573375   0.537574071266
4.52   0.542693573375   0.537574071266
4.616   0.542693573375   0.537574071266
4.712   0.542693573375   0.537574071267
4.808   0.542693573375   0.537574071267
4.904   0.542693573375   0.537574071267
5.0   0.542693573375   0.537574071267
5.096   0.542693573375   0.537574071267
5.192   0.542693573375   0.537574071267
5.288   0.542693573375   0.537574071267
5.384   0.542693573375   0.537574071267
5.48   0.542693573375   0.537574071267
5.576   0.542693573375   0.537574071267
5.672   0.542693573375   0.537574071267
5.768   0.542693573375   0.537574071267
5.864   0.542693573375   0.537574071267
5.96   0.542693573375   0.537574071267
6.056   0.542693573375   0.537574071267
6.152   0.542693573375   0.537574071267
6.248   0.542693573375   0.537574071267
6.344   0.542693573375   0.537574071267
6.44   0.542693573375   0.537574071267
6.536   0.542693573375   0.537574071267
6.632   0.542693573375   0.537574071267
6.728   0.542693573375   0.537574071267
6.824   0.542693573375   0.537574071267
6.92   0.542693573375   0.537574071267
7.016   0.542693573375   0.537574071267
7.112   0.542693573375   0.537574071267
7.208   0.542693573375   0.537574071267
7.304   0.542693573375   0.537574071267
7.4   0.542693573375   0.537574071267
7.496   0.542693573375   0.537574071267
7.592   0.542693573375   0.537574071267
7.688   0.542693573375   0.537574071267
7.784   0.542693573375   0.537574071267
7.88   0.542693573375   0.537574071267
7.976   0.542693573375   0.537574071267
8.072   0.542693573375   0.537574071267
8.168   0.542693573375   0.537574071267
8.264   0.542693573375   0.537574071267
8.36   0.542693573375   0.537574071267
8.456   0.542693573375   0.537574071267
8.552   0.542693573375   0.537574071267
8.648   0.542693573375   0.537574071267
8.744   0.542693573375   0.537574071267
8.84   0.542693573375   0.537574071267
8.936   0.542693573375   0.537574071267
9.032   0.542693573375   0.537574071267
9.128   0.542693573375   0.537574071267
9.224   0.542693573375   0.537574071267
9.32   0.542693573375   0.537574071267
9.416   0.542693573375   0.537574071267
9.512   0.542693573375   0.537574071267
9.608   0.542693573375   0.537574071267
9.704   0.542693573375   0.537574071267
