0.2   0.567243746625   0.458402304434
0.296   0.565208360576   0.494361088099
0.392   0.563839319855   0.516483988793
0.488   0.563041305879   0.529262222223
0.584   0.562642763606   0.535994246422
0.68   0.562468163143   0.539347538939
0.776   0.5623970553   0.541001777901
0.872   0.562369616145   0.541827467681
0.968   0.562359225228   0.542246047287
1.064   0.562355322964   0.542460846531
1.16   0.562353862685   0.542572052891
1.256   0.562353317035   0.542629959609
1.352   0.56235311327   0.542660221648
1.448   0.562353037195   0.542676071591
1.544   0.562353008796   0.542684384131
1.64   0.562352998194   0.542688747088
1.736   0.562352994237   0.542691038101
1.832   0.56235299276   0.542692241444
1.928   0.562352992208   0.542692873591
2.024   0.562352992003   0.542693205703
2.12   0.562352991926   0.542693380193
2.216   0.562352991897   0.542693471873
2.312   0.562352991886   0.542693520043
2.408   0.562352991882   0.542693545353
2.504   0.562352991881   0.542693558651
2.6   0.56235299188   0.542693565638
2.696   0.56235299188   0.54269356931
2.792   0.56235299188   0.542693571239
2.888   0.56235299188   0.542693572252
2.984   0.56235299188   0.542693572785
3.08   0.56235299188   0.542693573065
3.176   0.56235299188   0.542693573212
3.272   0.56235299188   0.542693573289
3.368   0.56235299188   0.54269357333
3.464   0.56235299188   0.542693573351
3.56   0.56235299188   0.542693573362
3.656   0.56235299188   0.542693573368
3.752   0.56235299188   0.542693573371
3.848   0.56235299188   0.542693573373
3.944   0.56235299188   0.542693573374
4.04   0.56235299188   0.542693573374
4.136   0.56235299188   0.542693573374
4.232   0.56235299188   0.542693573375
4.328   0.56235299188   0.542693573375
4.424   0.56235299188   0.542693573375
4.52   0.56235299188   0.542693573375
4.616   0.56235299188   0.542693573375
4.712   0.56235299188   0.542693573375
4.808   0.56235299188   0.542693573375
4.904   0.56235299188   0.542693573375
5.0   0.56235299188   0.542693573375
5.096   0.56235299188   0.542693573375
5.192   0.56235299188   0.542693573375
5.288   0.56235299188   0.542693573375
5.384   0.56235299188   0.542693573375
5.48   0.56235299188   0.542693573375
5.576   0.56235299188   0.542693573375
5.672   0.56235299188   0.542693573375
5.768   0.56235299188   0.542693573375
5.864   0.56235299188   0.542693573375
5.96   0.56235299188   0.542693573375
6.056   0.56235299188   0.542693573375
6.152   0.56235299188   0.542693573375
6.248   0.56235299188   0.542693573375
6.344   0.56235299188   0.542693573375
6.44   0.56235299188   0.542693573375
6.536   0.56235299188   0.542693573375
6.632   0.56235299188   0.542693573375
6.728   0.56235299188   0.542693573375
6.824   0.56235299188   0.542693573375
6.92   0.56235299188   0.542693573375
7.016   0.56235299188   0.542693573375
7.112   0.56235299188   0.542693573375
7.208   0.56235299188   0.542693573375
7.304   0.56235299188   0.542693573375
7.4   0.56235299188   0.542693573375
7.496   0.56235299188   0.542693573375
7.592   0.56235299188   0.542693573375
7.688   0.56235299188   0.542693573375
7.784   0.56235299188   0.542693573375
7.88   0.56235299188   0.542693573375
7.976   0.56235299188   0.542693573375
8.072   0.56235299188   0.542693573375
8.168   0.56235299188   0.542693573375
8.264   0.56235299188   0.542693573375
8.36   0.56235299188   0.542693573375
8.456   0.56235299188   0.542693573375
8.552   0.56235299188   0.542693573375
8.648   0.56235299188   0.542693573375
8.744   0.56235299188   0.542693573375
8.84   0.56235299188   0.542693573375
8.936   0.56235299188   0.542693573375
9.032   0.56235299188   0.542693573375
9.128   0.56235299188   0.542693573375
9.224   0.56235299188   0.542693573375
9.32   0.56235299188   0.542693573375
9.416   0.56235299188   0.542693573375
9.512   0.56235299188   0.542693573375
9.608   0.56235299188   0.542693573375
9.704   0.56235299188   0.542693573375
