0.2   0.565347980658   0.424760767619
0.296   0.562175776057   0.470965305914
0.392   0.559546226591   0.499978114424
0.488   0.557451185185   0.518186638045
0.584   0.555867614814   0.529107228937
0.68   0.554750895718   0.535331525665
0.776   0.554028232853   0.538762458157
0.872   0.55360175505   0.54061550928
0.968   0.553370193215   0.54160173008
1.064   0.553252170151   0.542121203847
1.16   0.553194035225   0.542393844645
1.256   0.553166161282   0.542536505072
1.352   0.553152949993   0.542611202401
1.448   0.553146725463   0.542650348921
1.544   0.553143801564   0.542670880833
1.64   0.553142430155   0.542681656228
1.736   0.553141787392   0.542687313733
1.832   0.553141486247   0.542690284995
1.928   0.553141345181   0.542691845754
2.024   0.553141279106   0.54269266569
2.12   0.553141248159   0.542693096468
2.216   0.553141233664   0.542693322799
2.312   0.553141226876   0.542693441716
2.408   0.553141223696   0.542693504198
2.504   0.553141222207   0.542693537027
2.6   0.55314122151   0.542693554277
2.696   0.553141221183   0.54269356334
2.792   0.55314122103   0.542693568102
2.888   0.553141220958   0.542693570604
2.984   0.553141220925   0.542693571919
3.08   0.553141220909   0.54269357261
3.176   0.553141220902   0.542693572973
3.272   0.553141220898   0.542693573164
3.368   0.553141220897   0.542693573264
3.464   0.553141220896   0.542693573316
3.56   0.553141220895   0.542693573344
3.656   0.553141220895   0.542693573359
3.752   0.553141220895   0.542693573366
3.848   0.553141220895   0.54269357337
3.944   0.553141220895   0.542693573372
4.04   0.553141220895   0.542693573373
4.136   0.553141220895   0.542693573374
4.232   0.553141220895   0.542693573374
4.328   0.553141220895   0.542693573374
4.424   0.553141220895   0.542693573375
4.52   0.553141220895   0.542693573375
4.616   0.553141220895   0.542693573375
4.712   0.553141220895   0.542693573375
4.808   0.553141220895   0.542693573375
4.904   0.553141220895   0.542693573375
5.0   0.553141220895   0.542693573375
5.096   0.553141220895   0.542693573375
5.192   0.553141220895   0.542693573375
5.288   0.553141220895   0.542693573375
5.384   0.553141220895   0.542693573375
5.48   0.553141220895   0.542693573375
5.576   0.553141220895   0.542693573375
5.672   0.553141220895   0.542693573375
5.768   0.553141220895   0.542693573375
5.864   0.553141220895   0.542693573375
5.96   0.553141220895   0.542693573375
6.056   0.553141220895   0.542693573375
6.152   0.553141220895   0.542693573375
6.248   0.553141220895   0.542693573375
6.344   0.553141220895   0.542693573375
6.44   0.553141220895   0.542693573375
6.536   0.553141220895   0.542693573375
6.632   0.553141220895   0.542693573375
6.728   0.553141220895   0.542693573375
6.824   0.553141220895   0.542693573375
6.92   0.553141220895   0.542693573375
7.016   0.553141220895   0.542693573375
7.112   0.553141220895   0.542693573375
7.208   0.553141220895   0.542693573375
7.304   0.553141220895   0.542693573375
7.4   0.553141220895   0.542693573375
7.496   0.553141220895   0.542693573375
7.592   0.553141220895   0.542693573375
7.688   0.553141220895   0.542693573375
7.784   0.553141220895   0.542693573375
7.88   0.553141220895   0.542693573375
7.976   0.553141220895   0.542693573375
8.072   0.553141220895   0.542693573375
8.168   0.553141220895   0.542693573375
8.264   0.553141220895   0.542693573375
8.36   0.553141220895   0.542693573375
8.456   0.553141220895   0.542693573375
8.552   0.553141220895   0.542693573375
8.648   0.553141220895   0.542693573375
8.744   0.553141220895   0.542693573375
8.84   0.553141220895   0.542693573375
8.936   0.553141220895   0.542693573375
9.032   0.553141220895   0.542693573375
9.128   0.553141220895   0.542693573375
9.224   0.553141220895   0.542693573375
9.32   0.553141220895   0.542693573375
9.416   0.553141220895   0.542693573375
9.512   0.553141220895   0.542693573375
9.608   0.553141220895   0.542693573375
9.704   0.553141220895   0.542693573375
