0.2   0.562360867206   0.404559596825
0.296   0.557884860259   0.445000376988
0.392   0.554068295488   0.472549996463
0.488   0.550907193371   0.491550194919
0.584   0.548380547129   0.504467088499
0.68   0.546449357165   0.513007200647
0.776   0.54505261109   0.518482663555
0.872   0.544105009484   0.521893825898
0.968   0.543503239688   0.523965110684
1.064   0.543143314535   0.525196169536
1.16   0.542938128542   0.525916314706
1.256   0.542824537269   0.526333295613
1.352   0.542763132523   0.526573468096
1.448   0.542730343035   0.526711361026
1.544   0.542712957893   0.526790448377
1.64   0.542703777313   0.526835793053
1.736   0.54269894023   0.526861790892
1.832   0.542696394833   0.526876697887
1.928   0.542695056298   0.526885246489
2.024   0.542694352675   0.526890149315
2.12   0.542693982879   0.526892961436
2.216   0.542693788551   0.526894574487
2.312   0.542693686438   0.526895499781
2.408   0.542693632782   0.526896030573
2.504   0.542693604589   0.526896335066
2.6   0.542693589776   0.526896509743
2.696   0.542693581992   0.52689660995
2.792   0.542693577903   0.526896667435
2.888   0.542693575754   0.526896700413
2.984   0.542693574625   0.526896719332
3.08   0.542693574031   0.526896730185
3.176   0.54269357372   0.526896736411
3.272   0.542693573556   0.526896739983
3.368   0.54269357347   0.526896742032
3.464   0.542693573425   0.526896743208
3.56   0.542693573401   0.526896743882
3.656   0.542693573388   0.526896744269
3.752   0.542693573382   0.526896744491
3.848   0.542693573378   0.526896744618
3.944   0.542693573377   0.526896744691
4.04   0.542693573376   0.526896744733
4.136   0.542693573375   0.526896744757
4.232   0.542693573375   0.526896744771
4.328   0.542693573375   0.526896744779
4.424   0.542693573375   0.526896744784
4.52   0.542693573375   0.526896744786
4.616   0.542693573375   0.526896744788
4.712   0.542693573375   0.526896744788
4.808   0.542693573375   0.526896744789
4.904   0.542693573375   0.526896744789
5.0   0.542693573375   0.526896744789
5.096   0.542693573375   0.526896744789
5.192   0.542693573375   0.52689674479
5.288   0.542693573375   0.52689674479
5.384   0.542693573375   0.52689674479
5.48   0.542693573375   0.52689674479
5.576   0.542693573375   0.52689674479
5.672   0.542693573375   0.52689674479
5.768   0.542693573375   0.52689674479
5.864   0.542693573375   0.52689674479
5.96   0.542693573375   0.52689674479
6.056   0.542693573375   0.52689674479
6.152   0.542693573375   0.52689674479
6.248   0.542693573375   0.52689674479
6.344   0.542693573375   0.52689674479
6.44   0.542693573375   0.52689674479
6.536   0.542693573375   0.52689674479
6.632   0.542693573375   0.52689674479
6.728   0.542693573375   0.52689674479
6.824   0.542693573375   0.52689674479
6.92   0.542693573375   0.52689674479
7.016   0.542693573375   0.52689674479
7.112   0.542693573375   0.52689674479
7.208   0.542693573375   0.52689674479
7.304   0.542693573375   0.52689674479
7.4   0.542693573375   0.52689674479
7.496   0.542693573375   0.52689674479
7.592   0.542693573375   0.52689674479
7.688   0.542693573375   0.52689674479
7.784   0.542693573375   0.52689674479
7.88   0.542693573375   0.52689674479
7.976   0.542693573375   0.52689674479
8.072   0.542693573375   0.52689674479
8.168   0.542693573375   0.52689674479
8.264   0.542693573375   0.52689674479
8.36   0.542693573375   0.52689674479
8.456   0.542693573375   0.52689674479
8.552   0.542693573375   0.52689674479
8.648   0.542693573375   0.52689674479
8.744   0.542693573375   0.52689674479
8.84   0.542693573375   0.52689674479
8.936   0.542693573375   0.52689674479
9.032   0.542693573375   0.52689674479
9.128   0.542693573375   0.52689674479
9.224   0.542693573375   0.52689674479
9.32   0.542693573375   0.52689674479
9.416   0.542693573375   0.52689674479
9.512   0.542693573375   0.52689674479
9.608   0.542693573375   0.52689674479
9.704   0.542693573375   0.52689674479
