0.2   0.562415445239   0.395647820569
0.296   0.557944418445   0.439687650801
0.392   0.554123552676   0.469205362688
0.488   0.550952747467   0.489363415488
0.584   0.548414465309   0.502978813546
0.68   0.546472363035   0.511938575163
0.776   0.545066975467   0.517662506359
0.872   0.544113403161   0.52121914592
0.968   0.543507927445   0.523375287679
1.064   0.543145862714   0.524655940492
1.16   0.542939488819   0.525405201847
1.256   0.542825260791   0.52583935583
1.352   0.542763515441   0.526089705013
1.448   0.542730545089   0.526233689674
1.544   0.542713064324   0.526316321138
1.64   0.542703833316   0.526363804663
1.736   0.542698969681   0.526391075611
1.832   0.542696410315   0.526406740128
1.928   0.542695064435   0.526415739182
2.024   0.542694356951   0.526420909653
2.12   0.542693985126   0.52642388066
2.216   0.542693789731   0.526425587947
2.312   0.542693687058   0.526426569083
2.408   0.542693633108   0.526427132935
2.504   0.542693604761   0.526427456984
2.6   0.542693589866   0.526427643218
2.696   0.54269358204   0.526427750251
2.792   0.542693577928   0.526427811764
2.888   0.542693575767   0.526427847118
2.984   0.542693574632   0.526427867436
3.08   0.542693574035   0.526427879113
3.176   0.542693573722   0.526427885825
3.272   0.542693573557   0.526427889682
3.368   0.54269357347   0.526427891899
3.464   0.542693573425   0.526427893173
3.56   0.542693573401   0.526427893905
3.656   0.542693573389   0.526427894326
3.752   0.542693573382   0.526427894568
3.848   0.542693573378   0.526427894707
3.944   0.542693573377   0.526427894787
4.04   0.542693573376   0.526427894833
4.136   0.542693573375   0.526427894859
4.232   0.542693573375   0.526427894874
4.328   0.542693573375   0.526427894883
4.424   0.542693573375   0.526427894888
4.52   0.542693573375   0.526427894891
4.616   0.542693573375   0.526427894892
4.712   0.542693573375   0.526427894893
4.808   0.542693573375   0.526427894894
4.904   0.542693573375   0.526427894894
5.0   0.542693573375   0.526427894894
5.096   0.542693573375   0.526427894894
5.192   0.542693573375   0.526427894894
5.288   0.542693573375   0.526427894895
5.384   0.542693573375   0.526427894895
5.48   0.542693573375   0.526427894895
5.576   0.542693573375   0.526427894895
5.672   0.542693573375   0.526427894895
5.768   0.542693573375   0.526427894895
5.864   0.542693573375   0.526427894895
5.96   0.542693573375   0.526427894895
6.056   0.542693573375   0.526427894895
6.152   0.542693573375   0.526427894895
6.248   0.542693573375   0.526427894895
6.344   0.542693573375   0.526427894895
6.44   0.542693573375   0.526427894895
6.536   0.542693573375   0.526427894895
6.632   0.542693573375   0.526427894895
6.728   0.542693573375   0.526427894895
6.824   0.542693573375   0.526427894895
6.92   0.542693573375   0.526427894895
7.016   0.542693573375   0.526427894895
7.112   0.542693573375   0.526427894895
7.208   0.542693573375   0.526427894895
7.304   0.542693573375   0.526427894895
7.4   0.542693573375   0.526427894895
7.496   0.542693573375   0.526427894895
7.592   0.542693573375   0.526427894895
7.688   0.542693573375   0.526427894895
7.784   0.542693573375   0.526427894895
7.88   0.542693573375   0.526427894895
7.976   0.542693573375   0.526427894895
8.072   0.542693573375   0.526427894895
8.168   0.542693573375   0.526427894895
8.264   0.542693573375   0.526427894895
8.36   0.542693573375   0.526427894895
8.456   0.542693573375   0.526427894895
8.552   0.542693573375   0.526427894895
8.648   0.542693573375   0.526427894895
8.744   0.542693573375   0.526427894895
8.84   0.542693573375   0.526427894895
8.936   0.542693573375   0.526427894895
9.032   0.542693573375   0.526427894895
9.128   0.542693573375   0.526427894895
9.224   0.542693573375   0.526427894895
9.32   0.542693573375   0.526427894895
9.416   0.542693573375   0.526427894895
9.512   0.542693573375   0.526427894895
9.608   0.542693573375   0.526427894895
9.704   0.542693573375   0.526427894895
