0.2   0.5653985657   0.435119876303
0.296   0.562277892898   0.47671263449
0.392   0.559715564673   0.503311296955
0.488   0.557701537135   0.520134158202
0.584   0.556208615664   0.530239033832
0.68   0.555183660274   0.53598438437
0.776   0.554541771364   0.539133123021
0.872   0.554175728763   0.540820833135
0.968   0.55398337383   0.54171277586
1.064   0.553887020891   0.542180381613
1.16   0.553840686509   0.54242503591
1.256   0.553818801773   0.542552899382
1.352   0.553808561923   0.542619810721
1.448   0.55380379358   0.542654868139
1.544   0.553801578421   0.542673253632
1.64   0.553800550567   0.542682902298
1.736   0.553800073908   0.542687968216
1.832   0.553799852923   0.542690628799
1.928   0.553799750485   0.542692026373
2.024   0.553799703004   0.542692760584
2.12   0.553799680996   0.542693146325
2.216   0.553799670795   0.542693348995
2.312   0.553799666067   0.54269345548
2.408   0.553799663876   0.54269351143
2.504   0.55379966286   0.542693540827
2.6   0.55379966239   0.542693556273
2.696   0.553799662171   0.542693564389
2.792   0.55379966207   0.542693568653
2.888   0.553799662023   0.542693570894
2.984   0.553799662002   0.542693572071
3.08   0.553799661992   0.54269357269
3.176   0.553799661987   0.542693573015
3.272   0.553799661985   0.542693573186
3.368   0.553799661984   0.542693573275
3.464   0.553799661983   0.542693573322
3.56   0.553799661983   0.542693573347
3.656   0.553799661983   0.54269357336
3.752   0.553799661983   0.542693573367
3.848   0.553799661983   0.542693573371
3.944   0.553799661983   0.542693573373
4.04   0.553799661983   0.542693573374
4.136   0.553799661983   0.542693573374
4.232   0.553799661983   0.542693573374
4.328   0.553799661983   0.542693573374
4.424   0.553799661983   0.542693573375
4.52   0.553799661983   0.542693573375
4.616   0.553799661983   0.542693573375
4.712   0.553799661983   0.542693573375
4.808   0.553799661983   0.542693573375
4.904   0.553799661983   0.542693573375
5.0   0.553799661983   0.542693573375
5.096   0.553799661983   0.542693573375
5.192   0.553799661983   0.542693573375
5.288   0.553799661983   0.542693573375
5.384   0.553799661983   0.542693573375
5.48   0.553799661983   0.542693573375
5.576   0.553799661983   0.542693573375
5.672   0.553799661983   0.542693573375
5.768   0.553799661983   0.542693573375
5.864   0.553799661983   0.542693573375
5.96   0.553799661983   0.542693573375
6.056   0.553799661983   0.542693573375
6.152   0.553799661983   0.542693573375
6.248   0.553799661983   0.542693573375
6.344   0.553799661983   0.542693573375
6.44   0.553799661983   0.542693573375
6.536   0.553799661983   0.542693573375
6.632   0.553799661983   0.542693573375
6.728   0.553799661983   0.542693573375
6.824   0.553799661983   0.542693573375
6.92   0.553799661983   0.542693573375
7.016   0.553799661983   0.542693573375
7.112   0.553799661983   0.542693573375
7.208   0.553799661983   0.542693573375
7.304   0.553799661983   0.542693573375
7.4   0.553799661983   0.542693573375
7.496   0.553799661983   0.542693573375
7.592   0.553799661983   0.542693573375
7.688   0.553799661983   0.542693573375
7.784   0.553799661983   0.542693573375
7.88   0.553799661983   0.542693573375
7.976   0.553799661983   0.542693573375
8.072   0.553799661983   0.542693573375
8.168   0.553799661983   0.542693573375
8.264   0.553799661983   0.542693573375
8.36   0.553799661983   0.542693573375
8.456   0.553799661983   0.542693573375
8.552   0.553799661983   0.542693573375
8.648   0.553799661983   0.542693573375
8.744   0.553799661983   0.542693573375
8.84   0.553799661983   0.542693573375
8.936   0.553799661983   0.542693573375
9.032   0.553799661983   0.542693573375
9.128   0.553799661983   0.542693573375
9.224   0.553799661983   0.542693573375
9.32   0.553799661983   0.542693573375
9.416   0.553799661983   0.542693573375
9.512   0.553799661983   0.542693573375
9.608   0.553799661983   0.542693573375
9.704   0.553799661983   0.542693573375
