0.2   0.562892954009   0.39566039991
0.296   0.558583971325   0.442541840318
0.392   0.554869043142   0.473405176173
0.488   0.551742296769   0.494202939601
0.584   0.549183398336   0.508087293929
0.68   0.54715998684   0.517139955631
0.776   0.545627683497   0.522902446797
0.872   0.544528020977   0.526496588499
0.968   0.543786808888   0.528693937607
1.064   0.543318667299   0.530008564743
1.16   0.543039921921   0.530778734771
1.256   0.542881612553   0.531222177364
1.352   0.542794147183   0.53147483358
1.448   0.542746948994   0.531617629819
1.544   0.542721774495   0.531698063997
1.64   0.54270843632   0.53174329327
1.736   0.542701395831   0.531768705817
1.832   0.542697687258   0.531782979247
1.928   0.542695735998   0.531790995216
2.024   0.542694709986   0.531795496877
2.12   0.542694170671   0.531798024977
2.216   0.542693887237   0.531799444768
2.312   0.542693738294   0.531800242144
2.408   0.54269366003   0.531800689969
2.504   0.542693618907   0.531800941481
2.6   0.542693597299   0.531801082739
2.696   0.542693585945   0.531801162075
2.792   0.54269357998   0.531801206633
2.888   0.542693576845   0.531801231659
2.984   0.542693575198   0.531801245714
3.08   0.542693574333   0.531801253608
3.176   0.542693573878   0.531801258042
3.272   0.542693573639   0.531801260532
3.368   0.542693573514   0.531801261931
3.464   0.542693573448   0.531801262716
3.56   0.542693573413   0.531801263158
3.656   0.542693573395   0.531801263405
3.752   0.542693573385   0.531801263544
3.848   0.54269357338   0.531801263623
3.944   0.542693573378   0.531801263667
4.04   0.542693573376   0.531801263691
4.136   0.542693573375   0.531801263705
4.232   0.542693573375   0.531801263713
4.328   0.542693573375   0.531801263717
4.424   0.542693573375   0.53180126372
4.52   0.542693573375   0.531801263721
4.616   0.542693573375   0.531801263722
4.712   0.542693573375   0.531801263722
4.808   0.542693573375   0.531801263722
4.904   0.542693573375   0.531801263723
5.0   0.542693573375   0.531801263723
5.096   0.542693573375   0.531801263723
5.192   0.542693573375   0.531801263723
5.288   0.542693573375   0.531801263723
5.384   0.542693573375   0.531801263723
5.48   0.542693573375   0.531801263723
5.576   0.542693573375   0.531801263723
5.672   0.542693573375   0.531801263723
5.768   0.542693573375   0.531801263723
5.864   0.542693573375   0.531801263723
5.96   0.542693573375   0.531801263723
6.056   0.542693573375   0.531801263723
6.152   0.542693573375   0.531801263723
6.248   0.542693573375   0.531801263723
6.344   0.542693573375   0.531801263723
6.44   0.542693573375   0.531801263723
6.536   0.542693573375   0.531801263723
6.632   0.542693573375   0.531801263723
6.728   0.542693573375   0.531801263723
6.824   0.542693573375   0.531801263723
6.92   0.542693573375   0.531801263723
7.016   0.542693573375   0.531801263723
7.112   0.542693573375   0.531801263723
7.208   0.542693573375   0.531801263723
7.304   0.542693573375   0.531801263723
7.4   0.542693573375   0.531801263723
7.496   0.542693573375   0.531801263723
7.592   0.542693573375   0.531801263723
7.688   0.542693573375   0.531801263723
7.784   0.542693573375   0.531801263723
7.88   0.542693573375   0.531801263723
7.976   0.542693573375   0.531801263723
8.072   0.542693573375   0.531801263723
8.168   0.542693573375   0.531801263723
8.264   0.542693573375   0.531801263723
8.36   0.542693573375   0.531801263723
8.456   0.542693573375   0.531801263723
8.552   0.542693573375   0.531801263723
8.648   0.542693573375   0.531801263723
8.744   0.542693573375   0.531801263723
8.84   0.542693573375   0.531801263723
8.936   0.542693573375   0.531801263723
9.032   0.542693573375   0.531801263723
9.128   0.542693573375   0.531801263723
9.224   0.542693573375   0.531801263723
9.32   0.542693573375   0.531801263723
9.416   0.542693573375   0.531801263723
9.512   0.542693573375   0.531801263723
9.608   0.542693573375   0.531801263723
9.704   0.542693573375   0.531801263723
