0.2   0.566070329196   0.455806645597
0.296   0.563370860479   0.490044159986
0.392   0.561293123709   0.512196980127
0.488   0.559813750273   0.525954864595
0.584   0.558862457194   0.533873800569
0.68   0.558317469429   0.538135986438
0.776   0.558036923292   0.54034850281
0.872   0.557903836322   0.541483675027
0.968   0.557843429778   0.542066373872
1.064   0.557816877712   0.542367117185
1.16   0.557805356961   0.542523074171
1.256   0.557800389525   0.542604331142
1.352   0.557798254057   0.54264679119
1.448   0.5577973373   0.542669026662
1.544   0.557796943987   0.542680686349
1.64   0.557796775293   0.542686805379
1.736   0.55779670295   0.542690018248
1.832   0.557796671927   0.5426917057
1.928   0.557796658625   0.54269259213
2.024   0.557796652921   0.542693057826
2.12   0.557796650475   0.542693302497
2.216   0.557796649426   0.54269343105
2.312   0.557796648976   0.542693498594
2.408   0.557796648783   0.542693534083
2.504   0.5577966487   0.542693552729
2.6   0.557796648665   0.542693562527
2.696   0.55779664865   0.542693567675
2.792   0.557796648643   0.54269357038
2.888   0.557796648641   0.542693571801
2.984   0.557796648639   0.542693572548
3.08   0.557796648639   0.54269357294
3.176   0.557796648639   0.542693573146
3.272   0.557796648638   0.542693573255
3.368   0.557796648638   0.542693573312
3.464   0.557796648638   0.542693573342
3.56   0.557796648638   0.542693573357
3.656   0.557796648638   0.542693573366
3.752   0.557796648638   0.54269357337
3.848   0.557796648638   0.542693573372
3.944   0.557796648638   0.542693573373
4.04   0.557796648638   0.542693573374
4.136   0.557796648638   0.542693573374
4.232   0.557796648638   0.542693573374
4.328   0.557796648638   0.542693573375
4.424   0.557796648638   0.542693573375
4.52   0.557796648638   0.542693573375
4.616   0.557796648638   0.542693573375
4.712   0.557796648638   0.542693573375
4.808   0.557796648638   0.542693573375
4.904   0.557796648638   0.542693573375
5.0   0.557796648638   0.542693573375
5.096   0.557796648638   0.542693573375
5.192   0.557796648638   0.542693573375
5.288   0.557796648638   0.542693573375
5.384   0.557796648638   0.542693573375
5.48   0.557796648638   0.542693573375
5.576   0.557796648638   0.542693573375
5.672   0.557796648638   0.542693573375
5.768   0.557796648638   0.542693573375
5.864   0.557796648638   0.542693573375
5.96   0.557796648638   0.542693573375
6.056   0.557796648638   0.542693573375
6.152   0.557796648638   0.542693573375
6.248   0.557796648638   0.542693573375
6.344   0.557796648638   0.542693573375
6.44   0.557796648638   0.542693573375
6.536   0.557796648638   0.542693573375
6.632   0.557796648638   0.542693573375
6.728   0.557796648638   0.542693573375
6.824   0.557796648638   0.542693573375
6.92   0.557796648638   0.542693573375
7.016   0.557796648638   0.542693573375
7.112   0.557796648638   0.542693573375
7.208   0.557796648638   0.542693573375
7.304   0.557796648638   0.542693573375
7.4   0.557796648638   0.542693573375
7.496   0.557796648638   0.542693573375
7.592   0.557796648638   0.542693573375
7.688   0.557796648638   0.542693573375
7.784   0.557796648638   0.542693573375
7.88   0.557796648638   0.542693573375
7.976   0.557796648638   0.542693573375
8.072   0.557796648638   0.542693573375
8.168   0.557796648638   0.542693573375
8.264   0.557796648638   0.542693573375
8.36   0.557796648638   0.542693573375
8.456   0.557796648638   0.542693573375
8.552   0.557796648638   0.542693573375
8.648   0.557796648638   0.542693573375
8.744   0.557796648638   0.542693573375
8.84   0.557796648638   0.542693573375
8.936   0.557796648638   0.542693573375
9.032   0.557796648638   0.542693573375
9.128   0.557796648638   0.542693573375
9.224   0.557796648638   0.542693573375
9.32   0.557796648638   0.542693573375
9.416   0.557796648638   0.542693573375
9.512   0.557796648638   0.542693573375
9.608   0.557796648638   0.542693573375
9.704   0.557796648638   0.542693573375
