0.2   0.56221566398   0.407810056441
0.296   0.557698840403   0.446289618
0.392   0.55386150223   0.472772549405
0.488   0.550699089444   0.491160638841
0.584   0.548188903003   0.503723336147
0.68   0.546288163113   0.512059353534
0.776   0.544929428543   0.517415244594
0.872   0.544019514055   0.520754179521
0.968   0.543448851048   0.522781763682
1.064   0.543111016514   0.523987503163
1.16   0.542919810357   0.524693995235
1.256   0.542814500812   0.525104203318
1.352   0.542757732424   0.52534130573
1.448   0.542727467858   0.525477997885
1.544   0.542711436118   0.525556741888
1.64   0.542702974521   0.525602095676
1.736   0.542698517497   0.525628219605
1.832   0.542696172452   0.525643269218
1.928   0.542694939377   0.525651940333
2.024   0.542694291219   0.525656936957
2.12   0.542693950582   0.525659816461
2.216   0.542693771579   0.525661475997
2.312   0.54269367752   0.525662432475
2.408   0.542693628096   0.52566298376
2.504   0.542693602127   0.52566330151
2.6   0.542693588482   0.525663484658
2.696   0.542693581313   0.525663590223
2.792   0.542693577546   0.52566365107
2.888   0.542693575566   0.525663686143
2.984   0.542693574526   0.525663706358
3.08   0.54269357398   0.52566371801
3.176   0.542693573693   0.525663724727
3.272   0.542693573542   0.525663728598
3.368   0.542693573462   0.52566373083
3.464   0.542693573421   0.525663732116
3.56   0.542693573399   0.525663732857
3.656   0.542693573387   0.525663733284
3.752   0.542693573381   0.525663733531
3.848   0.542693573378   0.525663733673
3.944   0.542693573377   0.525663733755
4.04   0.542693573376   0.525663733802
4.136   0.542693573375   0.525663733829
4.232   0.542693573375   0.525663733845
4.328   0.542693573375   0.525663733854
4.424   0.542693573375   0.525663733859
4.52   0.542693573375   0.525663733862
4.616   0.542693573375   0.525663733864
4.712   0.542693573375   0.525663733865
4.808   0.542693573375   0.525663733865
4.904   0.542693573375   0.525663733865
5.0   0.542693573375   0.525663733866
5.096   0.542693573375   0.525663733866
5.192   0.542693573375   0.525663733866
5.288   0.542693573375   0.525663733866
5.384   0.542693573375   0.525663733866
5.48   0.542693573375   0.525663733866
5.576   0.542693573375   0.525663733866
5.672   0.542693573375   0.525663733866
5.768   0.542693573375   0.525663733866
5.864   0.542693573375   0.525663733866
5.96   0.542693573375   0.525663733866
6.056   0.542693573375   0.525663733866
6.152   0.542693573375   0.525663733866
6.248   0.542693573375   0.525663733866
6.344   0.542693573375   0.525663733866
6.44   0.542693573375   0.525663733866
6.536   0.542693573375   0.525663733866
6.632   0.542693573375   0.525663733866
6.728   0.542693573375   0.525663733866
6.824   0.542693573375   0.525663733866
6.92   0.542693573375   0.525663733866
7.016   0.542693573375   0.525663733866
7.112   0.542693573375   0.525663733866
7.208   0.542693573375   0.525663733866
7.304   0.542693573375   0.525663733866
7.4   0.542693573375   0.525663733866
7.496   0.542693573375   0.525663733866
7.592   0.542693573375   0.525663733866
7.688   0.542693573375   0.525663733866
7.784   0.542693573375   0.525663733866
7.88   0.542693573375   0.525663733866
7.976   0.542693573375   0.525663733866
8.072   0.542693573375   0.525663733866
8.168   0.542693573375   0.525663733866
8.264   0.542693573375   0.525663733866
8.36   0.542693573375   0.525663733866
8.456   0.542693573375   0.525663733866
8.552   0.542693573375   0.525663733866
8.648   0.542693573375   0.525663733866
8.744   0.542693573375   0.525663733866
8.84   0.542693573375   0.525663733866
8.936   0.542693573375   0.525663733866
9.032   0.542693573375   0.525663733866
9.128   0.542693573375   0.525663733866
9.224   0.542693573375   0.525663733866
9.32   0.542693573375   0.525663733866
9.416   0.542693573375   0.525663733866
9.512   0.542693573375   0.525663733866
9.608   0.542693573375   0.525663733866
9.704   0.542693573375   0.525663733866
