0.2   0.56180653799   0.378682008372
0.296   0.557134007292   0.424991915088
0.392   0.553197593078   0.455915426437
0.488   0.550006969895   0.477036078136
0.584   0.54754285637   0.491342937057
0.68   0.545748176828   0.500793634643
0.776   0.544525214092   0.506847609602
0.872   0.543746259807   0.510617391987
0.968   0.543279242636   0.512914105149
1.064   0.543012384912   0.514293194758
1.16   0.542864474677   0.515114515378
1.256   0.542784407271   0.515601738215
1.352   0.542741610613   0.515890422049
1.448   0.542718905123   0.516061420142
1.544   0.542706910187   0.516162752273
1.64   0.542700588707   0.516222832717
1.736   0.542697261689   0.516258472016
1.832   0.542695511974   0.516279621248
1.928   0.54269459216   0.516292175403
2.024   0.542694108729   0.516299629109
2.12   0.542693854681   0.516304055207
2.216   0.542693721186   0.516306683742
2.312   0.54269365104   0.51630824486
2.408   0.542693614183   0.516309172068
2.504   0.542693594817   0.516309722789
2.6   0.542693584641   0.5163100499
2.696   0.542693579294   0.516310244195
2.792   0.542693576485   0.516310359602
2.888   0.542693575009   0.516310428152
2.984   0.542693574233   0.51631046887
3.08   0.542693573826   0.516310493056
3.176   0.542693573612   0.516310507422
3.272   0.542693573499   0.516310515955
3.368   0.54269357344   0.516310521023
3.464   0.542693573409   0.516310524034
3.56   0.542693573393   0.516310525822
3.656   0.542693573384   0.516310526885
3.752   0.54269357338   0.516310527516
3.848   0.542693573377   0.51631052789
3.944   0.542693573376   0.516310528113
4.04   0.542693573375   0.516310528245
4.136   0.542693573375   0.516310528324
4.232   0.542693573375   0.51631052837
4.328   0.542693573375   0.516310528398
4.424   0.542693573375   0.516310528415
4.52   0.542693573375   0.516310528424
4.616   0.542693573375   0.51631052843
4.712   0.542693573375   0.516310528434
4.808   0.542693573375   0.516310528436
4.904   0.542693573375   0.516310528437
5.0   0.542693573375   0.516310528438
5.096   0.542693573375   0.516310528438
5.192   0.542693573375   0.516310528438
5.288   0.542693573375   0.516310528438
5.384   0.542693573375   0.516310528439
5.48   0.542693573375   0.516310528439
5.576   0.542693573375   0.516310528439
5.672   0.542693573375   0.516310528439
5.768   0.542693573375   0.516310528439
5.864   0.542693573375   0.516310528439
5.96   0.542693573375   0.516310528439
6.056   0.542693573375   0.516310528439
6.152   0.542693573375   0.516310528439
6.248   0.542693573375   0.516310528439
6.344   0.542693573375   0.516310528439
6.44   0.542693573375   0.516310528439
6.536   0.542693573375   0.516310528439
6.632   0.542693573375   0.516310528439
6.728   0.542693573375   0.516310528439
6.824   0.542693573375   0.516310528439
6.92   0.542693573375   0.516310528439
7.016   0.542693573375   0.516310528439
7.112   0.542693573375   0.516310528439
7.208   0.542693573375   0.516310528439
7.304   0.542693573375   0.516310528439
7.4   0.542693573375   0.516310528439
7.496   0.542693573375   0.516310528439
7.592   0.542693573375   0.516310528439
7.688   0.542693573375   0.516310528439
7.784   0.542693573375   0.516310528439
7.88   0.542693573375   0.516310528439
7.976   0.542693573375   0.516310528439
8.072   0.542693573375   0.516310528439
8.168   0.542693573375   0.516310528439
8.264   0.542693573375   0.516310528439
8.36   0.542693573375   0.516310528439
8.456   0.542693573375   0.516310528439
8.552   0.542693573375   0.516310528439
8.648   0.542693573375   0.516310528439
8.744   0.542693573375   0.516310528439
8.84   0.542693573375   0.516310528439
8.936   0.542693573375   0.516310528439
9.032   0.542693573375   0.516310528439
9.128   0.542693573375   0.516310528439
9.224   0.542693573375   0.516310528439
9.32   0.542693573375   0.516310528439
9.416   0.542693573375   0.516310528439
9.512   0.542693573375   0.516310528439
9.608   0.542693573375   0.516310528439
9.704   0.542693573375   0.516310528439
