0.2   0.562263019367   0.401243722424
0.296   0.557751288943   0.442324903021
0.392   0.553911161383   0.470260058229
0.488   0.550741171774   0.48951354412
0.584   0.548221396374   0.502603237407
0.68   0.546311227412   0.511258548008
0.776   0.544944595492   0.516805140305
0.872   0.544028849415   0.520256723876
0.968   0.543454301503   0.522350543163
1.064   0.543114077838   0.523595224547
1.16   0.54292148409   0.524324658593
1.256   0.542815401574   0.52474841729
1.352   0.542758212297   0.52499355021
1.448   0.542727721985   0.52513500781
1.544   0.542711570234   0.525216584028
1.64   0.542703045163   0.52526362244
1.736   0.542698554665   0.525290748672
1.832   0.542696191996   0.52530639456
1.928   0.542694949651   0.525315420271
2.024   0.542694296618   0.525320627655
2.12   0.542693953419   0.525323632348
2.216   0.54269377307   0.525325366195
2.312   0.542693678303   0.525326366752
2.408   0.542693628508   0.525326944165
2.504   0.542693602344   0.525327277393
2.6   0.542693588596   0.525327469702
2.696   0.542693581372   0.525327580687
2.792   0.542693577577   0.525327644738
2.888   0.542693575583   0.525327681704
2.984   0.542693574535   0.525327703037
3.08   0.542693573984   0.52532771535
3.176   0.542693573695   0.525327722455
3.272   0.542693573543   0.525327726556
3.368   0.542693573463   0.525327728923
3.464   0.542693573421   0.525327730289
3.56   0.542693573399   0.525327731077
3.656   0.542693573387   0.525327731532
3.752   0.542693573381   0.525327731794
3.848   0.542693573378   0.525327731946
3.944   0.542693573377   0.525327732033
4.04   0.542693573376   0.525327732084
4.136   0.542693573375   0.525327732113
4.232   0.542693573375   0.52532773213
4.328   0.542693573375   0.525327732139
4.424   0.542693573375   0.525327732145
4.52   0.542693573375   0.525327732148
4.616   0.542693573375   0.52532773215
4.712   0.542693573375   0.525327732151
4.808   0.542693573375   0.525327732152
4.904   0.542693573375   0.525327732152
5.0   0.542693573375   0.525327732152
5.096   0.542693573375   0.525327732153
5.192   0.542693573375   0.525327732153
5.288   0.542693573375   0.525327732153
5.384   0.542693573375   0.525327732153
5.48   0.542693573375   0.525327732153
5.576   0.542693573375   0.525327732153
5.672   0.542693573375   0.525327732153
5.768   0.542693573375   0.525327732153
5.864   0.542693573375   0.525327732153
5.96   0.542693573375   0.525327732153
6.056   0.542693573375   0.525327732153
6.152   0.542693573375   0.525327732153
6.248   0.542693573375   0.525327732153
6.344   0.542693573375   0.525327732153
6.44   0.542693573375   0.525327732153
6.536   0.542693573375   0.525327732153
6.632   0.542693573375   0.525327732153
6.728   0.542693573375   0.525327732153
6.824   0.542693573375   0.525327732153
6.92   0.542693573375   0.525327732153
7.016   0.542693573375   0.525327732153
7.112   0.542693573375   0.525327732153
7.208   0.542693573375   0.525327732153
7.304   0.542693573375   0.525327732153
7.4   0.542693573375   0.525327732153
7.496   0.542693573375   0.525327732153
7.592   0.542693573375   0.525327732153
7.688   0.542693573375   0.525327732153
7.784   0.542693573375   0.525327732153
7.88   0.542693573375   0.525327732153
7.976   0.542693573375   0.525327732153
8.072   0.542693573375   0.525327732153
8.168   0.542693573375   0.525327732153
8.264   0.542693573375   0.525327732153
8.36   0.542693573375   0.525327732153
8.456   0.542693573375   0.525327732153
8.552   0.542693573375   0.525327732153
8.648   0.542693573375   0.525327732153
8.744   0.542693573375   0.525327732153
8.84   0.542693573375   0.525327732153
8.936   0.542693573375   0.525327732153
9.032   0.542693573375   0.525327732153
9.128   0.542693573375   0.525327732153
9.224   0.542693573375   0.525327732153
9.32   0.542693573375   0.525327732153
9.416   0.542693573375   0.525327732153
9.512   0.542693573375   0.525327732153
9.608   0.542693573375   0.525327732153
9.704   0.542693573375   0.525327732153
