0.2   0.564140874245   0.434812370008
0.296   0.560411127768   0.471916669415
0.392   0.557225151887   0.496883297491
0.488   0.5545561275   0.513648623593
0.584   0.552364528449   0.524584096752
0.68   0.550602956063   0.53149794492
0.776   0.54922024559   0.535804357765
0.872   0.548165169229   0.538487745051
0.968   0.547388460816   0.540165521084
1.064   0.546842893347   0.541209213871
1.16   0.546481128923   0.541846052346
1.256   0.546256531942   0.542222642756
1.352   0.546126376364   0.542437472865
1.448   0.546053178773   0.542556382726
1.544   0.546014018214   0.542620699557
1.64   0.545993502064   0.542655056276
1.736   0.545982879062   0.54267327224
1.832   0.545977413843   0.542682889409
1.928   0.545974611819   0.54268795511
2.024   0.545973177833   0.542690620153
2.12   0.545972444667   0.542692021343
2.216   0.545972070004   0.542692757806
2.312   0.545971878593   0.542693144829
2.408   0.545971780817   0.542693348198
2.504   0.545971730874   0.542693455059
2.6   0.545971705366   0.542693511207
2.696   0.545971692337   0.54269354071
2.792   0.545971685682   0.542693556212
2.888   0.545971682284   0.542693564357
2.984   0.545971680548   0.542693568636
3.08   0.545971679661   0.542693570885
3.176   0.545971679209   0.542693572067
3.272   0.545971678977   0.542693572687
3.368   0.545971678859   0.542693573014
3.464   0.545971678799   0.542693573185
3.56   0.545971678768   0.542693573275
3.656   0.545971678752   0.542693573322
3.752   0.545971678744   0.542693573347
3.848   0.54597167874   0.54269357336
3.944   0.545971678738   0.542693573367
4.04   0.545971678737   0.542693573371
4.136   0.545971678736   0.542693573373
4.232   0.545971678736   0.542693573374
4.328   0.545971678736   0.542693573374
4.424   0.545971678736   0.542693573374
4.52   0.545971678736   0.542693573374
4.616   0.545971678736   0.542693573375
4.712   0.545971678736   0.542693573375
4.808   0.545971678736   0.542693573375
4.904   0.545971678736   0.542693573375
5.0   0.545971678736   0.542693573375
5.096   0.545971678736   0.542693573375
5.192   0.545971678736   0.542693573375
5.288   0.545971678736   0.542693573375
5.384   0.545971678736   0.542693573375
5.48   0.545971678736   0.542693573375
5.576   0.545971678736   0.542693573375
5.672   0.545971678736   0.542693573375
5.768   0.545971678736   0.542693573375
5.864   0.545971678736   0.542693573375
5.96   0.545971678736   0.542693573375
6.056   0.545971678736   0.542693573375
6.152   0.545971678736   0.542693573375
6.248   0.545971678736   0.542693573375
6.344   0.545971678736   0.542693573375
6.44   0.545971678736   0.542693573375
6.536   0.545971678736   0.542693573375
6.632   0.545971678736   0.542693573375
6.728   0.545971678736   0.542693573375
6.824   0.545971678736   0.542693573375
6.92   0.545971678736   0.542693573375
7.016   0.545971678736   0.542693573375
7.112   0.545971678736   0.542693573375
7.208   0.545971678736   0.542693573375
7.304   0.545971678736   0.542693573375
7.4   0.545971678736   0.542693573375
7.496   0.545971678736   0.542693573375
7.592   0.545971678736   0.542693573375
7.688   0.545971678736   0.542693573375
7.784   0.545971678736   0.542693573375
7.88   0.545971678736   0.542693573375
7.976   0.545971678736   0.542693573375
8.072   0.545971678736   0.542693573375
8.168   0.545971678736   0.542693573375
8.264   0.545971678736   0.542693573375
8.36   0.545971678736   0.542693573375
8.456   0.545971678736   0.542693573375
8.552   0.545971678736   0.542693573375
8.648   0.545971678736   0.542693573375
8.744   0.545971678736   0.542693573375
8.84   0.545971678736   0.542693573375
8.936   0.545971678736   0.542693573375
9.032   0.545971678736   0.542693573375
9.128   0.545971678736   0.542693573375
9.224   0.545971678736   0.542693573375
9.32   0.545971678736   0.542693573375
9.416   0.545971678736   0.542693573375
9.512   0.545971678736   0.542693573375
9.608   0.545971678736   0.542693573375
9.704   0.545971678736   0.542693573375
