0.2   0.56543866871   0.428376285766
0.296   0.562321930338   0.473237440803
0.392   0.559755922723   0.501495290159
0.488   0.557732724694   0.519206897918
0.584   0.556227421851   0.529775465619
0.68   0.555189421105   0.535752024219
0.776   0.554536277291   0.539015012854
0.872   0.55416217528   0.540760176978
0.968   0.553964921732   0.541681458817
1.064   0.553865867286   0.542164136804
1.16   0.553818163454   0.542416592558
1.256   0.553795610062   0.542548495106
1.352   0.553785050095   0.542617507496
1.448   0.553780130038   0.542653661574
1.544   0.553777843343   0.542672620841
1.64   0.553776781846   0.542682570184
1.736   0.553776289385   0.54268779383
1.832   0.553776060984   0.542690537208
1.928   0.553775955067   0.542691978259
2.024   0.553775905954   0.542692735307
2.12   0.553775883181   0.542693133045
2.216   0.553775872621   0.542693342017
2.312   0.553775867725   0.542693451814
2.408   0.553775865455   0.542693509503
2.504   0.553775864403   0.542693539815
2.6   0.553775863914   0.542693555741
2.696   0.553775863688   0.54269356411
2.792   0.553775863583   0.542693568507
2.888   0.553775863535   0.542693570817
2.984   0.553775863512   0.542693572031
3.08   0.553775863502   0.542693572668
3.176   0.553775863497   0.542693573004
3.272   0.553775863494   0.54269357318
3.368   0.553775863493   0.542693573272
3.464   0.553775863493   0.542693573321
3.56   0.553775863493   0.542693573346
3.656   0.553775863493   0.54269357336
3.752   0.553775863493   0.542693573367
3.848   0.553775863493   0.542693573371
3.944   0.553775863493   0.542693573373
4.04   0.553775863493   0.542693573374
4.136   0.553775863493   0.542693573374
4.232   0.553775863493   0.542693573374
4.328   0.553775863493   0.542693573374
4.424   0.553775863493   0.542693573375
4.52   0.553775863493   0.542693573375
4.616   0.553775863493   0.542693573375
4.712   0.553775863493   0.542693573375
4.808   0.553775863493   0.542693573375
4.904   0.553775863493   0.542693573375
5.0   0.553775863493   0.542693573375
5.096   0.553775863493   0.542693573375
5.192   0.553775863493   0.542693573375
5.288   0.553775863493   0.542693573375
5.384   0.553775863493   0.542693573375
5.48   0.553775863493   0.542693573375
5.576   0.553775863493   0.542693573375
5.672   0.553775863493   0.542693573375
5.768   0.553775863493   0.542693573375
5.864   0.553775863493   0.542693573375
5.96   0.553775863493   0.542693573375
6.056   0.553775863493   0.542693573375
6.152   0.553775863493   0.542693573375
6.248   0.553775863493   0.542693573375
6.344   0.553775863493   0.542693573375
6.44   0.553775863493   0.542693573375
6.536   0.553775863493   0.542693573375
6.632   0.553775863493   0.542693573375
6.728   0.553775863493   0.542693573375
6.824   0.553775863493   0.542693573375
6.92   0.553775863493   0.542693573375
7.016   0.553775863493   0.542693573375
7.112   0.553775863493   0.542693573375
7.208   0.553775863493   0.542693573375
7.304   0.553775863493   0.542693573375
7.4   0.553775863493   0.542693573375
7.496   0.553775863493   0.542693573375
7.592   0.553775863493   0.542693573375
7.688   0.553775863493   0.542693573375
7.784   0.553775863493   0.542693573375
7.88   0.553775863493   0.542693573375
7.976   0.553775863493   0.542693573375
8.072   0.553775863493   0.542693573375
8.168   0.553775863493   0.542693573375
8.264   0.553775863493   0.542693573375
8.36   0.553775863493   0.542693573375
8.456   0.553775863493   0.542693573375
8.552   0.553775863493   0.542693573375
8.648   0.553775863493   0.542693573375
8.744   0.553775863493   0.542693573375
8.84   0.553775863493   0.542693573375
8.936   0.553775863493   0.542693573375
9.032   0.553775863493   0.542693573375
9.128   0.553775863493   0.542693573375
9.224   0.553775863493   0.542693573375
9.32   0.553775863493   0.542693573375
9.416   0.553775863493   0.542693573375
9.512   0.553775863493   0.542693573375
9.608   0.553775863493   0.542693573375
9.704   0.553775863493   0.542693573375
