0.2   0.562734459056   0.41019171979
0.296   0.558391914559   0.450583751921
0.392   0.55466608185   0.477988327203
0.488   0.551546036066   0.496803638947
0.584   0.54900669476   0.509530039574
0.68   0.547011301678   0.517912109544
0.776   0.545511212395   0.523288870672
0.872   0.54444362651   0.526658892332
0.968   0.543730384738   0.528723769124
1.064   0.543283649945   0.529959616813
1.16   0.543019450049   0.530683401399
1.256   0.542870114153   0.531100054271
1.352   0.542787881651   0.531337430424
1.448   0.5427435886   0.531471648518
1.544   0.542719988597   0.531547294936
1.64   0.542707492058   0.531589860587
1.736   0.542700897987   0.531613793727
1.832   0.542697425189   0.531627246153
1.928   0.54269559816   0.531634806688
2.024   0.542694637522   0.531639055761
2.12   0.542694132585   0.531641443795
2.216   0.542693867222   0.531642785926
2.312   0.542693727777   0.531643540249
2.408   0.542693654504   0.531643964211
2.504   0.542693616003   0.531644202498
2.6   0.542693595773   0.531644336428
2.696   0.542693585143   0.531644411703
2.792   0.542693579558   0.531644454013
2.888   0.542693576624   0.531644477793
2.984   0.542693575082   0.531644491159
3.08   0.542693574272   0.531644498671
3.176   0.542693573846   0.531644502894
3.272   0.542693573622   0.531644505267
3.368   0.542693573505   0.531644506601
3.464   0.542693573443   0.531644507351
3.56   0.542693573411   0.531644507772
3.656   0.542693573394   0.531644508009
3.752   0.542693573385   0.531644508142
3.848   0.54269357338   0.531644508217
3.944   0.542693573377   0.531644508259
4.04   0.542693573376   0.531644508283
4.136   0.542693573375   0.531644508296
4.232   0.542693573375   0.531644508303
4.328   0.542693573375   0.531644508308
4.424   0.542693573375   0.53164450831
4.52   0.542693573375   0.531644508311
4.616   0.542693573375   0.531644508312
4.712   0.542693573375   0.531644508312
4.808   0.542693573375   0.531644508313
4.904   0.542693573375   0.531644508313
5.0   0.542693573375   0.531644508313
5.096   0.542693573375   0.531644508313
5.192   0.542693573375   0.531644508313
5.288   0.542693573375   0.531644508313
5.384   0.542693573375   0.531644508313
5.48   0.542693573375   0.531644508313
5.576   0.542693573375   0.531644508313
5.672   0.542693573375   0.531644508313
5.768   0.542693573375   0.531644508313
5.864   0.542693573375   0.531644508313
5.96   0.542693573375   0.531644508313
6.056   0.542693573375   0.531644508313
6.152   0.542693573375   0.531644508313
6.248   0.542693573375   0.531644508313
6.344   0.542693573375   0.531644508313
6.44   0.542693573375   0.531644508313
6.536   0.542693573375   0.531644508313
6.632   0.542693573375   0.531644508313
6.728   0.542693573375   0.531644508313
6.824   0.542693573375   0.531644508313
6.92   0.542693573375   0.531644508313
7.016   0.542693573375   0.531644508313
7.112   0.542693573375   0.531644508313
7.208   0.542693573375   0.531644508313
7.304   0.542693573375   0.531644508313
7.4   0.542693573375   0.531644508313
7.496   0.542693573375   0.531644508313
7.592   0.542693573375   0.531644508313
7.688   0.542693573375   0.531644508313
7.784   0.542693573375   0.531644508313
7.88   0.542693573375   0.531644508313
7.976   0.542693573375   0.531644508313
8.072   0.542693573375   0.531644508313
8.168   0.542693573375   0.531644508313
8.264   0.542693573375   0.531644508313
8.36   0.542693573375   0.531644508313
8.456   0.542693573375   0.531644508313
8.552   0.542693573375   0.531644508313
8.648   0.542693573375   0.531644508313
8.744   0.542693573375   0.531644508313
8.84   0.542693573375   0.531644508313
8.936   0.542693573375   0.531644508313
9.032   0.542693573375   0.531644508313
9.128   0.542693573375   0.531644508313
9.224   0.542693573375   0.531644508313
9.32   0.542693573375   0.531644508313
9.416   0.542693573375   0.531644508313
9.512   0.542693573375   0.531644508313
9.608   0.542693573375   0.531644508313
9.704   0.542693573375   0.531644508313
