0.2   0.562789443512   0.401417186201
0.296   0.558452185449   0.445441052095
0.392   0.554722209286   0.474818537248
0.488   0.551592334949   0.494785288378
0.584   0.549040894264   0.508198181913
0.68   0.547033894873   0.516985861693
0.776   0.545524512119   0.522598005326
0.872   0.544450631067   0.526102869082
0.968   0.5437337568   0.528244575114
1.064   0.543285196924   0.52952422949
1.16   0.543020157354   0.530273127208
1.256   0.542870439556   0.530704278466
1.352   0.542788040814   0.530950092355
1.448   0.542743668673   0.531089237394
1.544   0.542720029641   0.531167768502
1.64   0.542707513335   0.531212024952
1.736   0.542700909086   0.531236949164
1.832   0.542697430999   0.531250982182
1.928   0.542695601207   0.531258882526
2.024   0.542694639121   0.531263330266
2.12   0.542694133425   0.531265834312
2.216   0.542693867663   0.53126724411
2.312   0.542693728009   0.531268037855
2.408   0.542693654626   0.531268484757
2.504   0.542693616067   0.53126873638
2.6   0.542693595807   0.531268878054
2.696   0.542693585161   0.531268957823
2.792   0.542693579568   0.531269002736
2.888   0.542693576629   0.531269028025
2.984   0.542693575084   0.531269042263
3.08   0.542693574273   0.53126905028
3.176   0.542693573847   0.531269054794
3.272   0.542693573623   0.531269057336
3.368   0.542693573505   0.531269058767
3.464   0.542693573443   0.531269059573
3.56   0.542693573411   0.531269060027
3.656   0.542693573394   0.531269060282
3.752   0.542693573385   0.531269060426
3.848   0.54269357338   0.531269060507
3.944   0.542693573377   0.531269060552
4.04   0.542693573376   0.531269060578
4.136   0.542693573375   0.531269060593
4.232   0.542693573375   0.531269060601
4.328   0.542693573375   0.531269060605
4.424   0.542693573375   0.531269060608
4.52   0.542693573375   0.531269060609
4.616   0.542693573375   0.53126906061
4.712   0.542693573375   0.531269060611
4.808   0.542693573375   0.531269060611
4.904   0.542693573375   0.531269060611
5.0   0.542693573375   0.531269060611
5.096   0.542693573375   0.531269060611
5.192   0.542693573375   0.531269060611
5.288   0.542693573375   0.531269060611
5.384   0.542693573375   0.531269060611
5.48   0.542693573375   0.531269060611
5.576   0.542693573375   0.531269060611
5.672   0.542693573375   0.531269060611
5.768   0.542693573375   0.531269060611
5.864   0.542693573375   0.531269060611
5.96   0.542693573375   0.531269060611
6.056   0.542693573375   0.531269060611
6.152   0.542693573375   0.531269060611
6.248   0.542693573375   0.531269060611
6.344   0.542693573375   0.531269060611
6.44   0.542693573375   0.531269060611
6.536   0.542693573375   0.531269060611
6.632   0.542693573375   0.531269060611
6.728   0.542693573375   0.531269060611
6.824   0.542693573375   0.531269060611
6.92   0.542693573375   0.531269060611
7.016   0.542693573375   0.531269060611
7.112   0.542693573375   0.531269060611
7.208   0.542693573375   0.531269060611
7.304   0.542693573375   0.531269060611
7.4   0.542693573375   0.531269060611
7.496   0.542693573375   0.531269060611
7.592   0.542693573375   0.531269060611
7.688   0.542693573375   0.531269060611
7.784   0.542693573375   0.531269060611
7.88   0.542693573375   0.531269060611
7.976   0.542693573375   0.531269060611
8.072   0.542693573375   0.531269060611
8.168   0.542693573375   0.531269060611
8.264   0.542693573375   0.531269060611
8.36   0.542693573375   0.531269060611
8.456   0.542693573375   0.531269060611
8.552   0.542693573375   0.531269060611
8.648   0.542693573375   0.531269060611
8.744   0.542693573375   0.531269060611
8.84   0.542693573375   0.531269060611
8.936   0.542693573375   0.531269060611
9.032   0.542693573375   0.531269060611
9.128   0.542693573375   0.531269060611
9.224   0.542693573375   0.531269060611
9.32   0.542693573375   0.531269060611
9.416   0.542693573375   0.531269060611
9.512   0.542693573375   0.531269060611
9.608   0.542693573375   0.531269060611
9.704   0.542693573375   0.531269060611
