0.2   0.563208561781   0.407412712
0.296   0.559034060477   0.451359998761
0.392   0.555428874446   0.480524439251
0.488   0.552378207124   0.50021387717
0.584   0.549853268527   0.513331622733
0.68   0.547815565552   0.521865314511
0.776   0.546220174788   0.527313296936
0.872   0.545017767544   0.530753889756
0.968   0.544154187963   0.532905383993
1.064   0.543568999151   0.534229070282
1.16   0.543196585811   0.535024503832
1.256   0.542973253718   0.535489934609
1.352   0.542845858053   0.535755998844
1.448   0.542775108068   0.535905718165
1.544   0.542736867067   0.535988872153
1.64   0.542716453374   0.536034888068
1.736   0.542705633297   0.536060249901
1.832   0.542699920908   0.536074203993
1.928   0.542696911659   0.536081874645
2.024   0.542695328289   0.536086089338
2.12   0.542694495709   0.536088404615
2.216   0.542694058067   0.53608967634
2.312   0.542693828067   0.536090374832
2.408   0.542693707203   0.536090758469
2.504   0.542693643694   0.536090969174
2.6   0.542693610323   0.536091084899
2.696   0.542693592789   0.536091148459
2.792   0.542693583575   0.536091183367
2.888   0.542693578734   0.53609120254
2.984   0.542693576191   0.53609121307
3.08   0.542693574854   0.536091218854
3.176   0.542693574152   0.53609122203
3.272   0.542693573783   0.536091223775
3.368   0.542693573589   0.536091224733
3.464   0.542693573487   0.536091225259
3.56   0.542693573434   0.536091225548
3.656   0.542693573406   0.536091225707
3.752   0.542693573391   0.536091225794
3.848   0.542693573383   0.536091225842
3.944   0.542693573379   0.536091225869
4.04   0.542693573377   0.536091225883
4.136   0.542693573376   0.536091225891
4.232   0.542693573375   0.536091225895
4.328   0.542693573375   0.536091225898
4.424   0.542693573375   0.536091225899
4.52   0.542693573375   0.5360912259
4.616   0.542693573375   0.5360912259
4.712   0.542693573375   0.5360912259
4.808   0.542693573375   0.5360912259
4.904   0.542693573375   0.5360912259
5.0   0.542693573375   0.536091225901
5.096   0.542693573375   0.536091225901
5.192   0.542693573375   0.536091225901
5.288   0.542693573375   0.536091225901
5.384   0.542693573375   0.536091225901
5.48   0.542693573375   0.536091225901
5.576   0.542693573375   0.536091225901
5.672   0.542693573375   0.536091225901
5.768   0.542693573375   0.536091225901
5.864   0.542693573375   0.536091225901
5.96   0.542693573375   0.536091225901
6.056   0.542693573375   0.536091225901
6.152   0.542693573375   0.536091225901
6.248   0.542693573375   0.536091225901
6.344   0.542693573375   0.536091225901
6.44   0.542693573375   0.536091225901
6.536   0.542693573375   0.536091225901
6.632   0.542693573375   0.536091225901
6.728   0.542693573375   0.536091225901
6.824   0.542693573375   0.536091225901
6.92   0.542693573375   0.536091225901
7.016   0.542693573375   0.536091225901
7.112   0.542693573375   0.536091225901
7.208   0.542693573375   0.536091225901
7.304   0.542693573375   0.536091225901
7.4   0.542693573375   0.536091225901
7.496   0.542693573375   0.536091225901
7.592   0.542693573375   0.536091225901
7.688   0.542693573375   0.536091225901
7.784   0.542693573375   0.536091225901
7.88   0.542693573375   0.536091225901
7.976   0.542693573375   0.536091225901
8.072   0.542693573375   0.536091225901
8.168   0.542693573375   0.536091225901
8.264   0.542693573375   0.536091225901
8.36   0.542693573375   0.536091225901
8.456   0.542693573375   0.536091225901
8.552   0.542693573375   0.536091225901
8.648   0.542693573375   0.536091225901
8.744   0.542693573375   0.536091225901
8.84   0.542693573375   0.536091225901
8.936   0.542693573375   0.536091225901
9.032   0.542693573375   0.536091225901
9.128   0.542693573375   0.536091225901
9.224   0.542693573375   0.536091225901
9.32   0.542693573375   0.536091225901
9.416   0.542693573375   0.536091225901
9.512   0.542693573375   0.536091225901
9.608   0.542693573375   0.536091225901
9.704   0.542693573375   0.536091225901
