0.2   0.562127913875   0.382379497737
0.296   0.557551569888   0.429557848716
0.392   0.553662615794   0.460856089556
0.488   0.550469005422   0.482130435002
0.584   0.547955887903   0.496479647115
0.68   0.546080332728   0.505920274483
0.776   0.54476570001   0.511946058213
0.872   0.543904554656   0.515684296386
0.968   0.543375598668   0.517949981025
1.064   0.543067601968   0.519300215608
1.16   0.542895243659   0.52009637132
1.256   0.542801066626   0.520563107375
1.352   0.542750513118   0.52083609384
1.448   0.542723626949   0.5209955542
1.544   0.542709404079   0.521088777174
1.64   0.542701902809   0.521143245105
1.736   0.542697953234   0.521175092285
1.832   0.542695875642   0.521193719244
1.928   0.54269478333   0.521204616664
2.024   0.542694209201   0.521210993231
2.12   0.542693907479   0.52121472494
2.216   0.54269374893   0.521216909018
2.312   0.542693665618   0.521218187384
2.408   0.542693621843   0.521218935657
2.504   0.542693598841   0.521219373658
2.6   0.542693586756   0.521219630047
2.696   0.542693580405   0.521219780129
2.792   0.542693577069   0.521219867982
2.888   0.542693575316   0.521219919409
2.984   0.542693574395   0.521219949513
3.08   0.542693573911   0.521219967135
3.176   0.542693573656   0.521219977451
3.272   0.542693573523   0.521219983489
3.368   0.542693573452   0.521219987024
3.464   0.542693573415   0.521219989093
3.56   0.542693573396   0.521219990305
3.656   0.542693573386   0.521219991014
3.752   0.542693573381   0.521219991429
3.848   0.542693573378   0.521219991672
3.944   0.542693573376   0.521219991814
4.04   0.542693573376   0.521219991897
4.136   0.542693573375   0.521219991946
4.232   0.542693573375   0.521219991974
4.328   0.542693573375   0.521219991991
4.424   0.542693573375   0.521219992001
4.52   0.542693573375   0.521219992007
4.616   0.542693573375   0.52121999201
4.712   0.542693573375   0.521219992012
4.808   0.542693573375   0.521219992013
4.904   0.542693573375   0.521219992014
5.0   0.542693573375   0.521219992014
5.096   0.542693573375   0.521219992014
5.192   0.542693573375   0.521219992014
5.288   0.542693573375   0.521219992015
5.384   0.542693573375   0.521219992015
5.48   0.542693573375   0.521219992015
5.576   0.542693573375   0.521219992015
5.672   0.542693573375   0.521219992015
5.768   0.542693573375   0.521219992015
5.864   0.542693573375   0.521219992015
5.96   0.542693573375   0.521219992015
6.056   0.542693573375   0.521219992015
6.152   0.542693573375   0.521219992015
6.248   0.542693573375   0.521219992015
6.344   0.542693573375   0.521219992015
6.44   0.542693573375   0.521219992015
6.536   0.542693573375   0.521219992015
6.632   0.542693573375   0.521219992015
6.728   0.542693573375   0.521219992015
6.824   0.542693573375   0.521219992015
6.92   0.542693573375   0.521219992015
7.016   0.542693573375   0.521219992015
7.112   0.542693573375   0.521219992015
7.208   0.542693573375   0.521219992015
7.304   0.542693573375   0.521219992015
7.4   0.542693573375   0.521219992015
7.496   0.542693573375   0.521219992015
7.592   0.542693573375   0.521219992015
7.688   0.542693573375   0.521219992015
7.784   0.542693573375   0.521219992015
7.88   0.542693573375   0.521219992015
7.976   0.542693573375   0.521219992015
8.072   0.542693573375   0.521219992015
8.168   0.542693573375   0.521219992015
8.264   0.542693573375   0.521219992015
8.36   0.542693573375   0.521219992015
8.456   0.542693573375   0.521219992015
8.552   0.542693573375   0.521219992015
8.648   0.542693573375   0.521219992015
8.744   0.542693573375   0.521219992015
8.84   0.542693573375   0.521219992015
8.936   0.542693573375   0.521219992015
9.032   0.542693573375   0.521219992015
9.128   0.542693573375   0.521219992015
9.224   0.542693573375   0.521219992015
9.32   0.542693573375   0.521219992015
9.416   0.542693573375   0.521219992015
9.512   0.542693573375   0.521219992015
9.608   0.542693573375   0.521219992015
9.704   0.542693573375   0.521219992015
