0.2   0.562581480988   0.401271459013
0.296   0.558172714666   0.444171445848
0.392   0.554395048926   0.473012277818
0.488   0.551243806977   0.492725507908
0.584   0.548698841861   0.506034878454
0.68   0.546725077472   0.514789020471
0.776   0.545269970838   0.520386711346
0.872   0.544260447293   0.52387433731
0.968   0.543604648991   0.525995306512
1.064   0.543204672861   0.527256993455
1.16   0.542973389633   0.527994085428
1.256   0.5428439983   0.528419274522
1.352   0.542773647956   0.528662835769
1.448   0.542735955157   0.528801707219
1.544   0.542715932205   0.52888075043
1.64   0.542705347503   0.528925707297
1.736   0.542699767382   0.528951270837
1.832   0.542696830052   0.528965806461
1.928   0.542695285149   0.528974071954
2.024   0.542694472969   0.528978772344
2.12   0.542694046099   0.528981445511
2.216   0.542693821773   0.528982965847
2.312   0.542693703895   0.528983830553
2.408   0.542693641955   0.528984322375
2.504   0.542693609409   0.528984602115
2.6   0.542693592308   0.528984761228
2.696   0.542693583323   0.528984851731
2.792   0.542693578602   0.528984903208
2.888   0.542693576121   0.528984932488
2.984   0.542693574818   0.528984949143
3.08   0.542693574133   0.528984958616
3.176   0.542693573773   0.528984964004
3.272   0.542693573584   0.528984967069
3.368   0.542693573485   0.528984968812
3.464   0.542693573432   0.528984969804
3.56   0.542693573405   0.528984970368
3.656   0.542693573391   0.528984970689
3.752   0.542693573383   0.528984970871
3.848   0.542693573379   0.528984970975
3.944   0.542693573377   0.528984971034
4.04   0.542693573376   0.528984971068
4.136   0.542693573375   0.528984971087
4.232   0.542693573375   0.528984971098
4.328   0.542693573375   0.528984971104
4.424   0.542693573375   0.528984971107
4.52   0.542693573375   0.528984971109
4.616   0.542693573375   0.52898497111
4.712   0.542693573375   0.528984971111
4.808   0.542693573375   0.528984971111
4.904   0.542693573375   0.528984971112
5.0   0.542693573375   0.528984971112
5.096   0.542693573375   0.528984971112
5.192   0.542693573375   0.528984971112
5.288   0.542693573375   0.528984971112
5.384   0.542693573375   0.528984971112
5.48   0.542693573375   0.528984971112
5.576   0.542693573375   0.528984971112
5.672   0.542693573375   0.528984971112
5.768   0.542693573375   0.528984971112
5.864   0.542693573375   0.528984971112
5.96   0.542693573375   0.528984971112
6.056   0.542693573375   0.528984971112
6.152   0.542693573375   0.528984971112
6.248   0.542693573375   0.528984971112
6.344   0.542693573375   0.528984971112
6.44   0.542693573375   0.528984971112
6.536   0.542693573375   0.528984971112
6.632   0.542693573375   0.528984971112
6.728   0.542693573375   0.528984971112
6.824   0.542693573375   0.528984971112
6.92   0.542693573375   0.528984971112
7.016   0.542693573375   0.528984971112
7.112   0.542693573375   0.528984971112
7.208   0.542693573375   0.528984971112
7.304   0.542693573375   0.528984971112
7.4   0.542693573375   0.528984971112
7.496   0.542693573375   0.528984971112
7.592   0.542693573375   0.528984971112
7.688   0.542693573375   0.528984971112
7.784   0.542693573375   0.528984971112
7.88   0.542693573375   0.528984971112
7.976   0.542693573375   0.528984971112
8.072   0.542693573375   0.528984971112
8.168   0.542693573375   0.528984971112
8.264   0.542693573375   0.528984971112
8.36   0.542693573375   0.528984971112
8.456   0.542693573375   0.528984971112
8.552   0.542693573375   0.528984971112
8.648   0.542693573375   0.528984971112
8.744   0.542693573375   0.528984971112
8.84   0.542693573375   0.528984971112
8.936   0.542693573375   0.528984971112
9.032   0.542693573375   0.528984971112
9.128   0.542693573375   0.528984971112
9.224   0.542693573375   0.528984971112
9.32   0.542693573375   0.528984971112
9.416   0.542693573375   0.528984971112
9.512   0.542693573375   0.528984971112
9.608   0.542693573375   0.528984971112
9.704   0.542693573375   0.528984971112
