0.2   0.566237820197   0.435568776771
0.296   0.563570236835   0.479817389821
0.392   0.561502518633   0.504881028357
0.488   0.560020170789   0.523581998343
0.584   0.559061199726   0.532789887496
0.68   0.558509517466   0.537637314234
0.776   0.558225092984   0.540112038075
0.872   0.558090306606   0.541367936785
0.968   0.558029288367   0.54200827745
1.064   0.558002565919   0.54233746625
1.16   0.557991018543   0.542507774363
1.256   0.557986060806   0.542596372028
1.352   0.557983938722   0.542642635
1.448   0.557983031674   0.542666850727
1.544   0.557982644222   0.542679545424
1.64   0.557982478768   0.542686206617
1.736   0.557982408123   0.542689703854
1.832   0.557982377961   0.542691540571
1.928   0.557982365084   0.542692505386
2.024   0.557982359586   0.542693012253
2.12   0.557982357239   0.542693278554
2.216   0.557982356237   0.54269341847
2.312   0.557982355809   0.542693491984
2.408   0.557982355627   0.54269353061
2.504   0.557982355549   0.542693550905
2.6   0.557982355515   0.542693561568
2.696   0.557982355501   0.542693567171
2.792   0.557982355495   0.542693570115
2.888   0.557982355493   0.542693571662
2.984   0.557982355491   0.542693572475
3.08   0.557982355491   0.542693572902
3.176   0.557982355491   0.542693573126
3.272   0.557982355491   0.542693573244
3.368   0.557982355491   0.542693573306
3.464   0.557982355491   0.542693573339
3.56   0.557982355491   0.542693573356
3.656   0.557982355491   0.542693573365
3.752   0.557982355491   0.542693573369
3.848   0.557982355491   0.542693573372
3.944   0.557982355491   0.542693573373
4.04   0.557982355491   0.542693573374
4.136   0.557982355491   0.542693573374
4.232   0.557982355491   0.542693573374
4.328   0.557982355491   0.542693573375
4.424   0.557982355491   0.542693573375
4.52   0.557982355491   0.542693573375
4.616   0.557982355491   0.542693573375
4.712   0.557982355491   0.542693573375
4.808   0.557982355491   0.542693573375
4.904   0.557982355491   0.542693573375
5.0   0.557982355491   0.542693573375
5.096   0.557982355491   0.542693573375
5.192   0.557982355491   0.542693573375
5.288   0.557982355491   0.542693573375
5.384   0.557982355491   0.542693573375
5.48   0.557982355491   0.542693573375
5.576   0.557982355491   0.542693573375
5.672   0.557982355491   0.542693573375
5.768   0.557982355491   0.542693573375
5.864   0.557982355491   0.542693573375
5.96   0.557982355491   0.542693573375
6.056   0.557982355491   0.542693573375
6.152   0.557982355491   0.542693573375
6.248   0.557982355491   0.542693573375
6.344   0.557982355491   0.542693573375
6.44   0.557982355491   0.542693573375
6.536   0.557982355491   0.542693573375
6.632   0.557982355491   0.542693573375
6.728   0.557982355491   0.542693573375
6.824   0.557982355491   0.542693573375
6.92   0.557982355491   0.542693573375
7.016   0.557982355491   0.542693573375
7.112   0.557982355491   0.542693573375
7.208   0.557982355491   0.542693573375
7.304   0.557982355491   0.542693573375
7.4   0.557982355491   0.542693573375
7.496   0.557982355491   0.542693573375
7.592   0.557982355491   0.542693573375
7.688   0.557982355491   0.542693573375
7.784   0.557982355491   0.542693573375
7.88   0.557982355491   0.542693573375
7.976   0.557982355491   0.542693573375
8.072   0.557982355491   0.542693573375
8.168   0.557982355491   0.542693573375
8.264   0.557982355491   0.542693573375
8.36   0.557982355491   0.542693573375
8.456   0.557982355491   0.542693573375
8.552   0.557982355491   0.542693573375
8.648   0.557982355491   0.542693573375
8.744   0.557982355491   0.542693573375
8.84   0.557982355491   0.542693573375
8.936   0.557982355491   0.542693573375
9.032   0.557982355491   0.542693573375
9.128   0.557982355491   0.542693573375
9.224   0.557982355491   0.542693573375
9.32   0.557982355491   0.542693573375
9.416   0.557982355491   0.542693573375
9.512   0.557982355491   0.542693573375
9.608   0.557982355491   0.542693573375
9.704   0.557982355491   0.542693573375
