0.2   0.563734015545   0.406419073667
0.296   0.559767508264   0.45350650659
0.392   0.556333371202   0.484069981202
0.488   0.553413280336   0.504318956929
0.584   0.550974195662   0.517546801903
0.68   0.548972706192   0.525991561524
0.776   0.54735904985   0.531322671198
0.872   0.54608132211   0.534705542097
0.968   0.54508891165   0.536882132107
1.064   0.544334976709   0.538301442002
1.16   0.543777720611   0.539232701203
1.256   0.543380462615   0.539840283597
1.352   0.543109782673   0.540229071673
1.448   0.542935335399   0.540469558205
1.544   0.542829145006   0.540613671669
1.64   0.54276827829   0.54069521098
1.736   0.542733692165   0.540741019111
1.832   0.542714905919   0.540766116964
1.928   0.542704854969   0.54077971134
2.024   0.542699521757   0.540787023069
2.12   0.542696704668   0.540790939526
2.216   0.542695220289   0.540793032505
2.312   0.542694439172   0.5407941496
2.408   0.542694028419   0.54079474543
2.504   0.542693812504   0.540795063116
2.6   0.542693699031   0.540795232469
2.696   0.542693639401   0.540795322739
2.792   0.542693608068   0.540795370854
2.888   0.542693591604   0.540795396498
2.984   0.542693582953   0.540795410166
3.08   0.542693578407   0.54079541745
3.176   0.542693576019   0.540795421333
3.272   0.542693574764   0.540795423402
3.368   0.542693574105   0.540795424505
3.464   0.542693573758   0.540795425093
3.56   0.542693573576   0.540795425406
3.656   0.542693573481   0.540795425573
3.752   0.54269357343   0.540795425662
3.848   0.542693573404   0.54079542571
3.944   0.54269357339   0.540795425735
4.04   0.542693573383   0.540795425748
4.136   0.542693573379   0.540795425755
4.232   0.542693573377   0.540795425759
4.328   0.542693573376   0.540795425761
4.424   0.542693573375   0.540795425762
4.52   0.542693573375   0.540795425763
4.616   0.542693573375   0.540795425763
4.712   0.542693573375   0.540795425763
4.808   0.542693573375   0.540795425764
4.904   0.542693573375   0.540795425764
5.0   0.542693573375   0.540795425764
5.096   0.542693573375   0.540795425764
5.192   0.542693573375   0.540795425764
5.288   0.542693573375   0.540795425764
5.384   0.542693573375   0.540795425764
5.48   0.542693573375   0.540795425764
5.576   0.542693573375   0.540795425764
5.672   0.542693573375   0.540795425764
5.768   0.542693573375   0.540795425764
5.864   0.542693573375   0.540795425764
5.96   0.542693573375   0.540795425764
6.056   0.542693573375   0.540795425764
6.152   0.542693573375   0.540795425764
6.248   0.542693573375   0.540795425764
6.344   0.542693573375   0.540795425764
6.44   0.542693573375   0.540795425764
6.536   0.542693573375   0.540795425764
6.632   0.542693573375   0.540795425764
6.728   0.542693573375   0.540795425764
6.824   0.542693573375   0.540795425764
6.92   0.542693573375   0.540795425764
7.016   0.542693573375   0.540795425764
7.112   0.542693573375   0.540795425764
7.208   0.542693573375   0.540795425764
7.304   0.542693573375   0.540795425764
7.4   0.542693573375   0.540795425764
7.496   0.542693573375   0.540795425764
7.592   0.542693573375   0.540795425764
7.688   0.542693573375   0.540795425764
7.784   0.542693573375   0.540795425764
7.88   0.542693573375   0.540795425764
7.976   0.542693573375   0.540795425764
8.072   0.542693573375   0.540795425764
8.168   0.542693573375   0.540795425764
8.264   0.542693573375   0.540795425764
8.36   0.542693573375   0.540795425764
8.456   0.542693573375   0.540795425764
8.552   0.542693573375   0.540795425764
8.648   0.542693573375   0.540795425764
8.744   0.542693573375   0.540795425764
8.84   0.542693573375   0.540795425764
8.936   0.542693573375   0.540795425764
9.032   0.542693573375   0.540795425764
9.128   0.542693573375   0.540795425764
9.224   0.542693573375   0.540795425764
9.32   0.542693573375   0.540795425764
9.416   0.542693573375   0.540795425764
9.512   0.542693573375   0.540795425764
9.608   0.542693573375   0.540795425764
9.704   0.542693573375   0.540795425764
