0.2   0.561069991025   0.361834868065
0.296   0.556201068711   0.408405316135
0.392   0.552194887404   0.439621250143
0.488   0.549056782008   0.461018075139
0.584   0.54674047472   0.475582227736
0.68   0.545141650434   0.485273656291
0.776   0.544111176235   0.491548892819
0.872   0.54348688293   0.495515921818
0.968   0.543127211221   0.497981634424
1.064   0.542926670734   0.499498958517
1.16   0.542817682243   0.500428059276
1.256   0.542759278623   0.500996111058
1.352   0.542728244323   0.501343259626
1.448   0.542711833998   0.501555521428
1.544   0.542703180776   0.501685397856
1.64   0.542698625097   0.501764917684
1.736   0.542696228776   0.501813632294
1.832   0.542694968914   0.501843488065
1.928   0.542694306723   0.501861791595
2.024   0.542693958724   0.501873015409
2.12   0.542693775856   0.501879899013
2.216   0.542693679767   0.501884121221
2.312   0.542693629277   0.501886711201
2.408   0.542693602748   0.501888300024
2.504   0.542693588808   0.501889274721
2.6   0.542693581484   0.501889872684
2.696   0.542693577635   0.501890239531
2.792   0.542693575613   0.501890464591
2.888   0.542693574551   0.501890602667
2.984   0.542693573993   0.501890687378
3.08   0.542693573699   0.501890739348
3.176   0.542693573545   0.501890771233
3.272   0.542693573464   0.501890790794
3.368   0.542693573422   0.501890802796
3.464   0.542693573399   0.501890810159
3.56   0.542693573388   0.501890814676
3.656   0.542693573381   0.501890817447
3.752   0.542693573378   0.501890819147
3.848   0.542693573377   0.501890820191
3.944   0.542693573376   0.501890820831
4.04   0.542693573375   0.501890821223
4.136   0.542693573375   0.501890821464
4.232   0.542693573375   0.501890821612
4.328   0.542693573375   0.501890821703
4.424   0.542693573375   0.501890821758
4.52   0.542693573375   0.501890821792
4.616   0.542693573375   0.501890821813
4.712   0.542693573375   0.501890821826
4.808   0.542693573375   0.501890821834
4.904   0.542693573375   0.501890821839
5.0   0.542693573375   0.501890821842
5.096   0.542693573375   0.501890821844
5.192   0.542693573375   0.501890821845
5.288   0.542693573375   0.501890821845
5.384   0.542693573375   0.501890821846
5.48   0.542693573375   0.501890821846
5.576   0.542693573375   0.501890821846
5.672   0.542693573375   0.501890821846
5.768   0.542693573375   0.501890821846
5.864   0.542693573375   0.501890821846
5.96   0.542693573375   0.501890821846
6.056   0.542693573375   0.501890821846
6.152   0.542693573375   0.501890821846
6.248   0.542693573375   0.501890821846
6.344   0.542693573375   0.501890821846
6.44   0.542693573375   0.501890821846
6.536   0.542693573375   0.501890821846
6.632   0.542693573375   0.501890821846
6.728   0.542693573375   0.501890821846
6.824   0.542693573375   0.501890821846
6.92   0.542693573375   0.501890821846
7.016   0.542693573375   0.501890821846
7.112   0.542693573375   0.501890821846
7.208   0.542693573375   0.501890821846
7.304   0.542693573375   0.501890821846
7.4   0.542693573375   0.501890821846
7.496   0.542693573375   0.501890821846
7.592   0.542693573375   0.501890821846
7.688   0.542693573375   0.501890821846
7.784   0.542693573375   0.501890821846
7.88   0.542693573375   0.501890821846
7.976   0.542693573375   0.501890821846
8.072   0.542693573375   0.501890821846
8.168   0.542693573375   0.501890821846
8.264   0.542693573375   0.501890821846
8.36   0.542693573375   0.501890821846
8.456   0.542693573375   0.501890821846
8.552   0.542693573375   0.501890821846
8.648   0.542693573375   0.501890821846
8.744   0.542693573375   0.501890821846
8.84   0.542693573375   0.501890821846
8.936   0.542693573375   0.501890821846
9.032   0.542693573375   0.501890821846
9.128   0.542693573375   0.501890821846
9.224   0.542693573375   0.501890821846
9.32   0.542693573375   0.501890821846
9.416   0.542693573375   0.501890821846
9.512   0.542693573375   0.501890821846
9.608   0.542693573375   0.501890821846
9.704   0.542693573375   0.501890821846
