0.2   0.565461892314   0.446029837386
0.296   0.562405687439   0.482915000579
0.392   0.559927256771   0.506951269526
0.488   0.55801351935   0.522268004584
0.584   0.556630561669   0.53147370004
0.68   0.555712809591   0.536688131637
0.776   0.555160419747   0.539526119619
0.872   0.55485757732   0.541035104479
0.968   0.554703621182   0.541827334385
1.064   0.554628607059   0.54224097638
1.16   0.554593267413   0.542456865304
1.256   0.554576857756   0.542569598829
1.352   0.554569294372   0.542628571217
1.448   0.554565821224   0.542659465198
1.544   0.554564229239   0.5426756668
1.64   0.554563500167   0.542684169449
1.736   0.554563166421   0.542688633746
1.832   0.554563013675   0.5426909784
1.928   0.554562943774   0.542692210036
2.024   0.554562911786   0.542692857077
2.12   0.554562897149   0.542693197023
2.216   0.554562890451   0.542693375632
2.312   0.554562887387   0.542693469476
2.408   0.554562885984   0.542693518783
2.504   0.554562885342   0.542693544691
2.6   0.554562885049   0.542693558303
2.696   0.554562884914   0.542693565456
2.792   0.554562884853   0.542693569214
2.888   0.554562884825   0.542693571188
2.984   0.554562884812   0.542693572226
3.08   0.554562884806   0.542693572771
3.176   0.554562884803   0.542693573058
3.272   0.554562884802   0.542693573208
3.368   0.554562884802   0.542693573287
3.464   0.554562884801   0.542693573329
3.56   0.554562884801   0.54269357335
3.656   0.554562884801   0.542693573362
3.752   0.554562884801   0.542693573368
3.848   0.554562884801   0.542693573371
3.944   0.554562884801   0.542693573373
4.04   0.554562884801   0.542693573374
4.136   0.554562884801   0.542693573374
4.232   0.554562884801   0.542693573374
4.328   0.554562884801   0.542693573375
4.424   0.554562884801   0.542693573375
4.52   0.554562884801   0.542693573375
4.616   0.554562884801   0.542693573375
4.712   0.554562884801   0.542693573375
4.808   0.554562884801   0.542693573375
4.904   0.554562884801   0.542693573375
5.0   0.554562884801   0.542693573375
5.096   0.554562884801   0.542693573375
5.192   0.554562884801   0.542693573375
5.288   0.554562884801   0.542693573375
5.384   0.554562884801   0.542693573375
5.48   0.554562884801   0.542693573375
5.576   0.554562884801   0.542693573375
5.672   0.554562884801   0.542693573375
5.768   0.554562884801   0.542693573375
5.864   0.554562884801   0.542693573375
5.96   0.554562884801   0.542693573375
6.056   0.554562884801   0.542693573375
6.152   0.554562884801   0.542693573375
6.248   0.554562884801   0.542693573375
6.344   0.554562884801   0.542693573375
6.44   0.554562884801   0.542693573375
6.536   0.554562884801   0.542693573375
6.632   0.554562884801   0.542693573375
6.728   0.554562884801   0.542693573375
6.824   0.554562884801   0.542693573375
6.92   0.554562884801   0.542693573375
7.016   0.554562884801   0.542693573375
7.112   0.554562884801   0.542693573375
7.208   0.554562884801   0.542693573375
7.304   0.554562884801   0.542693573375
7.4   0.554562884801   0.542693573375
7.496   0.554562884801   0.542693573375
7.592   0.554562884801   0.542693573375
7.688   0.554562884801   0.542693573375
7.784   0.554562884801   0.542693573375
7.88   0.554562884801   0.542693573375
7.976   0.554562884801   0.542693573375
8.072   0.554562884801   0.542693573375
8.168   0.554562884801   0.542693573375
8.264   0.554562884801   0.542693573375
8.36   0.554562884801   0.542693573375
8.456   0.554562884801   0.542693573375
8.552   0.554562884801   0.542693573375
8.648   0.554562884801   0.542693573375
8.744   0.554562884801   0.542693573375
8.84   0.554562884801   0.542693573375
8.936   0.554562884801   0.542693573375
9.032   0.554562884801   0.542693573375
9.128   0.554562884801   0.542693573375
9.224   0.554562884801   0.542693573375
9.32   0.554562884801   0.542693573375
9.416   0.554562884801   0.542693573375
9.512   0.554562884801   0.542693573375
9.608   0.554562884801   0.542693573375
9.704   0.554562884801   0.542693573375
