0.2   0.564775006592   0.442983406748
0.296   0.561364024656   0.478971274962
0.392   0.558506679838   0.502960984228
0.488   0.556182083576   0.518755097508
0.584   0.554358924485   0.528719063835
0.68   0.552995276367   0.534728881628
0.776   0.552036623709   0.538243839602
0.872   0.551412088409   0.540254481413
0.968   0.551037094977   0.541378876104
1.064   0.550828068067   0.541993581427
1.16   0.550718105611   0.542323528379
1.256   0.550661991172   0.542498749858
1.352   0.550634105776   0.542591148763
1.448   0.55062040448   0.542639756726
1.544   0.550613712624   0.542665301629
1.64   0.550610454386   0.542678721442
1.736   0.550608870485   0.54268577094
1.832   0.550608101137   0.542689474194
1.928   0.550607727596   0.5426914197
2.024   0.550607546267   0.542692441822
2.12   0.550607458254   0.54269297884
2.216   0.550607415536   0.542693260993
2.312   0.550607394804   0.542693409242
2.408   0.550607384741   0.542693487135
2.504   0.550607379858   0.542693528062
2.6   0.550607377488   0.542693549566
2.696   0.550607376337   0.542693560865
2.792   0.550607375779   0.542693566802
2.888   0.550607375508   0.542693569921
2.984   0.550607375377   0.54269357156
3.08   0.550607375313   0.542693572421
3.176   0.550607375282   0.542693572874
3.272   0.550607375267   0.542693573111
3.368   0.550607375259   0.542693573236
3.464   0.550607375256   0.542693573302
3.56   0.550607375254   0.542693573336
3.656   0.550607375253   0.542693573355
3.752   0.550607375253   0.542693573364
3.848   0.550607375253   0.542693573369
3.944   0.550607375253   0.542693573372
4.04   0.550607375253   0.542693573373
4.136   0.550607375253   0.542693573374
4.232   0.550607375253   0.542693573374
4.328   0.550607375253   0.542693573374
4.424   0.550607375253   0.542693573375
4.52   0.550607375253   0.542693573375
4.616   0.550607375253   0.542693573375
4.712   0.550607375253   0.542693573375
4.808   0.550607375253   0.542693573375
4.904   0.550607375253   0.542693573375
5.0   0.550607375253   0.542693573375
5.096   0.550607375253   0.542693573375
5.192   0.550607375253   0.542693573375
5.288   0.550607375253   0.542693573375
5.384   0.550607375253   0.542693573375
5.48   0.550607375253   0.542693573375
5.576   0.550607375253   0.542693573375
5.672   0.550607375253   0.542693573375
5.768   0.550607375253   0.542693573375
5.864   0.550607375253   0.542693573375
5.96   0.550607375253   0.542693573375
6.056   0.550607375253   0.542693573375
6.152   0.550607375253   0.542693573375
6.248   0.550607375253   0.542693573375
6.344   0.550607375253   0.542693573375
6.44   0.550607375253   0.542693573375
6.536   0.550607375253   0.542693573375
6.632   0.550607375253   0.542693573375
6.728   0.550607375253   0.542693573375
6.824   0.550607375253   0.542693573375
6.92   0.550607375253   0.542693573375
7.016   0.550607375253   0.542693573375
7.112   0.550607375253   0.542693573375
7.208   0.550607375253   0.542693573375
7.304   0.550607375253   0.542693573375
7.4   0.550607375253   0.542693573375
7.496   0.550607375253   0.542693573375
7.592   0.550607375253   0.542693573375
7.688   0.550607375253   0.542693573375
7.784   0.550607375253   0.542693573375
7.88   0.550607375253   0.542693573375
7.976   0.550607375253   0.542693573375
8.072   0.550607375253   0.542693573375
8.168   0.550607375253   0.542693573375
8.264   0.550607375253   0.542693573375
8.36   0.550607375253   0.542693573375
8.456   0.550607375253   0.542693573375
8.552   0.550607375253   0.542693573375
8.648   0.550607375253   0.542693573375
8.744   0.550607375253   0.542693573375
8.84   0.550607375253   0.542693573375
8.936   0.550607375253   0.542693573375
9.032   0.550607375253   0.542693573375
9.128   0.550607375253   0.542693573375
9.224   0.550607375253   0.542693573375
9.32   0.550607375253   0.542693573375
9.416   0.550607375253   0.542693573375
9.512   0.550607375253   0.542693573375
9.608   0.550607375253   0.542693573375
9.704   0.550607375253   0.542693573375
