0.2   0.562974357768   0.3959292368
0.296   0.558695042952   0.443181309373
0.392   0.555001483027   0.474205272496
0.488   0.551886638571   0.49506591566
0.584   0.549329178014   0.50896309636
0.68   0.547296401234   0.5180083944
0.776   0.545745048765   0.52376314085
0.872   0.544619970931   0.527357337173
0.968   0.543852123402   0.529561408878
1.064   0.543360985786   0.53088471551
1.16   0.543065369997   0.5316619793
1.256   0.54289617807   0.53210983526
1.352   0.542802158635   0.532364809202
1.448   0.542751268245   0.532508669434
1.544   0.542724076547   0.532589292367
1.64   0.54270965537   0.532634516649
1.736   0.542702039083   0.532659826137
1.832   0.542698026021   0.532673983321
1.928   0.542695914216   0.532681900658
2.024   0.54269480369   0.532686328063
2.12   0.542694219924   0.532688803843
2.216   0.542693913121   0.532690188295
2.312   0.542693751896   0.532690962485
2.408   0.542693667177   0.532691395421
2.504   0.542693622662   0.532691637525
2.6   0.542693599272   0.532691772914
2.696   0.542693586982   0.532691848626
2.792   0.542693580524   0.532691890966
2.888   0.542693577131   0.532691914644
2.984   0.542693575349   0.532691927885
3.08   0.542693574412   0.53269193529
3.176   0.54269357392   0.532691939431
3.272   0.542693573661   0.532691941746
3.368   0.542693573525   0.532691943041
3.464   0.542693573454   0.532691943766
3.56   0.542693573416   0.532691944171
3.656   0.542693573396   0.532691944397
3.752   0.542693573386   0.532691944524
3.848   0.542693573381   0.532691944595
3.944   0.542693573378   0.532691944634
4.04   0.542693573376   0.532691944656
4.136   0.542693573376   0.532691944669
4.232   0.542693573375   0.532691944676
4.328   0.542693573375   0.53269194468
4.424   0.542693573375   0.532691944682
4.52   0.542693573375   0.532691944683
4.616   0.542693573375   0.532691944684
4.712   0.542693573375   0.532691944684
4.808   0.542693573375   0.532691944684
4.904   0.542693573375   0.532691944684
5.0   0.542693573375   0.532691944684
5.096   0.542693573375   0.532691944684
5.192   0.542693573375   0.532691944684
5.288   0.542693573375   0.532691944684
5.384   0.542693573375   0.532691944684
5.48   0.542693573375   0.532691944684
5.576   0.542693573375   0.532691944684
5.672   0.542693573375   0.532691944684
5.768   0.542693573375   0.532691944684
5.864   0.542693573375   0.532691944684
5.96   0.542693573375   0.532691944684
6.056   0.542693573375   0.532691944684
6.152   0.542693573375   0.532691944684
6.248   0.542693573375   0.532691944685
6.344   0.542693573375   0.532691944685
6.44   0.542693573375   0.532691944685
6.536   0.542693573375   0.532691944685
6.632   0.542693573375   0.532691944685
6.728   0.542693573375   0.532691944685
6.824   0.542693573375   0.532691944685
6.92   0.542693573375   0.532691944685
7.016   0.542693573375   0.532691944685
7.112   0.542693573375   0.532691944685
7.208   0.542693573375   0.532691944685
7.304   0.542693573375   0.532691944685
7.4   0.542693573375   0.532691944685
7.496   0.542693573375   0.532691944685
7.592   0.542693573375   0.532691944685
7.688   0.542693573375   0.532691944685
7.784   0.542693573375   0.532691944685
7.88   0.542693573375   0.532691944685
7.976   0.542693573375   0.532691944685
8.072   0.542693573375   0.532691944685
8.168   0.542693573375   0.532691944685
8.264   0.542693573375   0.532691944685
8.36   0.542693573375   0.532691944685
8.456   0.542693573375   0.532691944685
8.552   0.542693573375   0.532691944685
8.648   0.542693573375   0.532691944685
8.744   0.542693573375   0.532691944685
8.84   0.542693573375   0.532691944685
8.936   0.542693573375   0.532691944685
9.032   0.542693573375   0.532691944685
9.128   0.542693573375   0.532691944685
9.224   0.542693573375   0.532691944685
9.32   0.542693573375   0.532691944685
9.416   0.542693573375   0.532691944685
9.512   0.542693573375   0.532691944685
9.608   0.542693573375   0.532691944685
9.704   0.542693573375   0.532691944685
