0.2   0.56762403102   0.458250908398
0.296   0.565804712185   0.495183886707
0.392   0.564652151868   0.517467385879
0.488   0.564033838423   0.530013189216
0.584   0.563752301593   0.536447622729
0.68   0.563639208354   0.539592813149
0.776   0.563596514871   0.541129518932
0.872   0.563581059681   0.541893499478
0.968   0.563575539081   0.542280215951
1.064   0.563573578034   0.542478602806
1.16   0.563572882977   0.542581313967
1.256   0.563572636843   0.542634802755
1.352   0.563572549712   0.542662758953
1.448   0.563572518871   0.542677402408
1.544   0.563572507956   0.542685082645
1.64   0.563572504092   0.542689113881
1.736   0.563572502725   0.542691230755
1.832   0.563572502241   0.54269234265
1.928   0.56357250207   0.542692926761
2.024   0.563572502009   0.542693233638
2.12   0.563572501988   0.542693394871
2.216   0.56357250198   0.542693479585
2.312   0.563572501977   0.542693524095
2.408   0.563572501976   0.542693547482
2.504   0.563572501976   0.54269355977
2.6   0.563572501976   0.542693566226
2.696   0.563572501976   0.542693569619
2.792   0.563572501976   0.542693571401
2.888   0.563572501976   0.542693572338
2.984   0.563572501976   0.54269357283
3.08   0.563572501976   0.542693573088
3.176   0.563572501976   0.542693573224
3.272   0.563572501976   0.542693573296
3.368   0.563572501976   0.542693573333
3.464   0.563572501976   0.542693573353
3.56   0.563572501976   0.542693573363
3.656   0.563572501976   0.542693573369
3.752   0.563572501976   0.542693573371
3.848   0.563572501976   0.542693573373
3.944   0.563572501976   0.542693573374
4.04   0.563572501976   0.542693573374
4.136   0.563572501976   0.542693573374
4.232   0.563572501976   0.542693573375
4.328   0.563572501976   0.542693573375
4.424   0.563572501976   0.542693573375
4.52   0.563572501976   0.542693573375
4.616   0.563572501976   0.542693573375
4.712   0.563572501976   0.542693573375
4.808   0.563572501976   0.542693573375
4.904   0.563572501976   0.542693573375
5.0   0.563572501976   0.542693573375
5.096   0.563572501976   0.542693573375
5.192   0.563572501976   0.542693573375
5.288   0.563572501976   0.542693573375
5.384   0.563572501976   0.542693573375
5.48   0.563572501976   0.542693573375
5.576   0.563572501976   0.542693573375
5.672   0.563572501976   0.542693573375
5.768   0.563572501976   0.542693573375
5.864   0.563572501976   0.542693573375
5.96   0.563572501976   0.542693573375
6.056   0.563572501976   0.542693573375
6.152   0.563572501976   0.542693573375
6.248   0.563572501976   0.542693573375
6.344   0.563572501976   0.542693573375
6.44   0.563572501976   0.542693573375
6.536   0.563572501976   0.542693573375
6.632   0.563572501976   0.542693573375
6.728   0.563572501976   0.542693573375
6.824   0.563572501976   0.542693573375
6.92   0.563572501976   0.542693573375
7.016   0.563572501976   0.542693573375
7.112   0.563572501976   0.542693573375
7.208   0.563572501976   0.542693573375
7.304   0.563572501976   0.542693573375
7.4   0.563572501976   0.542693573375
7.496   0.563572501976   0.542693573375
7.592   0.563572501976   0.542693573375
7.688   0.563572501976   0.542693573375
7.784   0.563572501976   0.542693573375
7.88   0.563572501976   0.542693573375
7.976   0.563572501976   0.542693573375
8.072   0.563572501976   0.542693573375
8.168   0.563572501976   0.542693573375
8.264   0.563572501976   0.542693573375
8.36   0.563572501976   0.542693573375
8.456   0.563572501976   0.542693573375
8.552   0.563572501976   0.542693573375
8.648   0.563572501976   0.542693573375
8.744   0.563572501976   0.542693573375
8.84   0.563572501976   0.542693573375
8.936   0.563572501976   0.542693573375
9.032   0.563572501976   0.542693573375
9.128   0.563572501976   0.542693573375
9.224   0.563572501976   0.542693573375
9.32   0.563572501976   0.542693573375
9.416   0.563572501976   0.542693573375
9.512   0.563572501976   0.542693573375
9.608   0.563572501976   0.542693573375
9.704   0.563572501976   0.542693573375
