0.2   0.563639679862   0.41050340806
0.296   0.559641313779   0.455396165295
0.392   0.556183423069   0.484858771227
0.488   0.55324663147   0.504525281608
0.584   0.550797018163   0.517454053082
0.68   0.548790579029   0.525756156682
0.776   0.547177315168   0.531022234421
0.872   0.54590543768   0.534372792184
0.968   0.544924685294   0.536527570609
1.064   0.544188481752   0.537925651436
1.16   0.543654602343   0.538832631401
1.256   0.543284427716   0.539413129464
1.352   0.543041154056   0.539774804077
1.448   0.542890419468   0.539992042416
1.544   0.542802601384   0.540118008373
1.64   0.542752368006   0.540188747779
1.736   0.54272491428   0.540227725098
1.832   0.542710171235   0.540248939131
1.928   0.542702331681   0.540260398384
2.024   0.542698185815   0.540266561153
2.12   0.542695999866   0.540269867308
2.216   0.542694849162   0.540271638584
2.312   0.542694243946   0.540272586863
2.408   0.542693925779   0.540273094346
2.504   0.542693758557   0.540273365876
2.6   0.54269367068   0.540273511144
2.696   0.542693624503   0.540273588858
2.792   0.54269360024   0.540273630431
2.888   0.54269358749   0.540273652671
2.984   0.542693580792   0.540273664567
3.08   0.542693577272   0.540273670931
3.176   0.542693575422   0.540273674336
3.272   0.542693574451   0.540273676157
3.368   0.54269357394   0.540273677131
3.464   0.542693573672   0.540273677652
3.56   0.542693573531   0.540273677931
3.656   0.542693573457   0.54027367808
3.752   0.542693573418   0.54027367816
3.848   0.542693573397   0.540273678202
3.944   0.542693573387   0.540273678225
4.04   0.542693573381   0.540273678237
4.136   0.542693573378   0.540273678244
4.232   0.542693573376   0.540273678248
4.328   0.542693573376   0.540273678249
4.424   0.542693573375   0.54027367825
4.52   0.542693573375   0.540273678251
4.616   0.542693573375   0.540273678251
4.712   0.542693573375   0.540273678251
4.808   0.542693573375   0.540273678251
4.904   0.542693573375   0.540273678251
5.0   0.542693573375   0.540273678252
5.096   0.542693573375   0.540273678252
5.192   0.542693573375   0.540273678252
5.288   0.542693573375   0.540273678252
5.384   0.542693573375   0.540273678252
5.48   0.542693573375   0.540273678252
5.576   0.542693573375   0.540273678252
5.672   0.542693573375   0.540273678252
5.768   0.542693573375   0.540273678252
5.864   0.542693573375   0.540273678252
5.96   0.542693573375   0.540273678252
6.056   0.542693573375   0.540273678252
6.152   0.542693573375   0.540273678252
6.248   0.542693573375   0.540273678252
6.344   0.542693573375   0.540273678252
6.44   0.542693573375   0.540273678252
6.536   0.542693573375   0.540273678252
6.632   0.542693573375   0.540273678252
6.728   0.542693573375   0.540273678252
6.824   0.542693573375   0.540273678252
6.92   0.542693573375   0.540273678252
7.016   0.542693573375   0.540273678252
7.112   0.542693573375   0.540273678252
7.208   0.542693573375   0.540273678252
7.304   0.542693573375   0.540273678252
7.4   0.542693573375   0.540273678252
7.496   0.542693573375   0.540273678252
7.592   0.542693573375   0.540273678252
7.688   0.542693573375   0.540273678252
7.784   0.542693573375   0.540273678252
7.88   0.542693573375   0.540273678252
7.976   0.542693573375   0.540273678252
8.072   0.542693573375   0.540273678252
8.168   0.542693573375   0.540273678252
8.264   0.542693573375   0.540273678252
8.36   0.542693573375   0.540273678252
8.456   0.542693573375   0.540273678252
8.552   0.542693573375   0.540273678252
8.648   0.542693573375   0.540273678252
8.744   0.542693573375   0.540273678252
8.84   0.542693573375   0.540273678252
8.936   0.542693573375   0.540273678252
9.032   0.542693573375   0.540273678252
9.128   0.542693573375   0.540273678252
9.224   0.542693573375   0.540273678252
9.32   0.542693573375   0.540273678252
9.416   0.542693573375   0.540273678252
9.512   0.542693573375   0.540273678252
9.608   0.542693573375   0.540273678252
9.704   0.542693573375   0.540273678252
