0.2   0.563433587224   0.424868905558
0.296   0.559380533464   0.463028595331
0.392   0.555891539058   0.488918940289
0.488   0.55294203576   0.506581283206
0.584   0.550493558393   0.518391313829
0.68   0.548498550149   0.526089135138
0.776   0.546904590585   0.531033560177
0.872   0.545658506363   0.534206427064
0.968   0.544709307849   0.536252965251
1.064   0.544009604393   0.537575331539
1.16   0.543515367373   0.538422381771
1.256   0.543183959347   0.538953462006
1.352   0.542974537522   0.539275714471
1.448   0.54285035597   0.539464409885
1.544   0.542778567504   0.539571541552
1.64   0.542739024475   0.53963097836
1.736   0.542717687875   0.53966351295
1.832   0.542706311031   0.539681174556
1.928   0.542700285249   0.539690715725
2.024   0.542697105405   0.539695855985
2.12   0.542695430734   0.539698621148
2.216   0.542694549716   0.539700107461
2.312   0.542694086494   0.539700906037
2.408   0.542693843017   0.539701335007
2.504   0.542693715062   0.539701565409
2.6   0.542693647824   0.539701689152
2.696   0.542693612493   0.539701755609
2.792   0.542693593929   0.5397017913
2.888   0.542693584175   0.539701810467
2.984   0.542693579049   0.539701820761
3.08   0.542693576356   0.539701826289
3.176   0.542693574941   0.539701829258
3.272   0.542693574198   0.539701830852
3.368   0.542693573807   0.539701831709
3.464   0.542693573602   0.539701832169
3.56   0.542693573494   0.539701832416
3.656   0.542693573437   0.539701832548
3.752   0.542693573408   0.539701832619
3.848   0.542693573392   0.539701832658
3.944   0.542693573384   0.539701832678
4.04   0.542693573379   0.539701832689
4.136   0.542693573377   0.539701832695
4.232   0.542693573376   0.539701832698
4.328   0.542693573375   0.5397018327
4.424   0.542693573375   0.539701832701
4.52   0.542693573375   0.539701832701
4.616   0.542693573375   0.539701832702
4.712   0.542693573375   0.539701832702
4.808   0.542693573375   0.539701832702
4.904   0.542693573375   0.539701832702
5.0   0.542693573375   0.539701832702
5.096   0.542693573375   0.539701832702
5.192   0.542693573375   0.539701832702
5.288   0.542693573375   0.539701832702
5.384   0.542693573375   0.539701832702
5.48   0.542693573375   0.539701832702
5.576   0.542693573375   0.539701832702
5.672   0.542693573375   0.539701832702
5.768   0.542693573375   0.539701832702
5.864   0.542693573375   0.539701832702
5.96   0.542693573375   0.539701832702
6.056   0.542693573375   0.539701832702
6.152   0.542693573375   0.539701832702
6.248   0.542693573375   0.539701832702
6.344   0.542693573375   0.539701832702
6.44   0.542693573375   0.539701832702
6.536   0.542693573375   0.539701832702
6.632   0.542693573375   0.539701832702
6.728   0.542693573375   0.539701832702
6.824   0.542693573375   0.539701832702
6.92   0.542693573375   0.539701832702
7.016   0.542693573375   0.539701832702
7.112   0.542693573375   0.539701832702
7.208   0.542693573375   0.539701832702
7.304   0.542693573375   0.539701832702
7.4   0.542693573375   0.539701832702
7.496   0.542693573375   0.539701832702
7.592   0.542693573375   0.539701832702
7.688   0.542693573375   0.539701832702
7.784   0.542693573375   0.539701832702
7.88   0.542693573375   0.539701832702
7.976   0.542693573375   0.539701832702
8.072   0.542693573375   0.539701832702
8.168   0.542693573375   0.539701832702
8.264   0.542693573375   0.539701832702
8.36   0.542693573375   0.539701832702
8.456   0.542693573375   0.539701832702
8.552   0.542693573375   0.539701832702
8.648   0.542693573375   0.539701832702
8.744   0.542693573375   0.539701832702
8.84   0.542693573375   0.539701832702
8.936   0.542693573375   0.539701832702
9.032   0.542693573375   0.539701832702
9.128   0.542693573375   0.539701832702
9.224   0.542693573375   0.539701832702
9.32   0.542693573375   0.539701832702
9.416   0.542693573375   0.539701832702
9.512   0.542693573375   0.539701832702
9.608   0.542693573375   0.539701832702
9.704   0.542693573375   0.539701832702
