0.2   0.566961959367   0.45223758642
0.296   0.564747471243   0.490518361927
0.392   0.563186348409   0.514092217346
0.488   0.562214172401   0.527872699568
0.584   0.561689647863   0.535248635397
0.68   0.561441384834   0.5389644449
0.776   0.56133456457   0.540807055984
0.872   0.561290766315   0.541728039859
0.968   0.561273383159   0.54219494624
1.064   0.56126656428   0.542434389833
1.16   0.56126390336   0.54255828248
1.256   0.561262867339   0.54262276659
1.352   0.561262464355   0.542656455688
1.448   0.56126230767   0.542674097058
1.544   0.561262246758   0.542683347955
1.64   0.561262223081   0.542688203048
1.736   0.561262213877   0.542690752367
1.832   0.5612622103   0.542692091347
1.928   0.561262208909   0.542692794736
2.024   0.561262208369   0.542693164273
2.12   0.561262208159   0.542693358426
2.216   0.561262208077   0.542693460436
2.312   0.561262208045   0.542693514034
2.408   0.561262208033   0.542693542195
2.504   0.561262208028   0.542693556992
2.6   0.561262208026   0.542693564767
2.696   0.561262208025   0.542693568852
2.792   0.561262208025   0.542693570998
2.888   0.561262208025   0.542693572126
2.984   0.561262208025   0.542693572719
3.08   0.561262208025   0.54269357303
3.176   0.561262208025   0.542693573194
3.272   0.561262208025   0.542693573279
3.368   0.561262208025   0.542693573325
3.464   0.561262208025   0.542693573348
3.56   0.561262208025   0.542693573361
3.656   0.561262208025   0.542693573367
3.752   0.561262208025   0.542693573371
3.848   0.561262208025   0.542693573373
3.944   0.561262208025   0.542693573374
4.04   0.561262208025   0.542693573374
4.136   0.561262208025   0.542693573374
4.232   0.561262208025   0.542693573375
4.328   0.561262208025   0.542693573375
4.424   0.561262208025   0.542693573375
4.52   0.561262208025   0.542693573375
4.616   0.561262208025   0.542693573375
4.712   0.561262208025   0.542693573375
4.808   0.561262208025   0.542693573375
4.904   0.561262208025   0.542693573375
5.0   0.561262208025   0.542693573375
5.096   0.561262208025   0.542693573375
5.192   0.561262208025   0.542693573375
5.288   0.561262208025   0.542693573375
5.384   0.561262208025   0.542693573375
5.48   0.561262208025   0.542693573375
5.576   0.561262208025   0.542693573375
5.672   0.561262208025   0.542693573375
5.768   0.561262208025   0.542693573375
5.864   0.561262208025   0.542693573375
5.96   0.561262208025   0.542693573375
6.056   0.561262208025   0.542693573375
6.152   0.561262208025   0.542693573375
6.248   0.561262208025   0.542693573375
6.344   0.561262208025   0.542693573375
6.44   0.561262208025   0.542693573375
6.536   0.561262208025   0.542693573375
6.632   0.561262208025   0.542693573375
6.728   0.561262208025   0.542693573375
6.824   0.561262208025   0.542693573375
6.92   0.561262208025   0.542693573375
7.016   0.561262208025   0.542693573375
7.112   0.561262208025   0.542693573375
7.208   0.561262208025   0.542693573375
7.304   0.561262208025   0.542693573375
7.4   0.561262208025   0.542693573375
7.496   0.561262208025   0.542693573375
7.592   0.561262208025   0.542693573375
7.688   0.561262208025   0.542693573375
7.784   0.561262208025   0.542693573375
7.88   0.561262208025   0.542693573375
7.976   0.561262208025   0.542693573375
8.072   0.561262208025   0.542693573375
8.168   0.561262208025   0.542693573375
8.264   0.561262208025   0.542693573375
8.36   0.561262208025   0.542693573375
8.456   0.561262208025   0.542693573375
8.552   0.561262208025   0.542693573375
8.648   0.561262208025   0.542693573375
8.744   0.561262208025   0.542693573375
8.84   0.561262208025   0.542693573375
8.936   0.561262208025   0.542693573375
9.032   0.561262208025   0.542693573375
9.128   0.561262208025   0.542693573375
9.224   0.561262208025   0.542693573375
9.32   0.561262208025   0.542693573375
9.416   0.561262208025   0.542693573375
9.512   0.561262208025   0.542693573375
9.608   0.561262208025   0.542693573375
9.704   0.561262208025   0.542693573375
