0.2   0.561220306392   0.365046857852
0.296   0.556387576515   0.41174669536
0.392   0.552390239954   0.443007730566
0.488   0.549236222409   0.464414936165
0.584   0.546886747001   0.478970279688
0.68   0.545248288265   0.488639648761
0.776   0.544181624518   0.49488451097
0.872   0.543529886973   0.498818147314
0.968   0.543151723678   0.501252024953
1.064   0.54294045633   0.502741918928
1.16   0.54282515706   0.503649042603
1.256   0.542763276988   0.504200405107
1.352   0.542730366383   0.504535331496
1.448   0.542712955237   0.504738885411
1.544   0.542703771732   0.504862682554
1.64   0.542698936132   0.504938023448
1.736   0.542696392356   0.504983900168
1.832   0.542695054907   0.50501184756
1.928   0.542694351919   0.505028878124
2.024   0.542693982475   0.505039258579
2.12   0.542693788337   0.505045586684
2.216   0.542693686325   0.505049444836
2.312   0.542693632723   0.505051797271
2.408   0.542693604558   0.505053231698
2.504   0.542693589759   0.505054106386
2.6   0.542693581984   0.505054639769
2.696   0.542693577898   0.505054965028
2.792   0.542693575751   0.505055163375
2.888   0.542693574623   0.505055284331
2.984   0.542693574031   0.505055358091
3.08   0.542693573719   0.505055403072
3.176   0.542693573556   0.505055430502
3.272   0.54269357347   0.505055447229
3.368   0.542693573425   0.50505545743
3.464   0.542693573401   0.505055463651
3.56   0.542693573388   0.505055467444
3.656   0.542693573382   0.505055469758
3.752   0.542693573378   0.505055471169
3.848   0.542693573377   0.505055472029
3.944   0.542693573376   0.505055472553
4.04   0.542693573375   0.505055472873
4.136   0.542693573375   0.505055473068
4.232   0.542693573375   0.505055473187
4.328   0.542693573375   0.50505547326
4.424   0.542693573375   0.505055473304
4.52   0.542693573375   0.505055473331
4.616   0.542693573375   0.505055473348
4.712   0.542693573375   0.505055473358
4.808   0.542693573375   0.505055473364
4.904   0.542693573375   0.505055473368
5.0   0.542693573375   0.50505547337
5.096   0.542693573375   0.505055473371
5.192   0.542693573375   0.505055473372
5.288   0.542693573375   0.505055473373
5.384   0.542693573375   0.505055473373
5.48   0.542693573375   0.505055473373
5.576   0.542693573375   0.505055473373
5.672   0.542693573375   0.505055473373
5.768   0.542693573375   0.505055473373
5.864   0.542693573375   0.505055473373
5.96   0.542693573375   0.505055473373
6.056   0.542693573375   0.505055473373
6.152   0.542693573375   0.505055473373
6.248   0.542693573375   0.505055473373
6.344   0.542693573375   0.505055473373
6.44   0.542693573375   0.505055473373
6.536   0.542693573375   0.505055473373
6.632   0.542693573375   0.505055473373
6.728   0.542693573375   0.505055473373
6.824   0.542693573375   0.505055473373
6.92   0.542693573375   0.505055473373
7.016   0.542693573375   0.505055473373
7.112   0.542693573375   0.505055473373
7.208   0.542693573375   0.505055473373
7.304   0.542693573375   0.505055473373
7.4   0.542693573375   0.505055473373
7.496   0.542693573375   0.505055473373
7.592   0.542693573375   0.505055473373
7.688   0.542693573375   0.505055473373
7.784   0.542693573375   0.505055473373
7.88   0.542693573375   0.505055473373
7.976   0.542693573375   0.505055473373
8.072   0.542693573375   0.505055473373
8.168   0.542693573375   0.505055473373
8.264   0.542693573375   0.505055473373
8.36   0.542693573375   0.505055473373
8.456   0.542693573375   0.505055473373
8.552   0.542693573375   0.505055473373
8.648   0.542693573375   0.505055473373
8.744   0.542693573375   0.505055473373
8.84   0.542693573375   0.505055473373
8.936   0.542693573375   0.505055473373
9.032   0.542693573375   0.505055473373
9.128   0.542693573375   0.505055473373
9.224   0.542693573375   0.505055473373
9.32   0.542693573375   0.505055473373
9.416   0.542693573375   0.505055473373
9.512   0.542693573375   0.505055473373
9.608   0.542693573375   0.505055473373
9.704   0.542693573375   0.505055473373
