0.2   0.563267490461   0.411124806643
0.296   0.559122000436   0.45389675388
0.392   0.555543083879   0.482400879482
0.488   0.552513711518   0.501679888223
0.584   0.550002861961   0.514529938467
0.68   0.547970012616   0.522890885257
0.776   0.546368820798   0.528235381502
0.872   0.545149925183   0.531623040479
0.968   0.54426147944   0.533756081036
1.064   0.543647915377   0.535081377631
1.16   0.543249251823   0.535886639893
1.256   0.543005622214   0.536362320281
1.352   0.542864710057   0.536635889678
1.448   0.542785557439   0.536790155307
1.544   0.542742524186   0.536875902487
1.64   0.542719475162   0.536923188167
1.736   0.542707235333   0.536949154623
1.832   0.542700766755   0.536963379574
1.928   0.542697357252   0.536971162303
2.024   0.542695562746   0.53697541754
2.12   0.542694618992   0.536977743321
2.216   0.54269412287   0.536979014304
2.312   0.542693862123   0.536979708808
2.408   0.5426937251   0.53698008829
2.504   0.542693653098   0.536980295639
2.6   0.542693615264   0.536980408932
2.696   0.542693595385   0.536980470835
2.792   0.54269358494   0.536980504658
2.888   0.542693579451   0.536980523138
2.984   0.542693576567   0.536980533236
3.08   0.542693575052   0.536980538753
3.176   0.542693574256   0.536980541767
3.272   0.542693573838   0.536980543415
3.368   0.542693573618   0.536980544314
3.464   0.542693573503   0.536980544806
3.56   0.542693573442   0.536980545075
3.656   0.54269357341   0.536980545222
3.752   0.542693573393   0.536980545302
3.848   0.542693573384   0.536980545346
3.944   0.54269357338   0.53698054537
4.04   0.542693573377   0.536980545383
4.136   0.542693573376   0.53698054539
4.232   0.542693573375   0.536980545394
4.328   0.542693573375   0.536980545396
4.424   0.542693573375   0.536980545397
4.52   0.542693573375   0.536980545398
4.616   0.542693573375   0.536980545398
4.712   0.542693573375   0.536980545398
4.808   0.542693573375   0.536980545398
4.904   0.542693573375   0.536980545398
5.0   0.542693573375   0.536980545398
5.096   0.542693573375   0.536980545398
5.192   0.542693573375   0.536980545399
5.288   0.542693573375   0.536980545399
5.384   0.542693573375   0.536980545399
5.48   0.542693573375   0.536980545399
5.576   0.542693573375   0.536980545399
5.672   0.542693573375   0.536980545399
5.768   0.542693573375   0.536980545399
5.864   0.542693573375   0.536980545399
5.96   0.542693573375   0.536980545399
6.056   0.542693573375   0.536980545399
6.152   0.542693573375   0.536980545399
6.248   0.542693573375   0.536980545399
6.344   0.542693573375   0.536980545399
6.44   0.542693573375   0.536980545399
6.536   0.542693573375   0.536980545399
6.632   0.542693573375   0.536980545399
6.728   0.542693573375   0.536980545399
6.824   0.542693573375   0.536980545399
6.92   0.542693573375   0.536980545399
7.016   0.542693573375   0.536980545399
7.112   0.542693573375   0.536980545399
7.208   0.542693573375   0.536980545399
7.304   0.542693573375   0.536980545399
7.4   0.542693573375   0.536980545399
7.496   0.542693573375   0.536980545399
7.592   0.542693573375   0.536980545399
7.688   0.542693573375   0.536980545399
7.784   0.542693573375   0.536980545399
7.88   0.542693573375   0.536980545399
7.976   0.542693573375   0.536980545399
8.072   0.542693573375   0.536980545399
8.168   0.542693573375   0.536980545399
8.264   0.542693573375   0.536980545399
8.36   0.542693573375   0.536980545399
8.456   0.542693573375   0.536980545399
8.552   0.542693573375   0.536980545399
8.648   0.542693573375   0.536980545399
8.744   0.542693573375   0.536980545399
8.84   0.542693573375   0.536980545399
8.936   0.542693573375   0.536980545399
9.032   0.542693573375   0.536980545399
9.128   0.542693573375   0.536980545399
9.224   0.542693573375   0.536980545399
9.32   0.542693573375   0.536980545399
9.416   0.542693573375   0.536980545399
9.512   0.542693573375   0.536980545399
9.608   0.542693573375   0.536980545399
9.704   0.542693573375   0.536980545399
