0.2   0.561921933074   0.39735889756
0.296   0.557302833194   0.437792382659
0.392   0.553403451684   0.465452304794
0.488   0.55022588338   0.484606508277
0.584   0.547748102874   0.497685029879
0.68   0.545918436655   0.506363568494
0.776   0.544650801134   0.511936121162
0.872   0.543829686546   0.515407149704
0.968   0.543330253944   0.517516858407
1.064   0.54304187758   0.518777098243
1.16   0.542880812147   0.519521879371
1.256   0.542793254923   0.51995950811
1.352   0.542746339052   0.520216050682
1.448   0.54272141311   0.520366287572
1.544   0.542708234814   0.520454254588
1.64   0.542701286687   0.520505786194
1.736   0.542697628999   0.520535981108
1.832   0.542695705133   0.520553678981
1.928   0.542694693698   0.520564054485
2.024   0.542694162093   0.520570138245
2.12   0.542693882724   0.520573705943
2.216   0.542693735922   0.520575798323
2.312   0.542693658783   0.520577025529
2.408   0.542693618251   0.520577745328
2.504   0.542693596954   0.520578167525
2.6   0.542693585764   0.520578415168
2.696   0.542693579885   0.520578560427
2.792   0.542693576795   0.520578645631
2.888   0.542693575172   0.520578695609
2.984   0.542693574319   0.520578724925
3.08   0.542693573871   0.52057874212
3.176   0.542693573635   0.520578752207
3.272   0.542693573512   0.520578758123
3.368   0.542693573447   0.520578761594
3.464   0.542693573412   0.52057876363
3.56   0.542693573395   0.520578764824
3.656   0.542693573385   0.520578765524
3.752   0.54269357338   0.520578765935
3.848   0.542693573378   0.520578766176
3.944   0.542693573376   0.520578766317
4.04   0.542693573375   0.5205787664
4.136   0.542693573375   0.520578766449
4.232   0.542693573375   0.520578766477
4.328   0.542693573375   0.520578766494
4.424   0.542693573375   0.520578766504
4.52   0.542693573375   0.52057876651
4.616   0.542693573375   0.520578766513
4.712   0.542693573375   0.520578766515
4.808   0.542693573375   0.520578766516
4.904   0.542693573375   0.520578766517
5.0   0.542693573375   0.520578766517
5.096   0.542693573375   0.520578766518
5.192   0.542693573375   0.520578766518
5.288   0.542693573375   0.520578766518
5.384   0.542693573375   0.520578766518
5.48   0.542693573375   0.520578766518
5.576   0.542693573375   0.520578766518
5.672   0.542693573375   0.520578766518
5.768   0.542693573375   0.520578766518
5.864   0.542693573375   0.520578766518
5.96   0.542693573375   0.520578766518
6.056   0.542693573375   0.520578766518
6.152   0.542693573375   0.520578766518
6.248   0.542693573375   0.520578766518
6.344   0.542693573375   0.520578766518
6.44   0.542693573375   0.520578766518
6.536   0.542693573375   0.520578766518
6.632   0.542693573375   0.520578766518
6.728   0.542693573375   0.520578766518
6.824   0.542693573375   0.520578766518
6.92   0.542693573375   0.520578766518
7.016   0.542693573375   0.520578766518
7.112   0.542693573375   0.520578766518
7.208   0.542693573375   0.520578766518
7.304   0.542693573375   0.520578766518
7.4   0.542693573375   0.520578766518
7.496   0.542693573375   0.520578766518
7.592   0.542693573375   0.520578766518
7.688   0.542693573375   0.520578766518
7.784   0.542693573375   0.520578766518
7.88   0.542693573375   0.520578766518
7.976   0.542693573375   0.520578766518
8.072   0.542693573375   0.520578766518
8.168   0.542693573375   0.520578766518
8.264   0.542693573375   0.520578766518
8.36   0.542693573375   0.520578766518
8.456   0.542693573375   0.520578766518
8.552   0.542693573375   0.520578766518
8.648   0.542693573375   0.520578766518
8.744   0.542693573375   0.520578766518
8.84   0.542693573375   0.520578766518
8.936   0.542693573375   0.520578766518
9.032   0.542693573375   0.520578766518
9.128   0.542693573375   0.520578766518
9.224   0.542693573375   0.520578766518
9.32   0.542693573375   0.520578766518
9.416   0.542693573375   0.520578766518
9.512   0.542693573375   0.520578766518
9.608   0.542693573375   0.520578766518
9.704   0.542693573375   0.520578766518
