0.2   0.561621792069   0.385013829261
0.296   0.556905966334   0.427793512259
0.392   0.552956361369   0.456830146947
0.488   0.549779429755   0.476859185625
0.584   0.54734954371   0.490516495714
0.68   0.545600028131   0.499581543348
0.776   0.544422378741   0.505410355843
0.872   0.543680846277   0.509051936358
0.968   0.54324037976   0.511278035613
1.064   0.542990339011   0.512619757438
1.16   0.542852382614   0.513422037926
1.256   0.542777895458   0.513900261968
1.352   0.542738141371   0.514184837955
1.448   0.542717068163   0.514354185405
1.544   0.542705940869   0.514455005366
1.64   0.542700078203   0.514515059002
1.736   0.54269699311   0.514550846883
1.832   0.542695370755   0.514572182083
1.928   0.542694517931   0.51458490483
2.024   0.542694069718   0.514592493297
2.12   0.542693834182   0.514597020079
2.216   0.542693710414   0.514599720725
2.312   0.54269364538   0.514601332018
2.408   0.542693611209   0.514602293411
2.504   0.542693593254   0.51460286705
2.6   0.54269358382   0.514603209334
2.696   0.542693578863   0.514603413573
2.792   0.542693576258   0.514603535442
2.888   0.54269357489   0.514603608162
2.984   0.542693574171   0.514603651554
3.08   0.542693573793   0.514603677446
3.176   0.542693573594   0.514603692896
3.272   0.54269357349   0.514603702115
3.368   0.542693573435   0.514603707616
3.464   0.542693573407   0.514603710899
3.56   0.542693573391   0.514603712858
3.656   0.542693573383   0.514603714027
3.752   0.542693573379   0.514603714724
3.848   0.542693573377   0.51460371514
3.944   0.542693573376   0.514603715389
4.04   0.542693573375   0.514603715537
4.136   0.542693573375   0.514603715625
4.232   0.542693573375   0.514603715678
4.328   0.542693573375   0.514603715709
4.424   0.542693573375   0.514603715728
4.52   0.542693573375   0.514603715739
4.616   0.542693573375   0.514603715746
4.712   0.542693573375   0.51460371575
4.808   0.542693573375   0.514603715752
4.904   0.542693573375   0.514603715754
5.0   0.542693573375   0.514603715755
5.096   0.542693573375   0.514603715755
5.192   0.542693573375   0.514603715755
5.288   0.542693573375   0.514603715756
5.384   0.542693573375   0.514603715756
5.48   0.542693573375   0.514603715756
5.576   0.542693573375   0.514603715756
5.672   0.542693573375   0.514603715756
5.768   0.542693573375   0.514603715756
5.864   0.542693573375   0.514603715756
5.96   0.542693573375   0.514603715756
6.056   0.542693573375   0.514603715756
6.152   0.542693573375   0.514603715756
6.248   0.542693573375   0.514603715756
6.344   0.542693573375   0.514603715756
6.44   0.542693573375   0.514603715756
6.536   0.542693573375   0.514603715756
6.632   0.542693573375   0.514603715756
6.728   0.542693573375   0.514603715756
6.824   0.542693573375   0.514603715756
6.92   0.542693573375   0.514603715756
7.016   0.542693573375   0.514603715756
7.112   0.542693573375   0.514603715756
7.208   0.542693573375   0.514603715756
7.304   0.542693573375   0.514603715756
7.4   0.542693573375   0.514603715756
7.496   0.542693573375   0.514603715756
7.592   0.542693573375   0.514603715756
7.688   0.542693573375   0.514603715756
7.784   0.542693573375   0.514603715756
7.88   0.542693573375   0.514603715756
7.976   0.542693573375   0.514603715756
8.072   0.542693573375   0.514603715756
8.168   0.542693573375   0.514603715756
8.264   0.542693573375   0.514603715756
8.36   0.542693573375   0.514603715756
8.456   0.542693573375   0.514603715756
8.552   0.542693573375   0.514603715756
8.648   0.542693573375   0.514603715756
8.744   0.542693573375   0.514603715756
8.84   0.542693573375   0.514603715756
8.936   0.542693573375   0.514603715756
9.032   0.542693573375   0.514603715756
9.128   0.542693573375   0.514603715756
9.224   0.542693573375   0.514603715756
9.32   0.542693573375   0.514603715756
9.416   0.542693573375   0.514603715756
9.512   0.542693573375   0.514603715756
9.608   0.542693573375   0.514603715756
9.704   0.542693573375   0.514603715756
