0.2   0.56734599994   0.453699320445
0.296   0.565355027487   0.492247220998
0.392   0.564027189402   0.515607854222
0.488   0.563263265154   0.528938620902
0.584   0.562887836781   0.535880046143
0.68   0.562725995634   0.539304952368
0.776   0.562661060437   0.540984254333
0.872   0.562636325911   0.541819588268
0.968   0.562627070686   0.542242270098
1.064   0.562623634432   0.542458963902
1.16   0.562622362812   0.542571092714
1.256   0.562621892869   0.542629463416
1.352   0.562621719291   0.542659963325
1.448   0.562621655192   0.54267593655
1.544   0.562621631524   0.542684313375
1.64   0.562621622785   0.542688709968
1.736   0.562621619558   0.542691018613
1.832   0.562621618367   0.54269223121
1.928   0.562621617927   0.542692868215
2.024   0.562621617764   0.542693202878
2.12   0.562621617704   0.542693378709
2.216   0.562621617682   0.542693471093
2.312   0.562621617674   0.542693519633
2.408   0.562621617671   0.542693545137
2.504   0.56262161767   0.542693558538
2.6   0.56262161767   0.542693565579
2.696   0.562621617669   0.542693569279
2.792   0.562621617669   0.542693571222
2.888   0.562621617669   0.542693572244
2.984   0.562621617669   0.54269357278
3.08   0.562621617669   0.542693573062
3.176   0.562621617669   0.542693573211
3.272   0.562621617669   0.542693573288
3.368   0.562621617669   0.542693573329
3.464   0.562621617669   0.542693573351
3.56   0.562621617669   0.542693573362
3.656   0.562621617669   0.542693573368
3.752   0.562621617669   0.542693573371
3.848   0.562621617669   0.542693573373
3.944   0.562621617669   0.542693573374
4.04   0.562621617669   0.542693573374
4.136   0.562621617669   0.542693573374
4.232   0.562621617669   0.542693573375
4.328   0.562621617669   0.542693573375
4.424   0.562621617669   0.542693573375
4.52   0.562621617669   0.542693573375
4.616   0.562621617669   0.542693573375
4.712   0.562621617669   0.542693573375
4.808   0.562621617669   0.542693573375
4.904   0.562621617669   0.542693573375
5.0   0.562621617669   0.542693573375
5.096   0.562621617669   0.542693573375
5.192   0.562621617669   0.542693573375
5.288   0.562621617669   0.542693573375
5.384   0.562621617669   0.542693573375
5.48   0.562621617669   0.542693573375
5.576   0.562621617669   0.542693573375
5.672   0.562621617669   0.542693573375
5.768   0.562621617669   0.542693573375
5.864   0.562621617669   0.542693573375
5.96   0.562621617669   0.542693573375
6.056   0.562621617669   0.542693573375
6.152   0.562621617669   0.542693573375
6.248   0.562621617669   0.542693573375
6.344   0.562621617669   0.542693573375
6.44   0.562621617669   0.542693573375
6.536   0.562621617669   0.542693573375
6.632   0.562621617669   0.542693573375
6.728   0.562621617669   0.542693573375
6.824   0.562621617669   0.542693573375
6.92   0.562621617669   0.542693573375
7.016   0.562621617669   0.542693573375
7.112   0.562621617669   0.542693573375
7.208   0.562621617669   0.542693573375
7.304   0.562621617669   0.542693573375
7.4   0.562621617669   0.542693573375
7.496   0.562621617669   0.542693573375
7.592   0.562621617669   0.542693573375
7.688   0.562621617669   0.542693573375
7.784   0.562621617669   0.542693573375
7.88   0.562621617669   0.542693573375
7.976   0.562621617669   0.542693573375
8.072   0.562621617669   0.542693573375
8.168   0.562621617669   0.542693573375
8.264   0.562621617669   0.542693573375
8.36   0.562621617669   0.542693573375
8.456   0.562621617669   0.542693573375
8.552   0.562621617669   0.542693573375
8.648   0.562621617669   0.542693573375
8.744   0.562621617669   0.542693573375
8.84   0.562621617669   0.542693573375
8.936   0.562621617669   0.542693573375
9.032   0.562621617669   0.542693573375
9.128   0.562621617669   0.542693573375
9.224   0.562621617669   0.542693573375
9.32   0.562621617669   0.542693573375
9.416   0.562621617669   0.542693573375
9.512   0.562621617669   0.542693573375
9.608   0.562621617669   0.542693573375
9.704   0.562621617669   0.542693573375
