0.2   0.562187920299   0.391922037804
0.296   0.557640735716   0.435944573403
0.392   0.553773737567   0.465523193872
0.488   0.55059044423   0.48577214941
0.584   0.548073742802   0.499485440607
0.68   0.546182021314   0.508530217384
0.776   0.544843752513   0.51431370578
0.872   0.543958284757   0.517905825187
0.968   0.543409359917   0.520083008648
1.064   0.543087428799   0.521378479808
1.16   0.542906395666   0.522139938972
1.256   0.542807146376   0.522584366482
1.352   0.542753774648   0.522842944907
1.448   0.542725360544   0.522993153874
1.544   0.542710320767   0.523080368303
1.64   0.542702386142   0.523131028598
1.736   0.542698207674   0.523160459928
1.832   0.54269600947   0.523177562596
1.928   0.542694853687   0.523187503155
2.024   0.542694246179   0.523193281832
2.12   0.542693926912   0.523196641502
2.216   0.542693759141   0.523198594942
2.312   0.542693670984   0.523199730809
2.408   0.542693624662   0.523200391305
2.504   0.542693600323   0.523200775387
2.6   0.542693587534   0.523200998736
2.696   0.542693580814   0.523201128617
2.792   0.542693577284   0.523201204146
2.888   0.542693575429   0.523201248068
2.984   0.542693574454   0.52320127361
3.08   0.542693573942   0.523201288464
3.176   0.542693573673   0.523201297101
3.272   0.542693573531   0.523201302124
3.368   0.542693573457   0.523201305045
3.464   0.542693573418   0.523201306744
3.56   0.542693573397   0.523201307732
3.656   0.542693573387   0.523201308306
3.752   0.542693573381   0.52320130864
3.848   0.542693573378   0.523201308834
3.944   0.542693573376   0.523201308947
4.04   0.542693573376   0.523201309013
4.136   0.542693573375   0.523201309051
4.232   0.542693573375   0.523201309074
4.328   0.542693573375   0.523201309086
4.424   0.542693573375   0.523201309094
4.52   0.542693573375   0.523201309098
4.616   0.542693573375   0.523201309101
4.712   0.542693573375   0.523201309102
4.808   0.542693573375   0.523201309103
4.904   0.542693573375   0.523201309104
5.0   0.542693573375   0.523201309104
5.096   0.542693573375   0.523201309104
5.192   0.542693573375   0.523201309104
5.288   0.542693573375   0.523201309104
5.384   0.542693573375   0.523201309104
5.48   0.542693573375   0.523201309104
5.576   0.542693573375   0.523201309104
5.672   0.542693573375   0.523201309104
5.768   0.542693573375   0.523201309104
5.864   0.542693573375   0.523201309104
5.96   0.542693573375   0.523201309104
6.056   0.542693573375   0.523201309104
6.152   0.542693573375   0.523201309104
6.248   0.542693573375   0.523201309104
6.344   0.542693573375   0.523201309104
6.44   0.542693573375   0.523201309104
6.536   0.542693573375   0.523201309104
6.632   0.542693573375   0.523201309104
6.728   0.542693573375   0.523201309104
6.824   0.542693573375   0.523201309104
6.92   0.542693573375   0.523201309104
7.016   0.542693573375   0.523201309104
7.112   0.542693573375   0.523201309104
7.208   0.542693573375   0.523201309104
7.304   0.542693573375   0.523201309104
7.4   0.542693573375   0.523201309104
7.496   0.542693573375   0.523201309104
7.592   0.542693573375   0.523201309104
7.688   0.542693573375   0.523201309104
7.784   0.542693573375   0.523201309104
7.88   0.542693573375   0.523201309104
7.976   0.542693573375   0.523201309104
8.072   0.542693573375   0.523201309104
8.168   0.542693573375   0.523201309104
8.264   0.542693573375   0.523201309104
8.36   0.542693573375   0.523201309104
8.456   0.542693573375   0.523201309104
8.552   0.542693573375   0.523201309104
8.648   0.542693573375   0.523201309104
8.744   0.542693573375   0.523201309104
8.84   0.542693573375   0.523201309104
8.936   0.542693573375   0.523201309104
9.032   0.542693573375   0.523201309104
9.128   0.542693573375   0.523201309104
9.224   0.542693573375   0.523201309104
9.32   0.542693573375   0.523201309104
9.416   0.542693573375   0.523201309104
9.512   0.542693573375   0.523201309104
9.608   0.542693573375   0.523201309104
9.704   0.542693573375   0.523201309104
