0.2   0.566001470884   0.447566992571
0.296   0.563237097921   0.485390847722
0.392   0.561077371069   0.509531621256
0.488   0.5595060193   0.524462716336
0.584   0.558465928689   0.533065831736
0.68   0.557849821987   0.537709263664
0.776   0.55752218216   0.540126330501
0.872   0.557362465921   0.541368665186
0.968   0.557288316223   0.542006780784
1.064   0.557255140984   0.542336193962
1.16   0.557240523073   0.542506974525
1.256   0.557234130416   0.542595916346
1.352   0.5572313449   0.542642386025
1.448   0.557230133217   0.542666717334
1.544   0.55722960656   0.542679474641
1.64   0.557229377733   0.542686169238
1.736   0.557229278327   0.542689684163
1.832   0.557229235147   0.542691530211
1.928   0.557229216391   0.542692499939
2.024   0.557229208244   0.54269300939
2.12   0.557229204706   0.542693277049
2.216   0.557229203169   0.542693417679
2.312   0.557229202501   0.542693491568
2.408   0.557229202211   0.542693530391
2.504   0.557229202085   0.54269355079
2.6   0.55722920203   0.542693561508
2.696   0.557229202007   0.54269356714
2.792   0.557229201996   0.542693570099
2.888   0.557229201992   0.542693571653
2.984   0.55722920199   0.54269357247
3.08   0.557229201989   0.542693572899
3.176   0.557229201989   0.542693573125
3.272   0.557229201988   0.542693573243
3.368   0.557229201988   0.542693573306
3.464   0.557229201988   0.542693573338
3.56   0.557229201988   0.542693573356
3.656   0.557229201988   0.542693573365
3.752   0.557229201988   0.542693573369
3.848   0.557229201988   0.542693573372
3.944   0.557229201988   0.542693573373
4.04   0.557229201988   0.542693573374
4.136   0.557229201988   0.542693573374
4.232   0.557229201988   0.542693573374
4.328   0.557229201988   0.542693573375
4.424   0.557229201988   0.542693573375
4.52   0.557229201988   0.542693573375
4.616   0.557229201988   0.542693573375
4.712   0.557229201988   0.542693573375
4.808   0.557229201988   0.542693573375
4.904   0.557229201988   0.542693573375
5.0   0.557229201988   0.542693573375
5.096   0.557229201988   0.542693573375
5.192   0.557229201988   0.542693573375
5.288   0.557229201988   0.542693573375
5.384   0.557229201988   0.542693573375
5.48   0.557229201988   0.542693573375
5.576   0.557229201988   0.542693573375
5.672   0.557229201988   0.542693573375
5.768   0.557229201988   0.542693573375
5.864   0.557229201988   0.542693573375
5.96   0.557229201988   0.542693573375
6.056   0.557229201988   0.542693573375
6.152   0.557229201988   0.542693573375
6.248   0.557229201988   0.542693573375
6.344   0.557229201988   0.542693573375
6.44   0.557229201988   0.542693573375
6.536   0.557229201988   0.542693573375
6.632   0.557229201988   0.542693573375
6.728   0.557229201988   0.542693573375
6.824   0.557229201988   0.542693573375
6.92   0.557229201988   0.542693573375
7.016   0.557229201988   0.542693573375
7.112   0.557229201988   0.542693573375
7.208   0.557229201988   0.542693573375
7.304   0.557229201988   0.542693573375
7.4   0.557229201988   0.542693573375
7.496   0.557229201988   0.542693573375
7.592   0.557229201988   0.542693573375
7.688   0.557229201988   0.542693573375
7.784   0.557229201988   0.542693573375
7.88   0.557229201988   0.542693573375
7.976   0.557229201988   0.542693573375
8.072   0.557229201988   0.542693573375
8.168   0.557229201988   0.542693573375
8.264   0.557229201988   0.542693573375
8.36   0.557229201988   0.542693573375
8.456   0.557229201988   0.542693573375
8.552   0.557229201988   0.542693573375
8.648   0.557229201988   0.542693573375
8.744   0.557229201988   0.542693573375
8.84   0.557229201988   0.542693573375
8.936   0.557229201988   0.542693573375
9.032   0.557229201988   0.542693573375
9.128   0.557229201988   0.542693573375
9.224   0.557229201988   0.542693573375
9.32   0.557229201988   0.542693573375
9.416   0.557229201988   0.542693573375
9.512   0.557229201988   0.542693573375
9.608   0.557229201988   0.542693573375
9.704   0.557229201988   0.542693573375
