0.2   0.563237262857   0.401656111359
0.296   0.559064378073   0.44808105575
0.392   0.55545539329   0.478551094866
0.488   0.552397679543   0.498986399515
0.584   0.549864472435   0.51254006194
0.68   0.54781901581   0.521325639996
0.776   0.546217695535   0.52691620809
0.872   0.54501189869   0.530436101296
0.968   0.54414743783   0.532630843281
1.064   0.54356313291   0.533977530886
1.16   0.543192330678   0.534784957333
1.256   0.542970527381   0.535256668095
1.352   0.542844231155   0.535526120847
1.448   0.542774197879   0.535677706317
1.544   0.542736371989   0.535761993875
1.64   0.542716188289   0.535808656004
1.736   0.542705492584   0.535834400184
1.832   0.542699846567   0.535848580691
1.928   0.542696872482   0.535856385148
2.024   0.542695307672   0.53586067866
2.12   0.542694484867   0.535863040196
2.216   0.542694052368   0.535864338973
2.312   0.542693825072   0.535865053232
2.408   0.542693705629   0.53586544603
2.504   0.542693642867   0.535865662042
2.6   0.542693609888   0.535865780834
2.696   0.54269359256   0.535865846161
2.792   0.542693583455   0.535865882086
2.888   0.542693578671   0.535865901843
2.984   0.542693576158   0.535865912708
3.08   0.542693574837   0.535865918683
3.176   0.542693574143   0.535865921968
3.272   0.542693573778   0.535865923775
3.368   0.542693573587   0.535865924769
3.464   0.542693573486   0.535865925315
3.56   0.542693573433   0.535865925616
3.656   0.542693573405   0.535865925781
3.752   0.542693573391   0.535865925872
3.848   0.542693573383   0.535865925922
3.944   0.542693573379   0.53586592595
4.04   0.542693573377   0.535865925965
4.136   0.542693573376   0.535865925973
4.232   0.542693573375   0.535865925978
4.328   0.542693573375   0.53586592598
4.424   0.542693573375   0.535865925981
4.52   0.542693573375   0.535865925982
4.616   0.542693573375   0.535865925983
4.712   0.542693573375   0.535865925983
4.808   0.542693573375   0.535865925983
4.904   0.542693573375   0.535865925983
5.0   0.542693573375   0.535865925983
5.096   0.542693573375   0.535865925983
5.192   0.542693573375   0.535865925983
5.288   0.542693573375   0.535865925983
5.384   0.542693573375   0.535865925983
5.48   0.542693573375   0.535865925983
5.576   0.542693573375   0.535865925983
5.672   0.542693573375   0.535865925983
5.768   0.542693573375   0.535865925983
5.864   0.542693573375   0.535865925983
5.96   0.542693573375   0.535865925983
6.056   0.542693573375   0.535865925983
6.152   0.542693573375   0.535865925983
6.248   0.542693573375   0.535865925983
6.344   0.542693573375   0.535865925983
6.44   0.542693573375   0.535865925983
6.536   0.542693573375   0.535865925983
6.632   0.542693573375   0.535865925983
6.728   0.542693573375   0.535865925983
6.824   0.542693573375   0.535865925983
6.92   0.542693573375   0.535865925983
7.016   0.542693573375   0.535865925983
7.112   0.542693573375   0.535865925983
7.208   0.542693573375   0.535865925983
7.304   0.542693573375   0.535865925983
7.4   0.542693573375   0.535865925983
7.496   0.542693573375   0.535865925983
7.592   0.542693573375   0.535865925983
7.688   0.542693573375   0.535865925983
7.784   0.542693573375   0.535865925983
7.88   0.542693573375   0.535865925983
7.976   0.542693573375   0.535865925983
8.072   0.542693573375   0.535865925983
8.168   0.542693573375   0.535865925983
8.264   0.542693573375   0.535865925983
8.36   0.542693573375   0.535865925983
8.456   0.542693573375   0.535865925983
8.552   0.542693573375   0.535865925983
8.648   0.542693573375   0.535865925983
8.744   0.542693573375   0.535865925983
8.84   0.542693573375   0.535865925983
8.936   0.542693573375   0.535865925983
9.032   0.542693573375   0.535865925983
9.128   0.542693573375   0.535865925983
9.224   0.542693573375   0.535865925983
9.32   0.542693573375   0.535865925983
9.416   0.542693573375   0.535865925983
9.512   0.542693573375   0.535865925983
9.608   0.542693573375   0.535865925983
9.704   0.542693573375   0.535865925983
