0.2   0.565723542115   0.433210617965
0.296   0.562769082175   0.476845879537
0.392   0.560384436025   0.504245250978
0.488   0.558561975385   0.521226283599
0.584   0.557268432234   0.531157135954
0.68   0.55643235175   0.536629073144
0.776   0.555944686427   0.539536000622
0.872   0.555685873791   0.541053781849
0.968   0.555557991051   0.541841143683
1.064   0.555497219373   0.542249354363
1.16   0.555469174101   0.542461556255
1.256   0.555456390315   0.542572140932
1.352   0.555450599111   0.542629927309
1.448   0.55544798359   0.542660183051
1.544   0.555446804058   0.54267604536
1.64   0.555446272495   0.54268436871
1.736   0.555446033023   0.542688738534
1.832   0.555445925156   0.542691033482
1.928   0.555445876573   0.542692238983
2.024   0.555445854692   0.542692872289
2.12   0.555445844838   0.542693205016
2.216   0.555445840399   0.542693379832
2.312   0.5554458384   0.542693471682
2.408   0.5554458375   0.542693519943
2.504   0.555445837095   0.5426935453
2.6   0.555445836912   0.542693558623
2.696   0.55544583683   0.542693565624
2.792   0.555445836793   0.542693569302
2.888   0.555445836776   0.542693571235
2.984   0.555445836769   0.54269357225
3.08   0.555445836765   0.542693572784
3.176   0.555445836764   0.542693573064
3.272   0.555445836763   0.542693573212
3.368   0.555445836763   0.542693573289
3.464   0.555445836763   0.54269357333
3.56   0.555445836763   0.542693573351
3.656   0.555445836763   0.542693573362
3.752   0.555445836763   0.542693573368
3.848   0.555445836763   0.542693573371
3.944   0.555445836763   0.542693573373
4.04   0.555445836763   0.542693573374
4.136   0.555445836763   0.542693573374
4.232   0.555445836763   0.542693573374
4.328   0.555445836763   0.542693573375
4.424   0.555445836763   0.542693573375
4.52   0.555445836763   0.542693573375
4.616   0.555445836763   0.542693573375
4.712   0.555445836763   0.542693573375
4.808   0.555445836763   0.542693573375
4.904   0.555445836763   0.542693573375
5.0   0.555445836763   0.542693573375
5.096   0.555445836763   0.542693573375
5.192   0.555445836763   0.542693573375
5.288   0.555445836763   0.542693573375
5.384   0.555445836763   0.542693573375
5.48   0.555445836763   0.542693573375
5.576   0.555445836763   0.542693573375
5.672   0.555445836763   0.542693573375
5.768   0.555445836763   0.542693573375
5.864   0.555445836763   0.542693573375
5.96   0.555445836763   0.542693573375
6.056   0.555445836763   0.542693573375
6.152   0.555445836763   0.542693573375
6.248   0.555445836763   0.542693573375
6.344   0.555445836763   0.542693573375
6.44   0.555445836763   0.542693573375
6.536   0.555445836763   0.542693573375
6.632   0.555445836763   0.542693573375
6.728   0.555445836763   0.542693573375
6.824   0.555445836763   0.542693573375
6.92   0.555445836763   0.542693573375
7.016   0.555445836763   0.542693573375
7.112   0.555445836763   0.542693573375
7.208   0.555445836763   0.542693573375
7.304   0.555445836763   0.542693573375
7.4   0.555445836763   0.542693573375
7.496   0.555445836763   0.542693573375
7.592   0.555445836763   0.542693573375
7.688   0.555445836763   0.542693573375
7.784   0.555445836763   0.542693573375
7.88   0.555445836763   0.542693573375
7.976   0.555445836763   0.542693573375
8.072   0.555445836763   0.542693573375
8.168   0.555445836763   0.542693573375
8.264   0.555445836763   0.542693573375
8.36   0.555445836763   0.542693573375
8.456   0.555445836763   0.542693573375
8.552   0.555445836763   0.542693573375
8.648   0.555445836763   0.542693573375
8.744   0.555445836763   0.542693573375
8.84   0.555445836763   0.542693573375
8.936   0.555445836763   0.542693573375
9.032   0.555445836763   0.542693573375
9.128   0.555445836763   0.542693573375
9.224   0.555445836763   0.542693573375
9.32   0.555445836763   0.542693573375
9.416   0.555445836763   0.542693573375
9.512   0.555445836763   0.542693573375
9.608   0.555445836763   0.542693573375
9.704   0.555445836763   0.542693573375
