0.2   0.561777566214   0.384745682522
0.296   0.557103287331   0.428678914533
0.392   0.553170078756   0.458317304994
0.488   0.549985181513   0.478681716042
0.584   0.547527288256   0.492527477942
0.68   0.545737985882   0.501695233097
0.776   0.544518999398   0.507576747718
0.872   0.543742663379   0.511242170681
0.968   0.543277235198   0.513475889393
1.064   0.543011292276   0.514816887015
1.16   0.542863887341   0.515615085989
1.256   0.542784094499   0.516088218913
1.352   0.542741444989   0.516368285078
1.448   0.542718817709   0.516534001631
1.544   0.54270686414   0.516632091973
1.64   0.542700564477   0.516690181186
1.736   0.542697248948   0.51672459722
1.832   0.542695505277   0.516744995159
1.928   0.54269458864   0.516757088133
2.024   0.542694106879   0.516764258934
2.12   0.542693853709   0.516768511624
2.216   0.542693720675   0.516771033953
2.312   0.542693650772   0.516772530078
2.408   0.542693614042   0.516773417547
2.504   0.542693594743   0.516773943989
2.6   0.542693584602   0.516774256277
2.696   0.542693579274   0.516774441531
2.792   0.542693576474   0.516774551426
2.888   0.542693575003   0.516774616619
2.984   0.54269357423   0.516774655292
3.08   0.542693573824   0.516774678234
3.176   0.542693573611   0.516774691844
3.272   0.542693573499   0.516774699918
3.368   0.54269357344   0.516774704707
3.464   0.542693573409   0.516774707548
3.56   0.542693573393   0.516774709234
3.656   0.542693573384   0.516774710234
3.752   0.54269357338   0.516774710827
3.848   0.542693573377   0.516774711179
3.944   0.542693573376   0.516774711387
4.04   0.542693573375   0.516774711511
4.136   0.542693573375   0.516774711585
4.232   0.542693573375   0.516774711628
4.328   0.542693573375   0.516774711654
4.424   0.542693573375   0.516774711669
4.52   0.542693573375   0.516774711678
4.616   0.542693573375   0.516774711684
4.712   0.542693573375   0.516774711687
4.808   0.542693573375   0.516774711689
4.904   0.542693573375   0.51677471169
5.0   0.542693573375   0.516774711691
5.096   0.542693573375   0.516774711691
5.192   0.542693573375   0.516774711691
5.288   0.542693573375   0.516774711692
5.384   0.542693573375   0.516774711692
5.48   0.542693573375   0.516774711692
5.576   0.542693573375   0.516774711692
5.672   0.542693573375   0.516774711692
5.768   0.542693573375   0.516774711692
5.864   0.542693573375   0.516774711692
5.96   0.542693573375   0.516774711692
6.056   0.542693573375   0.516774711692
6.152   0.542693573375   0.516774711692
6.248   0.542693573375   0.516774711692
6.344   0.542693573375   0.516774711692
6.44   0.542693573375   0.516774711692
6.536   0.542693573375   0.516774711692
6.632   0.542693573375   0.516774711692
6.728   0.542693573375   0.516774711692
6.824   0.542693573375   0.516774711692
6.92   0.542693573375   0.516774711692
7.016   0.542693573375   0.516774711692
7.112   0.542693573375   0.516774711692
7.208   0.542693573375   0.516774711692
7.304   0.542693573375   0.516774711692
7.4   0.542693573375   0.516774711692
7.496   0.542693573375   0.516774711692
7.592   0.542693573375   0.516774711692
7.688   0.542693573375   0.516774711692
7.784   0.542693573375   0.516774711692
7.88   0.542693573375   0.516774711692
7.976   0.542693573375   0.516774711692
8.072   0.542693573375   0.516774711692
8.168   0.542693573375   0.516774711692
8.264   0.542693573375   0.516774711692
8.36   0.542693573375   0.516774711692
8.456   0.542693573375   0.516774711692
8.552   0.542693573375   0.516774711692
8.648   0.542693573375   0.516774711692
8.744   0.542693573375   0.516774711692
8.84   0.542693573375   0.516774711692
8.936   0.542693573375   0.516774711692
9.032   0.542693573375   0.516774711692
9.128   0.542693573375   0.516774711692
9.224   0.542693573375   0.516774711692
9.32   0.542693573375   0.516774711692
9.416   0.542693573375   0.516774711692
9.512   0.542693573375   0.516774711692
9.608   0.542693573375   0.516774711692
9.704   0.542693573375   0.516774711692
