0.2   0.566591467969   0.455167603869
0.296   0.564177014811   0.491066315398
0.392   0.562406372399   0.513709285586
0.488   0.561236204904   0.527311436314
0.584   0.56055555333   0.534820934739
0.68   0.560207030701   0.538705203738
0.776   0.560046157771   0.540664221055
0.872   0.559976033383   0.541652313822
0.968   0.559946726335   0.542155160898
1.064   0.559934675033   0.54241359215
1.16   0.559929756996   0.542547404509
1.256   0.559927756912   0.542617070378
1.352   0.559926944761   0.542653469663
1.448   0.559926615203   0.542672530465
1.544   0.559926481513   0.542682525592
1.64   0.559926427286   0.542687771201
1.736   0.559926405293   0.542690525539
1.832   0.559926396372   0.542691972189
1.928   0.559926392755   0.542692732135
2.024   0.559926391287   0.542693131383
2.12   0.559926390692   0.542693341145
2.216   0.559926390451   0.542693451356
2.312   0.559926390353   0.542693509263
2.408   0.559926390313   0.542693539689
2.504   0.559926390297   0.542693555675
2.6   0.559926390291   0.542693564075
2.696   0.559926390288   0.542693568488
2.792   0.559926390287   0.542693570807
2.888   0.559926390286   0.542693572026
2.984   0.559926390286   0.542693572666
3.08   0.559926390286   0.542693573002
3.176   0.559926390286   0.542693573179
3.272   0.559926390286   0.542693573272
3.368   0.559926390286   0.542693573321
3.464   0.559926390286   0.542693573346
3.56   0.559926390286   0.54269357336
3.656   0.559926390286   0.542693573367
3.752   0.559926390286   0.542693573371
3.848   0.559926390286   0.542693573372
3.944   0.559926390286   0.542693573374
4.04   0.559926390286   0.542693573374
4.136   0.559926390286   0.542693573374
4.232   0.559926390286   0.542693573374
4.328   0.559926390286   0.542693573375
4.424   0.559926390286   0.542693573375
4.52   0.559926390286   0.542693573375
4.616   0.559926390286   0.542693573375
4.712   0.559926390286   0.542693573375
4.808   0.559926390286   0.542693573375
4.904   0.559926390286   0.542693573375
5.0   0.559926390286   0.542693573375
5.096   0.559926390286   0.542693573375
5.192   0.559926390286   0.542693573375
5.288   0.559926390286   0.542693573375
5.384   0.559926390286   0.542693573375
5.48   0.559926390286   0.542693573375
5.576   0.559926390286   0.542693573375
5.672   0.559926390286   0.542693573375
5.768   0.559926390286   0.542693573375
5.864   0.559926390286   0.542693573375
5.96   0.559926390286   0.542693573375
6.056   0.559926390286   0.542693573375
6.152   0.559926390286   0.542693573375
6.248   0.559926390286   0.542693573375
6.344   0.559926390286   0.542693573375
6.44   0.559926390286   0.542693573375
6.536   0.559926390286   0.542693573375
6.632   0.559926390286   0.542693573375
6.728   0.559926390286   0.542693573375
6.824   0.559926390286   0.542693573375
6.92   0.559926390286   0.542693573375
7.016   0.559926390286   0.542693573375
7.112   0.559926390286   0.542693573375
7.208   0.559926390286   0.542693573375
7.304   0.559926390286   0.542693573375
7.4   0.559926390286   0.542693573375
7.496   0.559926390286   0.542693573375
7.592   0.559926390286   0.542693573375
7.688   0.559926390286   0.542693573375
7.784   0.559926390286   0.542693573375
7.88   0.559926390286   0.542693573375
7.976   0.559926390286   0.542693573375
8.072   0.559926390286   0.542693573375
8.168   0.559926390286   0.542693573375
8.264   0.559926390286   0.542693573375
8.36   0.559926390286   0.542693573375
8.456   0.559926390286   0.542693573375
8.552   0.559926390286   0.542693573375
8.648   0.559926390286   0.542693573375
8.744   0.559926390286   0.542693573375
8.84   0.559926390286   0.542693573375
8.936   0.559926390286   0.542693573375
9.032   0.559926390286   0.542693573375
9.128   0.559926390286   0.542693573375
9.224   0.559926390286   0.542693573375
9.32   0.559926390286   0.542693573375
9.416   0.559926390286   0.542693573375
9.512   0.559926390286   0.542693573375
9.608   0.559926390286   0.542693573375
9.704   0.559926390286   0.542693573375
