0.2   0.5636092196   0.430575034803
0.296   0.559640571729   0.467263826692
0.392   0.556230639194   0.492250895192
0.488   0.55335177263   0.509295976063
0.584   0.550962502549   0.52065963924
0.68   0.549012321734   0.528037879094
0.776   0.547445839267   0.532767667277
0.872   0.546206898464   0.53581143832
0.968   0.545241797614   0.537796814819
1.064   0.544501591972   0.539111860709
1.16   0.543943450882   0.539993442545
1.256   0.543531121222   0.540587436126
1.352   0.543234754832   0.540986105008
1.448   0.543028965196   0.541249000496
1.544   0.542892740054   0.541417105671
1.64   0.54280732715   0.541520163613
1.736   0.542757723177   0.54158057244
1.832   0.542728349669   0.541614866451
1.928   0.542712156533   0.541633888045
2.024   0.542703427211   0.541644264037
2.12   0.54269877636   0.541649858838
2.216   0.54269631435   0.54165285296
2.312   0.542695015572   0.541654447976
2.408   0.542694331709   0.541655295426
2.504   0.542693971982   0.541655745026
2.6   0.542693782859   0.541655983363
2.696   0.542693683456   0.541656109654
2.792   0.542693631218   0.541656176559
2.888   0.542693603768   0.541656211998
2.984   0.542693589345   0.541656230769
3.08   0.542693581766   0.541656240711
3.176   0.542693577784   0.541656245977
3.272   0.542693575691   0.541656248766
3.368   0.542693574592   0.541656250243
3.464   0.542693574014   0.541656251026
3.56   0.542693573711   0.54165625144
3.656   0.542693573551   0.541656251659
3.752   0.542693573467   0.541656251776
3.848   0.542693573423   0.541656251837
3.944   0.5426935734   0.54165625187
4.04   0.542693573388   0.541656251887
4.136   0.542693573382   0.541656251896
4.232   0.542693573378   0.541656251901
4.328   0.542693573377   0.541656251904
4.424   0.542693573376   0.541656251905
4.52   0.542693573375   0.541656251906
4.616   0.542693573375   0.541656251906
4.712   0.542693573375   0.541656251906
4.808   0.542693573375   0.541656251906
4.904   0.542693573375   0.541656251906
5.0   0.542693573375   0.541656251906
5.096   0.542693573375   0.541656251906
5.192   0.542693573375   0.541656251906
5.288   0.542693573375   0.541656251906
5.384   0.542693573375   0.541656251906
5.48   0.542693573375   0.541656251906
5.576   0.542693573375   0.541656251906
5.672   0.542693573375   0.541656251906
5.768   0.542693573375   0.541656251906
5.864   0.542693573375   0.541656251906
5.96   0.542693573375   0.541656251906
6.056   0.542693573375   0.541656251906
6.152   0.542693573375   0.541656251906
6.248   0.542693573375   0.541656251906
6.344   0.542693573375   0.541656251906
6.44   0.542693573375   0.541656251906
6.536   0.542693573375   0.541656251906
6.632   0.542693573375   0.541656251906
6.728   0.542693573375   0.541656251906
6.824   0.542693573375   0.541656251906
6.92   0.542693573375   0.541656251906
7.016   0.542693573375   0.541656251906
7.112   0.542693573375   0.541656251906
7.208   0.542693573375   0.541656251906
7.304   0.542693573375   0.541656251906
7.4   0.542693573375   0.541656251906
7.496   0.542693573375   0.541656251906
7.592   0.542693573375   0.541656251906
7.688   0.542693573375   0.541656251906
7.784   0.542693573375   0.541656251906
7.88   0.542693573375   0.541656251906
7.976   0.542693573375   0.541656251906
8.072   0.542693573375   0.541656251906
8.168   0.542693573375   0.541656251906
8.264   0.542693573375   0.541656251906
8.36   0.542693573375   0.541656251906
8.456   0.542693573375   0.541656251906
8.552   0.542693573375   0.541656251906
8.648   0.542693573375   0.541656251906
8.744   0.542693573375   0.541656251906
8.84   0.542693573375   0.541656251906
8.936   0.542693573375   0.541656251906
9.032   0.542693573375   0.541656251906
9.128   0.542693573375   0.541656251906
9.224   0.542693573375   0.541656251906
9.32   0.542693573375   0.541656251906
9.416   0.542693573375   0.541656251906
9.512   0.542693573375   0.541656251906
9.608   0.542693573375   0.541656251906
9.704   0.542693573375   0.541656251906
