0.2   0.562634177304   0.391697703883
0.296   0.558229986672   0.438583304652
0.392   0.554447780669   0.469552064586
0.488   0.551286693398   0.490497704161
0.584   0.548730028254   0.504541117183
0.68   0.546745410497   0.513730715225
0.776   0.545281913094   0.51958282704
0.872   0.544266867063   0.523217400575
0.968   0.543607909315   0.52542294459
1.064   0.543206293627   0.526733458046
1.16   0.542974189152   0.52749892357
1.256   0.542844405018   0.527940712925
1.352   0.542773857481   0.528194050413
1.448   0.542736064027   0.528338750742
1.544   0.542715989068   0.528421154893
1.64   0.542705377288   0.528468135406
1.736   0.542699783007   0.528494897552
1.832   0.542696838256   0.528510142739
1.928   0.542695289458   0.528518827938
2.024   0.542694475233   0.528523776337
2.12   0.542694047288   0.528526595899
2.216   0.542693822397   0.528528202554
2.312   0.542693704223   0.528529118101
2.408   0.542693642127   0.528529639838
2.504   0.5426936095   0.528529937161
2.6   0.542693592356   0.528530106599
2.696   0.542693583348   0.528530203159
2.792   0.542693578615   0.528530258188
2.888   0.542693576128   0.528530289548
2.984   0.542693574821   0.528530307419
3.08   0.542693574135   0.528530317604
3.176   0.542693573774   0.528530323409
3.272   0.542693573585   0.528530326716
3.368   0.542693573485   0.528530328601
3.464   0.542693573433   0.528530329676
3.56   0.542693573405   0.528530330288
3.656   0.542693573391   0.528530330637
3.752   0.542693573383   0.528530330836
3.848   0.542693573379   0.528530330949
3.944   0.542693573377   0.528530331014
4.04   0.542693573376   0.52853033105
4.136   0.542693573375   0.528530331071
4.232   0.542693573375   0.528530331083
4.328   0.542693573375   0.52853033109
4.424   0.542693573375   0.528530331094
4.52   0.542693573375   0.528530331096
4.616   0.542693573375   0.528530331097
4.712   0.542693573375   0.528530331098
4.808   0.542693573375   0.528530331099
4.904   0.542693573375   0.528530331099
5.0   0.542693573375   0.528530331099
5.096   0.542693573375   0.528530331099
5.192   0.542693573375   0.528530331099
5.288   0.542693573375   0.528530331099
5.384   0.542693573375   0.528530331099
5.48   0.542693573375   0.528530331099
5.576   0.542693573375   0.528530331099
5.672   0.542693573375   0.528530331099
5.768   0.542693573375   0.528530331099
5.864   0.542693573375   0.528530331099
5.96   0.542693573375   0.528530331099
6.056   0.542693573375   0.528530331099
6.152   0.542693573375   0.528530331099
6.248   0.542693573375   0.528530331099
6.344   0.542693573375   0.528530331099
6.44   0.542693573375   0.528530331099
6.536   0.542693573375   0.528530331099
6.632   0.542693573375   0.528530331099
6.728   0.542693573375   0.528530331099
6.824   0.542693573375   0.528530331099
6.92   0.542693573375   0.528530331099
7.016   0.542693573375   0.528530331099
7.112   0.542693573375   0.528530331099
7.208   0.542693573375   0.528530331099
7.304   0.542693573375   0.528530331099
7.4   0.542693573375   0.528530331099
7.496   0.542693573375   0.528530331099
7.592   0.542693573375   0.528530331099
7.688   0.542693573375   0.528530331099
7.784   0.542693573375   0.528530331099
7.88   0.542693573375   0.528530331099
7.976   0.542693573375   0.528530331099
8.072   0.542693573375   0.528530331099
8.168   0.542693573375   0.528530331099
8.264   0.542693573375   0.528530331099
8.36   0.542693573375   0.528530331099
8.456   0.542693573375   0.528530331099
8.552   0.542693573375   0.528530331099
8.648   0.542693573375   0.528530331099
8.744   0.542693573375   0.528530331099
8.84   0.542693573375   0.528530331099
8.936   0.542693573375   0.528530331099
9.032   0.542693573375   0.528530331099
9.128   0.542693573375   0.528530331099
9.224   0.542693573375   0.528530331099
9.32   0.542693573375   0.528530331099
9.416   0.542693573375   0.528530331099
9.512   0.542693573375   0.528530331099
9.608   0.542693573375   0.528530331099
9.704   0.542693573375   0.528530331099
