0.2   0.5629125219   0.409365934006
0.296   0.558631620067   0.451000539739
0.392   0.554948379035   0.479028626367
0.488   0.551850301376   0.498158983516
0.584   0.549311021585   0.511031681629
0.68   0.547293735847   0.519475738072
0.776   0.545752561508   0.524884998934
0.872   0.544631705816   0.528284562427
0.968   0.543863460547   0.530380631169
1.064   0.543369644104   0.531644403364
1.16   0.543071076363   0.532388619828
1.256   0.542899634706   0.532817786484
1.352   0.542804109605   0.533061971107
1.448   0.542752334817   0.533199407455
1.544   0.542724649263   0.533276389596
1.64   0.54270995986   0.533319397203
1.736   0.542702200092   0.533343392221
1.832   0.54269811091   0.533356771018
1.928   0.542695958901   0.533364228399
2.024   0.542694827192   0.533368384662
2.12   0.542694232279   0.533370700996
2.216   0.542693919614   0.533371991903
2.312   0.542693755308   0.533372711334
2.408   0.542693668971   0.533373112281
2.504   0.542693623604   0.533373335735
2.6   0.542693599767   0.533373460269
2.696   0.542693587242   0.533373529674
2.792   0.542693580661   0.533373568355
2.888   0.542693577203   0.533373589913
2.984   0.542693575386   0.533373601927
3.08   0.542693574432   0.533373608623
3.176   0.54269357393   0.533373612355
3.272   0.542693573666   0.533373614435
3.368   0.542693573528   0.533373615594
3.464   0.542693573455   0.53337361624
3.56   0.542693573417   0.5333736166
3.656   0.542693573397   0.5333736168
3.752   0.542693573386   0.533373616912
3.848   0.542693573381   0.533373616975
3.944   0.542693573378   0.533373617009
4.04   0.542693573376   0.533373617029
4.136   0.542693573376   0.53337361704
4.232   0.542693573375   0.533373617046
4.328   0.542693573375   0.533373617049
4.424   0.542693573375   0.533373617051
4.52   0.542693573375   0.533373617052
4.616   0.542693573375   0.533373617052
4.712   0.542693573375   0.533373617053
4.808   0.542693573375   0.533373617053
4.904   0.542693573375   0.533373617053
5.0   0.542693573375   0.533373617053
5.096   0.542693573375   0.533373617053
5.192   0.542693573375   0.533373617053
5.288   0.542693573375   0.533373617053
5.384   0.542693573375   0.533373617053
5.48   0.542693573375   0.533373617053
5.576   0.542693573375   0.533373617053
5.672   0.542693573375   0.533373617053
5.768   0.542693573375   0.533373617053
5.864   0.542693573375   0.533373617053
5.96   0.542693573375   0.533373617053
6.056   0.542693573375   0.533373617053
6.152   0.542693573375   0.533373617053
6.248   0.542693573375   0.533373617053
6.344   0.542693573375   0.533373617053
6.44   0.542693573375   0.533373617053
6.536   0.542693573375   0.533373617053
6.632   0.542693573375   0.533373617053
6.728   0.542693573375   0.533373617053
6.824   0.542693573375   0.533373617053
6.92   0.542693573375   0.533373617053
7.016   0.542693573375   0.533373617053
7.112   0.542693573375   0.533373617053
7.208   0.542693573375   0.533373617053
7.304   0.542693573375   0.533373617053
7.4   0.542693573375   0.533373617053
7.496   0.542693573375   0.533373617053
7.592   0.542693573375   0.533373617053
7.688   0.542693573375   0.533373617053
7.784   0.542693573375   0.533373617053
7.88   0.542693573375   0.533373617053
7.976   0.542693573375   0.533373617053
8.072   0.542693573375   0.533373617053
8.168   0.542693573375   0.533373617053
8.264   0.542693573375   0.533373617053
8.36   0.542693573375   0.533373617053
8.456   0.542693573375   0.533373617053
8.552   0.542693573375   0.533373617053
8.648   0.542693573375   0.533373617053
8.744   0.542693573375   0.533373617053
8.84   0.542693573375   0.533373617053
8.936   0.542693573375   0.533373617053
9.032   0.542693573375   0.533373617053
9.128   0.542693573375   0.533373617053
9.224   0.542693573375   0.533373617053
9.32   0.542693573375   0.533373617053
9.416   0.542693573375   0.533373617053
9.512   0.542693573375   0.533373617053
9.608   0.542693573375   0.533373617053
9.704   0.542693573375   0.533373617053
