0.2   0.562310913438   0.398625037794
0.296   0.557810577889   0.440937790002
0.392   0.553974837174   0.469542064598
0.488   0.550803133866   0.489184345715
0.584   0.54827668521   0.502504501342
0.68   0.54635643114   0.511295991672
0.776   0.544978317364   0.516922814942
0.872   0.544051812755   0.520421817303
0.968   0.543468710438   0.522543575377
1.064   0.543122556887   0.523804448067
1.16   0.542926264096   0.524543039893
1.256   0.5428180125   0.524971858943
1.352   0.542759614685   0.525219745039
1.448   0.542728467951   0.525362728314
1.544   0.542711964856   0.525445035731
1.64   0.542703253284   0.525492484977
1.736   0.542698664241   0.525519824802
1.832   0.542696249635   0.525535580403
1.928   0.542694979954   0.525544661627
2.024   0.542694312546   0.525549896555
2.12   0.54269396179   0.525552914559
2.216   0.542693777469   0.525554654598
2.312   0.542693680614   0.52555565787
2.408   0.542693629722   0.525556236355
2.504   0.542693602982   0.525556569916
2.6   0.542693588931   0.525556762253
2.696   0.542693581549   0.525556873159
2.792   0.542693577669   0.525556937111
2.888   0.542693575631   0.525556973987
2.984   0.54269357456   0.525556995251
3.08   0.542693573998   0.525557007512
3.176   0.542693573702   0.525557014582
3.272   0.542693573547   0.525557018659
3.368   0.542693573465   0.52555702101
3.464   0.542693573422   0.525557022366
3.56   0.5426935734   0.525557023148
3.656   0.542693573388   0.525557023598
3.752   0.542693573382   0.525557023858
3.848   0.542693573378   0.525557024008
3.944   0.542693573377   0.525557024095
4.04   0.542693573376   0.525557024144
4.136   0.542693573375   0.525557024173
4.232   0.542693573375   0.52555702419
4.328   0.542693573375   0.525557024199
4.424   0.542693573375   0.525557024205
4.52   0.542693573375   0.525557024208
4.616   0.542693573375   0.52555702421
4.712   0.542693573375   0.525557024211
4.808   0.542693573375   0.525557024211
4.904   0.542693573375   0.525557024212
5.0   0.542693573375   0.525557024212
5.096   0.542693573375   0.525557024212
5.192   0.542693573375   0.525557024212
5.288   0.542693573375   0.525557024212
5.384   0.542693573375   0.525557024212
5.48   0.542693573375   0.525557024212
5.576   0.542693573375   0.525557024212
5.672   0.542693573375   0.525557024212
5.768   0.542693573375   0.525557024212
5.864   0.542693573375   0.525557024212
5.96   0.542693573375   0.525557024212
6.056   0.542693573375   0.525557024212
6.152   0.542693573375   0.525557024212
6.248   0.542693573375   0.525557024212
6.344   0.542693573375   0.525557024212
6.44   0.542693573375   0.525557024212
6.536   0.542693573375   0.525557024212
6.632   0.542693573375   0.525557024212
6.728   0.542693573375   0.525557024212
6.824   0.542693573375   0.525557024212
6.92   0.542693573375   0.525557024212
7.016   0.542693573375   0.525557024212
7.112   0.542693573375   0.525557024212
7.208   0.542693573375   0.525557024212
7.304   0.542693573375   0.525557024212
7.4   0.542693573375   0.525557024212
7.496   0.542693573375   0.525557024212
7.592   0.542693573375   0.525557024212
7.688   0.542693573375   0.525557024212
7.784   0.542693573375   0.525557024212
7.88   0.542693573375   0.525557024212
7.976   0.542693573375   0.525557024212
8.072   0.542693573375   0.525557024212
8.168   0.542693573375   0.525557024212
8.264   0.542693573375   0.525557024212
8.36   0.542693573375   0.525557024212
8.456   0.542693573375   0.525557024212
8.552   0.542693573375   0.525557024212
8.648   0.542693573375   0.525557024212
8.744   0.542693573375   0.525557024212
8.84   0.542693573375   0.525557024212
8.936   0.542693573375   0.525557024212
9.032   0.542693573375   0.525557024212
9.128   0.542693573375   0.525557024212
9.224   0.542693573375   0.525557024212
9.32   0.542693573375   0.525557024212
9.416   0.542693573375   0.525557024212
9.512   0.542693573375   0.525557024212
9.608   0.542693573375   0.525557024212
9.704   0.542693573375   0.525557024212
