0.2   0.561851494849   0.380667256292
0.296   0.557193418157   0.426572942394
0.392   0.553264490043   0.457266805199
0.488   0.550073679567   0.478243746814
0.584   0.547602317098   0.492456008405
0.68   0.545795585351   0.501843350823
0.776   0.544559148893   0.507854983803
0.872   0.543768325988   0.511596375845
0.968   0.54329254497   0.513873595296
1.064   0.543020003609   0.515239074646
1.16   0.542868674525   0.516050815109
1.256   0.542786675435   0.516531339862
1.352   0.542742820923   0.516815404843
1.448   0.542719546538   0.516983262827
1.544   0.542707248805   0.517082489366
1.64   0.54270076709   0.517141174603
1.736   0.54269735555   0.517175898722
1.832   0.54269556133   0.517196452789
1.928   0.542694618104   0.517208622731
2.024   0.542694122364   0.517215829971
2.12   0.542693861846   0.517220098833
2.216   0.542693724951   0.517222627539
2.312   0.542693653019   0.517224125543
2.408   0.542693615222   0.517225013
2.504   0.542693595363   0.517225538767
2.6   0.542693584928   0.51722585026
2.696   0.542693579445   0.517226034807
2.792   0.542693576564   0.517226144145
2.888   0.542693575051   0.517226208924
2.984   0.542693574255   0.517226247304
3.08   0.542693573837   0.517226270043
3.176   0.542693573618   0.517226283515
3.272   0.542693573502   0.517226291497
3.368   0.542693573442   0.517226296226
3.464   0.54269357341   0.517226299028
3.56   0.542693573393   0.517226300688
3.656   0.542693573384   0.517226301672
3.752   0.54269357338   0.517226302254
3.848   0.542693573377   0.5172263026
3.944   0.542693573376   0.517226302804
4.04   0.542693573375   0.517226302925
4.136   0.542693573375   0.517226302997
4.232   0.542693573375   0.51722630304
4.328   0.542693573375   0.517226303065
4.424   0.542693573375   0.51722630308
4.52   0.542693573375   0.517226303089
4.616   0.542693573375   0.517226303094
4.712   0.542693573375   0.517226303097
4.808   0.542693573375   0.517226303099
4.904   0.542693573375   0.5172263031
5.0   0.542693573375   0.517226303101
5.096   0.542693573375   0.517226303101
5.192   0.542693573375   0.517226303101
5.288   0.542693573375   0.517226303101
5.384   0.542693573375   0.517226303101
5.48   0.542693573375   0.517226303101
5.576   0.542693573375   0.517226303101
5.672   0.542693573375   0.517226303101
5.768   0.542693573375   0.517226303101
5.864   0.542693573375   0.517226303101
5.96   0.542693573375   0.517226303101
6.056   0.542693573375   0.517226303101
6.152   0.542693573375   0.517226303101
6.248   0.542693573375   0.517226303101
6.344   0.542693573375   0.517226303101
6.44   0.542693573375   0.517226303101
6.536   0.542693573375   0.517226303101
6.632   0.542693573375   0.517226303101
6.728   0.542693573375   0.517226303101
6.824   0.542693573375   0.517226303101
6.92   0.542693573375   0.517226303101
7.016   0.542693573375   0.517226303101
7.112   0.542693573375   0.517226303101
7.208   0.542693573375   0.517226303101
7.304   0.542693573375   0.517226303101
7.4   0.542693573375   0.517226303101
7.496   0.542693573375   0.517226303101
7.592   0.542693573375   0.517226303101
7.688   0.542693573375   0.517226303101
7.784   0.542693573375   0.517226303101
7.88   0.542693573375   0.517226303101
7.976   0.542693573375   0.517226303101
8.072   0.542693573375   0.517226303101
8.168   0.542693573375   0.517226303101
8.264   0.542693573375   0.517226303101
8.36   0.542693573375   0.517226303101
8.456   0.542693573375   0.517226303101
8.552   0.542693573375   0.517226303101
8.648   0.542693573375   0.517226303101
8.744   0.542693573375   0.517226303101
8.84   0.542693573375   0.517226303101
8.936   0.542693573375   0.517226303101
9.032   0.542693573375   0.517226303101
9.128   0.542693573375   0.517226303101
9.224   0.542693573375   0.517226303101
9.32   0.542693573375   0.517226303101
9.416   0.542693573375   0.517226303101
9.512   0.542693573375   0.517226303101
9.608   0.542693573375   0.517226303101
9.704   0.542693573375   0.517226303101
