0.2   0.563474757881   0.403912048036
0.296   0.559398240773   0.450694792761
0.392   0.555868510486   0.481236889543
0.488   0.55286974158   0.501606034571
0.584   0.550371672305   0.515025581401
0.68   0.548334022203   0.523668925561
0.776   0.546710459865   0.529155350312
0.872   0.545452326966   0.532628682416
0.968   0.544510761268   0.534830467411
1.064   0.543836912748   0.536219838028
1.16   0.543380085499   0.537082553652
1.256   0.543088795751   0.537604232953
1.352   0.542913638333   0.537909840534
1.448   0.542813627125   0.538084359369
1.544   0.542757872737   0.538181726399
1.64   0.542727719356   0.538235390524
1.736   0.542711619535   0.538264749154
1.832   0.542703085404   0.538280741893
1.928   0.542698579822   0.538289432991
2.024   0.542696206331   0.538294150027
2.12   0.542694957492   0.538296708436
2.216   0.542694300824   0.53829809557
2.312   0.542693955653   0.538298847518
2.408   0.54269377425   0.538299255103
2.504   0.542693678925   0.538299476019
2.6   0.542693628835   0.538299595755
2.696   0.542693602516   0.538299660651
2.792   0.542693588686   0.538299695825
2.888   0.54269358142   0.538299714888
2.984   0.542693577602   0.53829972522
3.08   0.542693575596   0.53829973082
3.176   0.542693574542   0.538299733855
3.272   0.542693573988   0.5382997355
3.368   0.542693573697   0.538299736392
3.464   0.542693573544   0.538299736875
3.56   0.542693573464   0.538299737137
3.656   0.542693573421   0.538299737279
3.752   0.542693573399   0.538299737356
3.848   0.542693573388   0.538299737397
3.944   0.542693573381   0.53829973742
4.04   0.542693573378   0.538299737432
4.136   0.542693573377   0.538299737439
4.232   0.542693573376   0.538299737442
4.328   0.542693573375   0.538299737444
4.424   0.542693573375   0.538299737445
4.52   0.542693573375   0.538299737446
4.616   0.542693573375   0.538299737446
4.712   0.542693573375   0.538299737446
4.808   0.542693573375   0.538299737447
4.904   0.542693573375   0.538299737447
5.0   0.542693573375   0.538299737447
5.096   0.542693573375   0.538299737447
5.192   0.542693573375   0.538299737447
5.288   0.542693573375   0.538299737447
5.384   0.542693573375   0.538299737447
5.48   0.542693573375   0.538299737447
5.576   0.542693573375   0.538299737447
5.672   0.542693573375   0.538299737447
5.768   0.542693573375   0.538299737447
5.864   0.542693573375   0.538299737447
5.96   0.542693573375   0.538299737447
6.056   0.542693573375   0.538299737447
6.152   0.542693573375   0.538299737447
6.248   0.542693573375   0.538299737447
6.344   0.542693573375   0.538299737447
6.44   0.542693573375   0.538299737447
6.536   0.542693573375   0.538299737447
6.632   0.542693573375   0.538299737447
6.728   0.542693573375   0.538299737447
6.824   0.542693573375   0.538299737447
6.92   0.542693573375   0.538299737447
7.016   0.542693573375   0.538299737447
7.112   0.542693573375   0.538299737447
7.208   0.542693573375   0.538299737447
7.304   0.542693573375   0.538299737447
7.4   0.542693573375   0.538299737447
7.496   0.542693573375   0.538299737447
7.592   0.542693573375   0.538299737447
7.688   0.542693573375   0.538299737447
7.784   0.542693573375   0.538299737447
7.88   0.542693573375   0.538299737447
7.976   0.542693573375   0.538299737447
8.072   0.542693573375   0.538299737447
8.168   0.542693573375   0.538299737447
8.264   0.542693573375   0.538299737447
8.36   0.542693573375   0.538299737447
8.456   0.542693573375   0.538299737447
8.552   0.542693573375   0.538299737447
8.648   0.542693573375   0.538299737447
8.744   0.542693573375   0.538299737447
8.84   0.542693573375   0.538299737447
8.936   0.542693573375   0.538299737447
9.032   0.542693573375   0.538299737447
9.128   0.542693573375   0.538299737447
9.224   0.542693573375   0.538299737447
9.32   0.542693573375   0.538299737447
9.416   0.542693573375   0.538299737447
9.512   0.542693573375   0.538299737447
9.608   0.542693573375   0.538299737447
9.704   0.542693573375   0.538299737447
